5000.000	87.288
5000.000	0.111
5000.000	0.001
5000.000	0.130
5000.000	0.057
5000.000	0.018
5000.000	0.091
5000.000	0.016
5000.000	0.004
5000.000	0.022
5000.000	0.003
5000.000	0.002
5000.000	0.008
5000.000	0.001
5000.000	0.002
5000.000	0.007
5000.000	0.004
5000.000	0.001
5000.000	0.004
5000.000	0.002
5000.000	0.005
5000.000	0.000
5000.000	0.005
5000.000	0.003
5000.000	0.000
5000.000	0.001
5000.000	0.003
5000.000	0.001
5000.000	0.000
5000.000	0.003
5000.000	0.005
5000.000	0.000
5000.000	0.000
5000.000	0.001
5000.000	0.002
5000.000	0.000
5000.000	0.003
5000.000	0.001
5000.000	0.004
5000.000	0.000
5000.000	0.001
5000.000	0.001
5000.000	0.001
5000.000	0.000
5000.000	0.000
5000.000	0.000
5000.000	0.000
5000.000	0.001
5000.000	0.000
5000.000	0.000
5000.000	0.003
5000.000	0.001
5000.000	0.000
5000.000	0.000
5000.000	0.000
5000.000	0.000
5000.000	0.002
5000.000	0.000
5000.000	0.000
5000.000	0.001
5000.000	0.000
5000.000	0.000
5000.000	0.001
5000.000	0.000
5000.000	0.000
5000.000	0.000
5000.000	0.001
5000.000	0.002
5000.000	0.002
5000.000	0.001
5000.000	0.000
5000.000	0.002
5000.000	0.000
5000.000	0.000
5000.000	0.000
5000.000	0.000
5000.000	0.000
5000.000	0.000
5000.000	0.002
5000.000	0.001
5000.000	0.000
5000.000	0.000
5000.000	0.000
5000.000	0.001
4971.905	0.000
4913.412	0.000
4856.279	0.000
4800.460	0.001
4745.909	0.000
4692.584	0.001
4640.444	0.000
4589.451	0.001
4539.565	0.000
4490.753	0.000
4442.979	0.000
4396.211	0.001
4350.417	0.001
4305.567	0.001
4261.633	0.000
4218.586	0.000
4176.400	0.000
4135.050	0.001
4094.510	0.000
4054.757	0.000
4015.769	0.000
3977.524	0.001
3940.000	0.000
3903.178	0.000
3867.037	0.000
3831.560	0.000
3796.727	0.000
3762.523	0.000
3728.929	0.000
3695.929	0.001
3663.509	0.001
3631.652	0.000
3600.345	0.001
3569.573	0.000
3539.322	0.000
3509.580	0.001
3480.333	0.000
3451.570	0.002
3423.279	0.000
3395.447	0.001
3368.065	0.000
3341.120	0.001
3314.603	0.000
3288.504	0.000
3262.813	0.000
3237.519	0.001
3212.615	0.002
3188.092	0.000
3163.939	0.000
3140.150	0.000
3116.716	0.000
3093.630	0.000
3070.882	0.001
3048.467	0.001
3026.377	0.001
3004.604	0.000
2983.143	0.002
2961.986	0.001
2941.127	0.000
2920.559	0.000
2900.278	0.000
2880.276	0.000
2860.548	0.000
2841.088	0.001
2821.892	0.000
2802.953	0.001
2784.267	0.001
2765.828	0.000
2747.632	0.000
2729.673	0.000
2711.948	0.001
2694.452	0.000
2677.179	0.000
2660.127	0.000
2643.291	0.001
2626.667	0.001
2610.250	0.000
2594.037	0.000
2578.025	0.000
2562.209	0.002
2546.585	0.000
2531.152	0.000
2515.904	0.000
2500.838	0.000
2485.952	0.000
2471.243	0.000
2456.706	0.000
2442.339	0.000
2428.140	0.001
2414.104	0.000
2400.230	0.001
2386.514	0.001
2372.955	0.000
2359.548	0.000
2346.292	0.000
2333.184	0.000
2320.222	0.000
2307.403	0.001
2294.725	0.001
2282.186	0.001
2269.783	0.000
2257.514	0.000
2245.376	0.000
2233.369	0.000
2221.489	0.000
2209.735	0.000
2198.105	0.000
2186.597	0.000
2175.208	0.000
2163.938	0.001
2152.784	0.000
2141.744	0.000
2130.816	0.000
2120.000	0.000
2109.293	0.001
2098.693	0.000
2088.200	0.001
2077.811	0.000
2067.525	0.001
2057.340	0.001
2047.255	0.000
2037.268	0.001
2027.379	0.000
2017.585	0.003
2007.885	0.000
1998.278	0.000
1988.762	0.000
1979.336	0.000
1970.000	0.000
1960.751	0.002
1951.589	0.000
1942.512	0.001
1933.519	0.001
1924.608	0.001
1915.780	0.000
1907.032	0.001
1898.364	0.000
1889.774	0.002
1881.261	0.000
1872.825	0.000
1864.464	0.001
1856.178	0.000
1847.965	0.000
1839.824	0.000
1831.754	0.001
1823.755	0.000
1815.826	0.000
1807.965	0.000
1800.172	0.000
1792.446	0.000
1784.786	0.000
1777.191	0.001
1769.661	0.000
1762.194	0.000
1754.790	0.000
1747.448	0.000
1740.167	0.000
1732.946	0.001
1725.785	0.000
1718.683	0.000
1711.639	0.000
1704.653	0.000
1697.724	0.002
1690.850	0.001
1684.032	0.000
1677.269	0.001
1670.560	0.000
1663.904	0.001
1657.302	0.000
1650.751	0.001
1644.252	0.000
1637.804	0.000
1631.406	0.000
1625.058	0.000
1618.760	0.000
1612.510	0.000
1606.308	0.000
1600.153	0.001
1594.046	0.000
1587.985	0.000
1581.970	0.001
1576.000	0.000
1570.075	0.000
1564.195	0.000
1558.358	0.000
1552.565	0.001
1546.815	0.001
1541.107	0.000
1535.441	0.000
1529.817	0.000
1524.234	0.000
1518.691	0.000
1513.188	0.000
1507.726	0.000
1502.302	0.000
1496.918	0.000
1491.571	0.000
1486.263	0.000
1480.993	0.000
1475.760	0.000
1470.563	0.000
1465.404	0.000
1460.280	0.000
1455.192	0.001
1450.139	0.000
1445.121	0.001
1440.138	0.000
1435.189	0.000
1430.274	0.001
1425.392	0.000
1420.544	0.000
1415.729	0.000
1410.946	0.000
1406.195	0.000
1401.477	0.000
1396.789	0.000
1392.133	0.001
1387.508	0.000
1382.914	0.000
1378.350	0.000
1373.816	0.000
1369.311	0.000
1364.837	0.000
1360.391	0.001
1355.974	0.000
1351.586	0.000
1347.226	0.000
1342.894	0.000
1338.590	0.000
1334.313	0.001
1330.064	0.000
1325.841	0.001
1321.646	0.001
1317.476	0.001
1313.333	0.000
1309.216	0.000
1305.125	0.000
1301.059	0.000
1297.019	0.001
1293.003	0.000
1289.012	0.000
1285.046	0.000
1281.104	0.000
1277.187	0.002
1273.293	0.000
1269.422	0.000
1265.576	0.001
1261.752	0.001
1257.952	0.000
1254.174	0.000
1250.419	0.000
1246.687	0.000
1242.976	0.000
1239.288	0.000
1235.621	0.001
1231.976	0.000
1228.353	0.000
1224.751	0.000
1221.170	0.001
1217.609	0.000
1214.070	0.000
1210.551	0.000
1207.052	0.000
1203.573	0.000
1200.115	0.000
1196.676	0.001
1193.257	0.000
1189.858	0.001
1186.477	0.003
1183.116	0.000
1179.774	0.001
1176.451	0.000
1173.146	0.000
1169.860	0.001
1166.592	0.002
1163.343	0.001
1160.111	0.000
1156.898	0.001
1153.702	0.001
1150.523	0.001
1147.363	0.001
1144.219	0.001
1141.093	0.010
1137.984	0.016
1134.891	0.048
1131.816	0.095
1128.757	0.168
1125.714	0.233
1122.688	0.257
1119.678	0.318
1116.684	0.361
1113.707	0.351
1110.745	0.464
1107.798	0.438
1104.868	0.513
1101.953	0.528
1099.053	0.539
1096.168	0.595
1093.298	0.651
1090.444	0.617
1087.604	0.659
1084.779	0.720
1081.969	0.714
1079.173	0.705
1076.392	0.712
1073.625	0.723
1070.872	0.692
1068.133	0.681
1065.408	0.698
1062.697	0.632
1060.000	0.600
1057.316	0.590
1054.646	0.557
1051.990	0.511
1049.347	0.473
1046.717	0.425
1044.100	0.372
1041.496	0.357
1038.905	0.277
1036.328	0.261
1033.762	0.236
1031.210	0.212
1028.670	0.207
1026.143	0.159
1023.627	0.139
1021.125	0.111
1018.634	0.092
1016.156	0.085
1013.689	0.059
1011.235	0.042
1008.792	0.049
1006.361	0.043
1003.942	0.041
1001.535	0.033
999.139	0.029
996.754	0.020
994.381	0.018
992.019	0.015
989.668	0.020
987.329	0.019
985.000	0.017
982.682	0.012
980.376	0.013
978.080	0.008
975.794	0.013
973.520	0.008
971.256	0.007
969.002	0.010
966.759	0.007
964.527	0.007
962.304	0.013
960.092	0.010
957.890	0.018
955.698	0.026
953.516	0.032
951.344	0.038
949.182	0.049
947.029	0.074
944.887	0.102
942.754	0.094
940.631	0.137
938.517	0.144
936.413	0.155
934.318	0.197
932.232	0.219
930.156	0.220
928.089	0.258
926.031	0.269
923.982	0.295
921.943	0.290
919.912	0.321
917.890	0.310
915.877	0.323
913.873	0.320
911.878	0.322
909.891	0.298
907.913	0.349
905.944	0.310
903.983	0.319
902.030	0.305
900.086	0.318
898.151	0.298
896.223	0.288
894.304	0.274
892.393	0.283
890.490	0.307
888.596	0.279
886.709	0.302
884.831	0.286
882.960	0.260
881.097	0.260
879.242	0.253
877.395	0.280
875.556	0.250
873.724	0.289
871.900	0.251
870.083	0.242
868.274	0.227
866.473	0.235
864.679	0.216
862.893	0.268
861.113	0.230
859.342	0.239
857.577	0.193
855.820	0.202
854.070	0.216
852.327	0.187
850.591	0.229
848.862	0.199
847.140	0.195
845.425	0.184
843.717	0.201
842.016	0.183
840.322	0.167
838.635	0.178
836.954	0.176
835.280	0.180
833.613	0.177
831.952	0.193
830.298	0.181
828.651	0.168
827.010	0.185
825.375	0.184
823.748	0.156
822.126	0.175
820.511	0.155
818.902	0.170
817.299	0.163
815.703	0.170
814.113	0.160
812.529	0.160
810.951	0.150
809.380	0.132
807.814	0.132
806.255	0.159
804.701	0.134
803.154	0.134
801.612	0.126
800.077	0.126
798.547	0.129
797.023	0.123
795.505	0.124
793.992	0.122
792.486	0.109
790.985	0.120
789.490	0.105
788.000	0.100
786.516	0.094
785.038	0.105
783.565	0.098
782.097	0.103
780.636	0.090
779.179	0.099
777.728	0.105
776.283	0.088
774.842	0.084
773.407	0.083
771.978	0.086
770.554	0.072
769.134	0.071
767.721	0.068
766.312	0.071
764.908	0.065
763.510	0.079
762.117	0.062
760.729	0.069
759.345	0.057
757.967	0.057
756.594	0.071
755.226	0.067
753.863	0.052
752.505	0.062
751.151	0.041
749.803	0.049
748.459	0.050
747.120	0.049
745.786	0.053
744.456	0.053
743.132	0.049
741.812	0.048
740.496	0.044
739.186	0.030
737.880	0.035
736.578	0.043
735.282	0.041
733.989	0.047
732.702	0.038
731.419	0.034
730.140	0.042
728.866	0.037
727.596	0.041
726.330	0.047
725.069	0.039
723.813	0.039
722.561	0.035
721.313	0.035
720.069	0.029
718.830	0.034
717.595	0.037
716.364	0.031
715.137	0.024
713.915	0.033
712.696	0.026
711.482	0.024
710.272	0.025
709.066	0.028
707.864	0.017
706.667	0.014
705.473	0.029
704.283	0.016
703.098	0.022
701.916	0.027
700.738	0.022
699.564	0.021
698.395	0.016
697.229	0.015
696.067	0.013
694.908	0.015
693.754	0.009
692.604	0.012
691.457	0.017
690.314	0.007
689.175	0.006
688.040	0.008
686.908	0.009
685.780	0.009
684.656	0.011
683.535	0.010
682.418	0.005
681.305	0.006
680.195	0.008
679.089	0.003
677.987	0.009
676.888	0.007
675.793	0.007
674.701	0.006
673.613	0.003
672.528	0.003
671.447	0.006
670.369	0.004
669.295	0.003
668.224	0.001
667.157	0.003
666.093	0.002
665.032	0.002
663.975	0.001
662.921	0.002
661.870	0.001
660.823	0.001
659.779	0.001
658.738	0.004
657.701	0.002
656.667	0.000
655.636	0.001
654.608	0.001
653.584	0.000
652.563	0.000
651.544	0.001
650.530	0.000
649.518	0.001
648.509	0.001
647.504	0.001
646.502	0.000
645.502	0.001
644.506	0.002
643.513	0.000
642.523	0.001
641.536	0.001
640.552	0.001
639.571	0.001
638.593	0.001
637.618	0.000
636.646	0.000
635.677	0.000
634.711	0.002
633.748	0.001
632.788	0.033
631.831	0.001
630.876	0.000
629.925	0.000
628.976	0.000
628.030	0.000
627.087	0.002
626.147	0.001
625.210	0.001
624.275	0.001
623.343	0.001
622.414	0.000
621.488	0.000
620.565	0.000
619.644	0.000
618.726	0.000
617.811	0.001
616.898	0.000
615.988	0.000
615.081	0.000
614.176	0.001
613.275	0.001
612.375	0.000
611.479	0.000
610.585	0.002
609.693	0.000
608.805	0.000
607.918	0.000
607.035	0.001
606.154	0.000
605.275	0.000
604.399	0.000
603.526	0.000
602.655	0.000
601.787	0.000
600.921	0.001
600.057	0.000
599.197	0.000
598.338	0.000
597.482	0.000
596.629	0.001
595.777	0.000
594.929	0.000
594.083	0.000
593.239	0.000
592.397	0.000
591.558	0.000
590.721	0.000
589.887	0.001
589.055	0.000
588.225	0.000
587.398	0.000
586.573	0.000
585.750	0.000
584.930	0.000
584.112	0.001
583.296	0.000
582.483	0.000
581.671	0.000
580.862	0.000
580.056	0.001
579.251	0.000
578.449	0.000
577.649	0.000
576.851	0.000
576.055	0.001
575.262	0.001
574.470	0.002
573.681	0.000
572.894	0.000
572.110	0.001
571.327	0.001
570.546	0.000
569.768	0.001
568.992	0.000
568.218	0.000
567.446	0.000
566.676	0.000
565.908	0.000
565.142	0.000
564.378	0.001
563.617	0.000
562.857	0.000
562.100	0.000
561.344	0.000
560.591	0.001
559.839	0.000
559.090	0.000
558.342	0.001
557.597	0.000
556.853	0.000
556.112	0.001
555.372	0.000
554.635	0.000
553.899	0.000
553.166	0.001
552.434	0.000
551.704	0.000
550.976	0.000
550.250	0.001
549.526	0.000
548.804	0.000
548.084	0.001
547.366	0.000
546.649	0.001
545.935	0.000
545.222	0.001
544.511	0.000
543.802	0.000
543.095	0.000
542.390	0.001
541.686	0.000
540.984	0.000
540.285	0.000
539.587	0.000
538.890	0.000
538.196	0.002
537.503	0.000
536.812	0.001
536.123	0.000
535.436	0.000
534.750	0.000
534.066	0.001
533.384	0.000
532.704	0.000
532.025	0.000
531.349	0.000
530.673	0.000
530.000	0.000
529.328	0.000
528.658	0.000
527.990	0.000
527.323	0.000
526.658	0.000
525.995	0.000
525.333	0.000
524.673	0.000
524.015	0.001
523.358	0.000
522.703	0.001
522.050	0.000
521.398	0.000
520.748	0.001
520.100	0.000
519.453	0.000
518.807	0.000
518.164	0.000
517.522	0.000
516.881	0.000
516.242	0.000
515.605	0.000
514.969	0.001
514.335	0.000
513.702	0.001
513.071	0.000
512.442	0.001
511.814	0.000
511.187	0.000
510.562	0.000
509.939	0.001
509.317	0.000
508.697	0.000
508.078	0.000
507.461	0.000
506.845	0.001
506.230	0.000
505.617	0.000
505.006	0.001
504.396	0.000
503.788	0.001
503.181	0.001
502.575	0.001
501.971	0.000
501.369	0.001
500.767	0.001
500.168	0.000
499.569	0.001
498.973	0.000
498.377	0.000
497.783	0.000
497.190	0.000
496.599	0.000
496.010	0.000
495.421	0.000
494.834	0.000
494.249	0.001
493.664	0.000
493.081	0.001
492.500	0.001
491.920	0.000
491.341	0.001
490.764	0.000
490.188	0.000
489.613	0.000
489.040	0.000
488.468	0.001
487.897	0.000
487.328	0.000
486.760	0.001
486.193	0.000
485.628	0.001
485.064	0.000
484.501	0.000
483.940	0.000
483.380	0.001
482.821	0.000
482.263	0.000
481.707	0.000
481.152	0.000
480.598	0.000
480.046	0.000
479.495	0.001
478.945	0.001
478.396	0.000
477.849	0.002
477.303	0.002
476.758	0.001
476.214	0.001
475.672	0.002
475.131	0.000
474.591	0.000
474.052	0.001
473.515	0.001
472.978	0.001
472.443	0.001
471.910	0.002
471.377	0.001
470.846	0.001
470.315	0.000
469.786	0.001
469.258	0.001
468.732	0.000
468.206	0.001
467.682	0.001
467.159	0.000
466.637	0.000
466.116	0.000
465.596	0.000
465.078	0.000
464.561	0.000
464.044	0.000
463.529	0.001
463.016	0.000
462.503	0.001
461.991	0.000
461.481	0.000
460.971	0.001
460.463	0.001
459.956	0.001
459.450	0.000
458.945	0.000
458.441	0.000
457.939	0.000
457.437	0.000
456.937	0.000
456.437	0.000
455.939	0.001
455.442	0.002
454.946	0.002
454.450	0.003
453.957	0.001
453.464	0.000
452.972	0.001
452.481	0.000
451.991	0.001
451.503	0.001
451.015	0.000
450.529	0.000
450.043	0.000
449.559	0.001
449.075	0.001
448.593	0.000
448.112	0.000
447.631	0.001
447.152	0.001
446.674	0.000
446.197	0.001
445.720	0.000
445.245	0.000
444.771	0.001
444.298	0.001
443.826	0.001
443.355	0.000
442.884	0.000
442.415	0.001
441.947	0.001
441.480	0.001
441.014	0.001
440.549	0.002
440.084	0.001
439.621	0.001
439.159	0.000
438.697	0.000
438.237	0.000
437.778	0.001
437.319	0.001
436.862	0.000
436.405	0.000
435.950	0.000
435.495	0.000
435.042	0.001
434.589	0.002
434.137	0.001
433.686	0.003
433.237	0.000
432.788	0.001
432.340	0.000
431.892	0.000
431.446	0.005
431.001	0.004
430.557	0.002
430.113	0.000
429.671	0.001
429.229	0.003
428.789	0.002
428.349	0.000
427.910	0.002
427.472	0.002
427.035	0.004
426.599	0.000
426.163	0.000
425.729	0.002
425.295	0.004
424.863	0.002
424.431	0.001
424.000	0.008
423.570	0.005
423.141	0.005
422.713	0.003
422.285	0.008
421.859	0.001
421.433	0.002
421.008	0.006
420.584	0.002
420.161	0.004
419.739	0.000
419.317	0.004
418.897	0.001
418.477	0.006
418.058	0.002
417.640	0.006
417.223	0.001
416.806	0.003
416.391	0.002
415.976	0.006
415.562	0.000
415.149	0.004
414.737	0.001
414.325	0.004
413.915	0.001
413.505	0.000
413.096	0.006
412.688	0.002
412.280	0.001
411.874	0.000
411.468	0.001
411.063	0.001
410.659	0.000
410.255	0.001
409.853	0.008
409.451	0.000
409.050	0.008
408.650	0.008
408.250	0.003
407.852	0.004
407.454	0.008
407.057	0.007
406.660	0.001
406.265	0.000
405.870	0.002
405.476	0.004
405.082	0.002
404.690	0.000
404.298	0.000
403.907	0.003
403.517	0.001
403.127	0.003
402.739	0.000
402.351	0.000
401.963	0.001
401.577	0.001
401.191	0.001
400.806	0.000
400.422	0.002
400.038	0.000
399.656	0.001
399.273	0.000
398.892	0.001
398.511	0.002
398.132	0.004
397.752	0.004
397.374	0.001
396.996	0.000
396.619	0.000
396.243	0.000
395.867	0.001
395.492	0.000
395.118	0.002
394.745	0.001
394.372	0.001
394.000	0.000
393.629	0.001
393.258	0.000
392.888	0.001
392.519	0.002
392.150	0.000
391.782	0.000
391.415	0.000
391.049	0.002
390.683	0.002
390.318	0.002
389.953	0.003
389.590	0.002
389.226	0.004
388.864	0.001
388.502	0.001
388.141	0.001
387.781	0.001
387.421	0.001
387.062	0.000
386.704	0.000
386.346	0.000
385.989	0.001
385.633	0.000
385.277	0.001
384.922	0.001
384.567	0.001
384.213	0.000
383.860	0.001
383.508	0.000
383.156	0.001
382.805	0.000
382.454	0.000
382.104	0.000
381.755	0.000
381.406	0.000
381.058	0.001
380.711	0.001
380.364	0.001
380.018	0.000
379.673	0.001
379.328	0.000
378.984	0.001
378.640	0.000
378.297	0.001
377.955	0.000
377.613	0.000
377.272	0.001
376.931	0.000
376.592	0.000
376.252	0.000
375.914	0.001
375.576	0.001
375.238	0.000
374.901	0.001
374.565	0.000
374.229	0.000
373.894	0.001
373.560	0.000
373.226	0.000
372.893	0.000
372.560	0.000
372.228	0.000
371.897	0.000
371.566	0.000
371.236	0.001
370.906	0.000
370.577	0.001
370.248	0.000
369.920	0.000
369.593	0.001
369.266	0.000
368.940	0.000
368.614	0.001
368.289	0.000
367.965	0.000
367.641	0.001
367.318	0.000
366.995	0.000
366.673	0.000
366.351	0.000
366.030	0.000
365.709	0.000
365.389	0.000
365.070	0.000
364.751	0.000
364.433	0.001
364.115	0.000
363.798	0.000
363.481	0.000
363.165	0.001
362.850	0.000
362.535	0.000
362.220	0.000
361.906	0.000
361.593	0.000
361.280	0.000
360.968	0.000
360.656	0.001
360.345	0.001
360.034	0.001
359.724	0.000
359.415	0.000
359.106	0.000
358.797	0.000
358.489	0.001
358.182	0.000
357.875	0.001
357.568	0.000
357.263	0.000
356.957	0.000
356.652	0.000
356.348	0.000
356.044	0.001
355.741	0.000
355.438	0.000
355.136	0.000
354.834	0.001
354.533	0.002
354.232	0.000
353.932	0.000
353.633	0.000
353.333	0.000
353.035	0.001
352.736	0.000
352.439	0.000
352.142	0.000
351.845	0.000
351.549	0.000
351.253	0.000
350.958	0.001
350.663	0.000
350.369	0.000
350.075	0.000
349.782	0.001
349.490	0.000
349.197	0.000
348.906	0.001
348.614	0.000
348.324	0.001
348.033	0.000
347.744	0.000
347.454	0.000
347.165	0.000
346.877	0.001
346.589	0.000
346.302	0.000
346.015	0.000
345.728	0.000
345.443	0.000
345.157	0.001
344.872	0.000
344.587	0.000
344.303	0.000
344.020	0.001
343.737	0.000
343.454	0.000
343.172	0.000
342.890	0.000
342.609	0.000
342.328	0.000
342.048	0.000
341.768	0.000
341.488	0.000
341.209	0.001
340.931	0.001
340.653	0.000
340.375	0.000
340.098	0.000
339.821	0.000
339.545	0.000
339.269	0.000
338.994	0.000
338.719	0.000
338.444	0.000
338.170	0.000
337.896	0.001
337.623	0.001
337.351	0.000
337.078	0.000
336.806	0.000
336.535	0.000
336.264	0.001
335.994	0.000
335.723	0.000
335.454	0.001
335.185	0.000
334.916	0.001
334.647	0.000
334.380	0.001
334.112	0.000
333.845	0.001
333.578	0.001
333.312	0.001
333.046	0.001
332.781	0.001
332.516	0.000
332.251	0.000
331.987	0.000
331.724	0.000
331.460	0.000
331.197	0.000
330.935	0.000
330.673	0.000
330.411	0.001
330.150	0.000
329.889	0.000
329.629	0.000
329.369	0.000
329.110	0.000
328.850	0.001
328.592	0.000
328.333	0.000
328.075	0.000
327.818	0.000
327.561	0.000
327.304	0.000
327.048	0.000
326.792	0.000
326.536	0.000
326.281	0.000
326.027	0.000
325.772	0.000
325.518	0.000
325.265	0.000
325.012	0.000
324.759	0.000
324.507	0.000
324.255	0.000
324.003	0.000
323.752	0.001
323.501	0.000
323.251	0.000
323.001	0.000
322.751	0.000
322.502	0.000
322.253	0.000
322.005	0.000
321.757	0.001
321.509	0.000
321.262	0.001
321.015	0.000
320.768	0.000
320.522	0.000
320.276	0.000
320.031	0.001
319.786	0.000
319.541	0.001
319.297	0.000
319.053	0.000
318.809	0.000
318.566	0.000
318.323	0.000
318.081	0.000
317.839	0.000
317.597	0.000
317.356	0.001
317.115	0.000
316.874	0.000
316.634	0.001
316.394	0.015
316.154	0.000
315.915	0.000
315.676	0.000
315.438	0.001
315.200	0.000
314.962	0.000
314.725	0.000
314.488	0.000
314.251	0.000
314.015	0.001
313.779	0.001
313.544	0.000
313.308	0.000
313.073	0.000
312.839	0.001
312.605	0.000
312.371	0.000
312.138	0.000
311.904	0.000
311.672	0.001
311.439	0.000
311.207	0.001
310.975	0.000
310.744	0.001
310.513	0.000
310.282	0.000
310.052	0.000
309.822	0.000
309.592	0.000
309.363	0.000
309.134	0.000
308.905	0.000
308.677	0.000
308.449	0.000
308.221	0.000
307.994	0.000
307.767	0.000
307.541	0.001
307.314	0.001
307.088	0.000
306.863	0.000
306.637	0.000
306.412	0.000
306.188	0.000
305.963	0.001
305.739	0.000
305.516	0.000
305.292	0.000
305.069	0.000
304.847	0.000
304.624	0.001
304.402	0.000
304.181	0.000
303.959	0.000
303.738	0.001
303.517	0.001
303.297	0.000
303.077	0.000
302.857	0.000
302.638	0.000
302.419	0.000
302.200	0.001
301.981	0.000
301.763	0.000
301.545	0.000
301.328	0.000
301.110	0.000
300.893	0.001
300.677	0.000
300.460	0.000
300.244	0.001
300.029	0.000
299.813	0.001
299.598	0.000
299.384	0.000
299.169	0.000
298.955	0.000
298.741	0.000
298.528	0.001
298.314	0.000
298.101	0.000
297.889	0.001
297.676	0.000
297.464	0.001
297.253	0.001
297.041	0.000
296.830	0.000
296.619	0.000
296.409	0.000
296.199	0.000
295.989	0.000
295.779	0.000
295.570	0.000
295.361	0.000
295.152	0.001
294.944	0.000
294.735	0.000
294.528	0.000
294.320	0.001
294.113	0.000
293.906	0.000
293.699	0.000
293.493	0.000
293.287	0.000
293.081	0.000
292.875	0.000
292.670	0.000
292.465	0.000
292.260	0.000
292.056	0.000
291.852	0.000
291.648	0.000
291.445	0.000
291.241	0.000
291.038	0.001
290.836	0.000
290.633	0.000
290.431	0.000
290.229	0.000
290.028	0.001
289.827	0.001
289.626	0.000
289.425	0.000
289.224	0.000
289.024	0.000
288.824	0.000
288.625	0.000
288.425	0.000
288.226	0.000
288.028	0.000
287.829	0.000
287.631	0.000
287.433	0.000
287.235	0.000
287.038	0.000
286.841	0.000
286.644	0.000
286.447	0.000
286.251	0.000
286.055	0.001
285.859	0.001
285.663	0.001
285.468	0.001
285.273	0.000
285.078	0.000
284.884	0.000
284.690	0.000
284.496	0.000
284.302	0.000
284.109	0.000
283.916	0.000
283.723	0.000
283.530	0.000
283.338	0.000
283.146	0.000
282.954	0.000
282.762	0.000
282.571	0.001
282.380	0.000
282.189	0.000
281.999	0.000
281.808	0.000
281.618	0.000
281.429	0.000
281.239	0.000
281.050	0.000
280.861	0.000
280.672	0.000
280.484	0.000
280.295	0.000
280.107	0.001
279.920	0.000
279.732	0.000
279.545	0.000
279.358	0.002
279.171	0.000
278.985	0.000
278.798	0.000
278.612	0.000
278.427	0.000
278.241	0.000
278.056	0.000
277.871	0.000
277.686	0.000
277.502	0.000
277.317	0.000
277.133	0.000
276.950	0.000
276.766	0.000
276.583	0.001
276.400	0.000
276.217	0.000
276.034	0.001
275.852	0.000
275.670	0.000
275.488	0.000
275.307	0.001
275.125	0.000
274.944	0.000
274.763	0.001
274.583	0.001
274.402	0.000
274.222	0.000
274.042	0.000
273.862	0.001
273.683	0.001
273.504	0.000
273.325	0.000
273.146	0.000
272.967	0.000
272.789	0.000
272.611	0.000
272.433	0.000
272.256	0.000
272.078	0.000
271.901	0.001
271.724	0.002
271.547	0.000
271.371	0.000
271.195	0.000
271.019	0.000
270.843	0.000
270.668	0.001
270.492	0.000
270.317	0.001
270.142	0.000
269.968	0.001
269.793	0.000
269.619	0.000
269.445	0.000
269.271	0.000
269.098	0.000
268.925	0.001
268.752	0.000
268.579	0.000
268.406	0.000
268.234	0.001
268.062	0.001
267.890	0.000
267.718	0.000
267.546	0.001
267.375	0.002
267.204	0.001
267.033	0.001
266.863	0.001
266.692	0.001
266.522	0.000
266.352	0.000
266.182	0.000
266.013	0.000
265.843	0.000
265.674	0.001
265.505	0.000
265.337	0.000
265.168	0.000
265.000	0.000
264.832	0.001
264.664	0.000
264.497	0.000
264.329	0.000
264.162	0.000
263.995	0.001
263.828	0.001
263.662	0.000
263.495	0.000
263.329	0.001
263.163	0.001
262.997	0.001
262.832	0.000
262.667	0.000
262.502	0.000
262.337	0.000
262.172	0.000
262.008	0.000
261.843	0.001
261.679	0.000
261.515	0.001
261.352	0.000
261.188	0.000
261.025	0.000
260.862	0.000
260.699	0.001
260.536	0.000
260.374	0.001
260.212	0.000
260.050	0.000
259.888	0.001
259.726	0.000
259.565	0.001
259.404	0.000
259.243	0.001
259.082	0.000
258.921	0.000
258.761	0.001
258.601	0.001
258.441	0.001
258.281	0.001
258.121	0.000
257.962	0.001
257.802	0.001
257.643	0.001
257.485	0.001
257.326	0.000
257.167	0.000
257.009	0.001
256.851	0.001
256.693	0.000
256.536	0.001
256.378	0.000
256.221	0.000
256.064	0.000
255.907	0.000
255.750	0.000
255.594	0.000
255.437	0.001
255.281	0.000
255.125	0.000
254.969	0.000
254.814	0.000
254.659	0.000
254.503	0.000
254.348	0.001
254.194	0.001
254.039	0.001
253.884	0.002
253.730	0.001
253.576	0.001
253.422	0.000
253.269	0.002
253.115	0.001
252.962	0.000
252.809	0.002
252.656	0.001
252.503	0.000
252.350	0.000
252.198	0.001
252.046	0.000
251.894	0.000
251.742	0.001
251.590	0.000
251.439	0.000
251.288	0.000
251.137	0.001
250.986	0.000
250.835	0.000
250.684	0.000
250.534	0.001
250.384	0.000
250.234	0.001
250.084	0.000
249.934	0.001
249.785	0.000
249.635	0.000
249.486	0.000
249.337	0.002
249.189	0.002
249.040	0.001
248.892	0.002
248.743	0.000
248.595	0.002
248.447	0.001
248.300	0.001
248.152	0.002
248.005	0.004
247.858	0.001
247.711	0.003
247.564	0.003
247.417	0.000
247.271	0.001
247.124	0.001
246.978	0.001
246.832	0.002
246.686	0.002
246.541	0.004
246.395	0.001
246.250	0.002
246.105	0.001
245.960	0.002
245.815	0.000
245.671	0.001
245.526	0.002
245.382	0.004
245.238	0.007
245.094	0.007
244.950	0.005
244.807	0.008
244.663	0.007
244.520	0.007
244.377	0.006
244.234	0.013
244.091	0.020
243.949	0.010
243.806	0.012
243.664	0.012
243.522	0.011
243.380	0.009
243.238	0.009
243.097	0.005
242.955	0.004
242.814	0.007
242.673	0.006
242.532	0.004
242.391	0.007
242.251	0.005
242.110	0.010
241.970	0.008
241.830	0.019
241.690	0.018
241.550	0.024
241.410	0.032
241.271	0.036
241.132	0.037
240.992	0.023
240.854	0.034
240.715	0.036
240.576	0.022
240.438	0.017
240.299	0.017
240.161	0.012
240.023	0.009
239.885	0.006
239.747	0.009
239.610	0.003
239.472	0.001
239.335	0.000
239.198	0.001
239.061	0.001
238.924	0.001
238.788	0.002
238.651	0.003
238.515	0.010
238.379	0.003
238.243	0.006
238.107	0.001
237.972	0.004
237.836	0.005
237.701	0.007
237.565	0.006
237.430	0.004
237.295	0.010
237.161	0.021
237.026	0.023
236.892	0.027
236.757	0.047
236.623	0.047
236.489	0.046
236.355	0.055
236.222	0.049
236.088	0.047
235.955	0.046
235.822	0.043
235.688	0.040
235.556	0.035
235.423	0.019
235.290	0.029
235.158	0.010
235.025	0.009
234.893	0.004
234.761	0.003
234.629	0.001
234.497	0.001
234.366	0.005
234.234	0.001
234.103	0.001
233.972	0.001
233.841	0.001
233.710	0.005
233.579	0.004
233.449	0.001
233.318	0.001
233.188	0.006
233.058	0.009
232.928	0.012
232.798	0.018
232.669	0.015
232.539	0.021
232.410	0.026
232.280	0.023
232.151	0.030
232.022	0.025
231.893	0.018
231.765	0.005
231.636	0.004
231.508	0.000
231.380	0.006
231.251	0.005
231.123	0.013
230.996	0.020
230.868	0.024
230.740	0.025
230.613	0.015
230.486	0.020
230.359	0.012
230.232	0.003
230.105	0.001
229.978	0.003
229.851	0.002
229.725	0.001
229.599	0.011
229.473	0.011
229.347	0.009
229.221	0.005
229.095	0.005
228.969	0.003
228.844	0.003
228.719	0.001
228.593	0.008
228.468	0.003
228.343	0.010
228.219	0.010
228.094	0.015
227.969	0.018
227.845	0.008
227.721	0.013
227.597	0.019
227.473	0.014
227.349	0.004
227.225	0.001
227.102	0.001
226.978	0.004
226.855	0.006
226.732	0.005
226.609	0.013
226.486	0.017
226.363	0.010
226.241	0.006
226.118	0.005
225.996	0.007
225.873	0.005
225.751	0.006
225.629	0.001
225.508	0.002
225.386	0.005
225.264	0.011
225.143	0.005
225.022	0.011
224.900	0.016
224.779	0.007
224.658	0.007
224.538	0.004
224.417	0.005
224.296	0.011
224.176	0.015
224.056	0.029
223.936	0.030
223.816	0.020
223.696	0.021
223.576	0.009
223.456	0.008
223.337	0.004
223.218	0.013
223.098	0.023
222.979	0.004
222.860	0.014
222.741	0.028
222.623	0.013
222.504	0.013
222.386	0.025
222.267	0.008
222.149	0.003
222.031	0.026
221.913	0.019
221.795	0.032
221.677	0.053
221.560	0.061
221.442	0.015
221.325	0.014
221.208	0.001
221.091	0.002
220.974	0.022
220.857	0.026
220.740	0.075
220.623	0.052
220.507	0.019
220.391	0.007
220.274	0.005
220.158	0.020
220.042	0.035
219.926	0.061
219.811	0.045
219.695	0.008
219.579	0.008
219.464	0.007
219.349	0.044
219.234	0.027
219.119	0.015
219.004	0.019
218.889	0.003
218.774	0.016
218.660	0.021
218.545	0.000
218.431	0.008
218.317	0.036
218.203	0.015
218.089	0.033
217.975	0.042
217.861	0.013
217.748	0.006
217.634	0.017
217.521	0.030
217.408	0.011
217.294	0.009
217.181	0.011
217.069	0.000
216.956	0.023
216.843	0.027
216.731	0.036
216.618	0.000
216.506	0.058
216.394	0.026
216.282	0.001
216.170	0.022
216.058	0.025
215.946	0.007
215.835	0.013
215.723	0.008
215.612	0.020
215.501	0.059
215.389	0.045
215.278	0.042
215.167	0.029
215.057	0.021
214.946	0.050
214.835	0.038
214.725	0.016
214.615	0.028
214.504	0.012
214.394	0.002
214.284	0.026
214.174	0.168
214.065	0.360
213.955	0.127
213.845	0.051
213.736	0.082
213.627	0.147
213.517	0.140
213.408	0.016
213.299	0.081
213.190	0.175
213.082	0.076
212.973	0.000
212.864	0.022
212.756	0.034
212.648	0.053
212.539	0.038
212.431	0.133
212.323	0.160
212.215	0.075
212.108	0.011
212.000	0.131
211.892	0.287
211.785	0.111
211.678	0.199
211.570	0.325
211.463	0.039
211.356	0.247
211.249	0.072
211.143	0.102
211.036	0.198
210.929	0.149
210.823	0.061
210.716	0.034
210.610	0.053
210.504	0.051
210.398	0.122
210.292	0.138
210.186	0.056
210.080	0.020
209.975	0.011
209.869	0.001
209.764	0.023
209.659	0.118
209.553	0.131
209.448	0.130
209.343	0.067
209.238	0.065
209.134	0.004
209.029	0.112
208.924	0.040
208.820	0.454
208.716	0.036
208.611	0.343
208.507	0.025
208.403	0.177
208.299	0.004
208.195	0.152
208.092	0.002
207.988	0.106
207.885	0.108
207.781	0.061
207.678	0.084
207.575	0.129
207.471	0.265
207.368	0.008
207.266	0.062
207.163	0.039
207.060	0.021
206.957	0.014
206.855	0.069
206.752	0.024
206.650	0.021
206.548	0.147
206.446	0.009
206.344	0.104
206.242	0.140
206.140	0.009
206.038	0.186
205.937	0.246
205.835	0.009
205.734	0.139
205.633	0.019
205.531	0.097
205.430	0.142
205.329	0.076
205.229	0.101
205.128	0.142
205.027	0.028
204.926	0.017
204.826	0.010
204.725	0.026
204.625	0.132
204.525	0.049
204.425	0.003
204.325	0.140
204.225	0.111
204.125	0.048
204.025	0.355
203.926	0.171
203.826	0.081
203.727	0.248
203.627	0.316
203.528	0.093
203.429	0.004
203.330	0.010
203.231	0.091
203.132	0.089
203.034	0.032
202.935	0.003
202.836	0.011
202.738	0.011
202.639	0.027
202.541	0.012
202.443	0.006
202.345	0.007
202.247	0.003
202.149	0.016
202.051	0.068
201.954	0.127
201.856	0.003
201.758	0.020
201.661	0.181
201.564	0.076
201.466	0.030
201.369	0.055
201.272	0.130
201.175	0.046
201.078	0.014
200.982	0.028
200.885	0.056
200.788	0.091
200.692	0.070
200.596	0.013
200.499	0.003
200.403	0.039
200.307	0.053
200.211	0.057
200.115	0.037
200.019	0.027
199.923	0.009
199.828	0.001
199.732	0.029
199.637	0.027
199.541	0.004
199.446	0.026
199.351	0.011
199.256	0.013
199.161	0.003
199.066	0.032
198.971	0.050
198.876	0.038
198.782	0.041
198.687	0.019
198.592	0.004
198.498	0.003
198.404	0.016
198.310	0.017
198.215	0.020
198.121	0.017
198.028	0.017
197.934	0.015
197.840	0.018
197.746	0.021
197.653	0.021
197.559	0.010
197.466	0.011
197.372	0.005
197.279	0.011
197.186	0.032
197.093	0.039
197.000	0.025
196.907	0.026
196.814	0.044
196.722	0.050
196.629	0.025
196.536	0.000
196.444	0.000
196.352	0.001
196.259	0.005
196.167	0.012
196.075	0.031
195.983	0.015
195.891	0.005
195.799	0.009
195.708	0.007
195.616	0.012
195.524	0.019
195.433	0.032
195.341	0.046
195.250	0.030
195.159	0.025
195.068	0.035
194.977	0.050
194.886	0.021
194.795	0.008
194.704	0.008
194.613	0.004
194.523	0.001
194.432	0.008
194.342	0.009
194.251	0.019
194.161	0.062
194.071	0.100
193.980	0.123
193.890	0.142
193.800	0.131
193.711	0.115
193.621	0.085
193.531	0.089
193.441	0.048
193.352	0.032
193.262	0.023
193.173	0.010
193.084	0.006
192.994	0.000
192.905	0.005
192.816	0.008
192.727	0.005
192.638	0.002
192.550	0.007
192.461	0.003
192.372	0.002
192.284	0.010
192.195	0.007
192.107	0.002
192.018	0.000
191.930	0.001
191.842	0.001
191.754	0.005
191.666	0.003
191.578	0.001
191.490	0.001
191.402	0.000
191.315	0.001
191.227	0.004
191.140	0.015
191.052	0.020
190.965	0.023
190.878	0.020
190.790	0.006
190.703	0.003
190.616	0.002
190.529	0.001
190.442	0.002
190.356	0.007
190.269	0.006
190.182	0.005
190.096	0.005
190.009	0.009
189.923	0.003
189.836	0.000
189.750	0.001
189.664	0.004
189.578	0.002
189.492	0.004
189.406	0.006
189.320	0.003
189.234	0.007
189.149	0.008
189.063	0.007
188.977	0.009
188.892	0.009
188.807	0.005
188.721	0.000
188.636	0.001
188.551	0.002
188.466	0.005
188.381	0.003
188.296	0.005
188.211	0.004
188.126	0.001
188.041	0.007
187.957	0.003
187.872	0.009
187.788	0.003
187.703	0.003
187.619	0.008
187.535	0.012
187.451	0.005
187.367	0.002
187.283	0.001
187.199	0.000
187.115	0.004
187.031	0.005
186.947	0.013
186.864	0.006
186.780	0.011
186.696	0.011
186.613	0.002
186.530	0.002
186.446	0.001
186.363	0.004
186.280	0.003
186.197	0.005
186.114	0.002
186.031	0.006
185.948	0.002
185.866	0.001
185.783	0.000
185.700	0.001
185.618	0.003
185.535	0.001
185.453	0.003
185.371	0.010
185.288	0.005
185.206	0.006
185.124	0.006
185.042	0.004
184.960	0.004
184.878	0.001
184.796	0.002
184.715	0.000
184.633	0.004
184.551	0.003
184.470	0.008
184.389	0.006
184.307	0.005
184.226	0.001
184.145	0.002
184.063	0.001
183.982	0.004
183.901	0.002
183.820	0.011
183.740	0.007
183.659	0.008
183.578	0.005
183.497	0.004
183.417	0.004
183.336	0.006
183.256	0.003
183.175	0.009
183.095	0.007
183.015	0.009
182.935	0.006
182.855	0.005
182.775	0.003
182.695	0.002
182.615	0.001
182.535	0.001
182.455	0.002
182.376	0.003
182.296	0.002
182.216	0.005
182.137	0.001
182.058	0.003
181.978	0.002
181.899	0.001
181.820	0.002
181.741	0.002
181.662	0.001
181.583	0.002
181.504	0.001
181.425	0.001
181.346	0.000
181.267	0.000
181.189	0.000
181.110	0.001
181.032	0.000
180.953	0.000
180.875	0.000
180.797	0.000
180.718	0.000
180.640	0.000
180.562	0.000
180.484	0.001
180.406	0.000
180.328	0.000
180.250	0.001
180.173	0.000
180.095	0.002
180.017	0.001
179.940	0.000
179.862	0.000
179.785	0.000
179.707	0.002
179.630	0.002
179.553	0.005
179.476	0.002
179.399	0.002
179.322	0.001
179.245	0.000
179.168	0.000
179.091	0.001
179.014	0.002
178.937	0.001
178.861	0.002
178.784	0.002
178.708	0.002
178.631	0.002
178.555	0.002
178.479	0.002
178.402	0.005
178.326	0.003
178.250	0.000
178.174	0.001
178.098	0.001
178.022	0.003
177.946	0.003
177.871	0.003
177.795	0.003
177.719	0.000
177.644	0.002
177.568	0.002
177.493	0.002
177.417	0.002
177.342	0.004
177.267	0.002
177.191	0.003
177.116	0.004
177.041	0.004
176.966	0.004
176.891	0.001
176.816	0.002
176.741	0.005
176.667	0.001
176.592	0.004
176.517	0.002
176.443	0.004
176.368	0.004
176.294	0.006
176.219	0.003
176.145	0.004
176.071	0.005
175.997	0.004
175.922	0.005
175.848	0.003
175.774	0.003
175.700	0.003
175.627	0.002
175.553	0.004
175.479	0.005
175.405	0.002
175.332	0.007
175.258	0.003
175.185	0.005
175.111	0.004
175.038	0.003
174.964	0.008
174.891	0.002
174.818	0.003
174.745	0.003
174.672	0.004
174.599	0.000
174.526	0.004
174.453	0.001
174.380	0.002
174.307	0.003
174.234	0.005
174.162	0.005
174.089	0.004
174.017	0.002
173.944	0.001
173.872	0.003
173.799	0.002
173.727	0.001
173.655	0.002
173.583	0.001
173.511	0.002
173.439	0.005
173.367	0.002
173.295	0.003
173.223	0.003
173.151	0.002
173.079	0.001
173.007	0.002
172.936	0.001
172.864	0.000
172.793	0.002
172.721	0.002
172.650	0.001
172.579	0.001
172.507	0.003
172.436	0.002
172.365	0.001
172.294	0.000
172.223	0.000
172.152	0.001
172.081	0.001
172.010	0.000
171.939	0.001
171.868	0.001
171.798	0.002
171.727	0.000
171.656	0.002
171.586	0.000
171.515	0.001
171.445	0.000
171.375	0.001
171.304	0.000
171.234	0.001
171.164	0.000
171.094	0.002
171.024	0.001
170.954	0.001
170.884	0.002
170.814	0.001
170.744	0.001
170.674	0.000
170.605	0.000
170.535	0.002
170.465	0.001
170.396	0.000
170.326	0.000
170.257	0.000
170.187	0.002
170.118	0.000
170.049	0.000
169.980	0.001
169.910	0.000
169.841	0.000
169.772	0.000
169.703	0.000
169.634	0.000
169.566	0.000
169.497	0.000
169.428	0.000
169.359	0.000
169.291	0.001
169.222	0.000
169.154	0.000
169.085	0.001
169.017	0.001
168.948	0.001
168.880	0.000
168.812	0.000
168.743	0.000
168.675	0.002
168.607	0.000
168.539	0.000
168.471	0.000
168.403	0.001
168.335	0.000
168.268	0.000
168.200	0.000
168.132	0.000
168.064	0.001
167.997	0.000
167.929	0.000
167.862	0.000
167.794	0.000
167.727	0.000
167.660	0.000
167.592	0.001
167.525	0.000
167.458	0.000
167.391	0.000
167.324	0.000
167.257	0.000
167.190	0.000
167.123	0.000
167.056	0.001
166.989	0.000
166.922	0.001
166.856	0.000
166.789	0.000
166.723	0.000
166.656	0.000
166.590	0.001
166.523	0.001
166.457	0.000
166.390	0.000
166.324	0.001
166.258	0.000
166.192	0.000
166.126	0.000
166.060	0.000
165.994	0.000
165.928	0.000
165.862	0.000
165.796	0.001
165.730	0.000
165.664	0.000
165.599	0.000
165.533	0.000
165.468	0.000
165.402	0.000
165.337	0.000
165.271	0.000
165.206	0.000
165.140	0.000
165.075	0.000
165.010	0.000
164.945	0.000
164.880	0.001
164.815	0.000
164.750	0.000
164.685	0.000
164.620	0.000
164.555	0.000
164.490	0.000
164.425	0.000
164.360	0.000
164.296	0.000
164.231	0.000
164.167	0.000
164.102	0.001
164.038	0.000
163.973	0.000
163.909	0.000
163.845	0.000
163.780	0.000
163.716	0.000
163.652	0.000
163.588	0.000
163.524	0.000
163.460	0.000
163.396	0.000
163.332	0.000
163.268	0.000
163.204	0.000
163.141	0.000
163.077	0.000
163.013	0.001
162.950	0.000
162.886	0.000
162.823	0.000
162.759	0.000
162.696	0.001
162.632	0.000
162.569	0.000
162.506	0.000
162.443	0.000
162.379	0.000
162.316	0.000
162.253	0.000
162.190	0.000
162.127	0.000
162.064	0.000
162.002	0.000
161.939	0.001
161.876	0.000
161.813	0.001
161.751	0.000
161.688	0.000
161.625	0.001
161.563	0.000
161.500	0.001
161.438	0.000
161.376	0.001
161.313	0.000
161.251	0.000
161.189	0.000
161.127	0.000
161.064	0.000
161.002	0.000
160.940	0.000
160.878	0.000
160.816	0.000
160.754	0.000
160.693	0.000
160.631	0.000
160.569	0.000
160.507	0.000
160.446	0.000
160.384	0.000
160.322	0.000
160.261	0.000
160.199	0.000
160.138	0.000
160.077	0.000
160.015	0.000
159.954	0.000
159.893	0.001
159.832	0.000
159.770	0.000
159.709	0.001
159.648	0.000
159.587	0.000
159.526	0.000
159.465	0.000
159.405	0.001
159.344	0.000
159.283	0.000
159.222	0.000
159.162	0.000
159.101	0.000
159.040	0.000
158.980	0.001
158.919	0.000
158.859	0.001
158.798	0.000
158.738	0.000
158.678	0.000
158.618	0.000
158.557	0.000
158.497	0.001
158.437	0.000
158.377	0.001
158.317	0.000
158.257	0.001
158.197	0.001
158.137	0.000
158.077	0.001
158.017	0.000
157.958	0.000
157.898	0.000
157.838	0.000
157.779	0.001
157.719	0.000
157.659	0.000
157.600	0.000
157.541	0.000
157.481	0.000
157.422	0.000
157.362	0.000
157.303	0.000
157.244	0.000
157.185	0.000
157.126	0.000
157.067	0.001
157.008	0.000
156.949	0.000
156.890	0.000
156.831	0.000
156.772	0.000
156.713	0.000
156.654	0.000
156.595	0.000
156.537	0.000
156.478	0.000
156.419	0.001
156.361	0.000
156.302	0.001
156.244	0.000
156.185	0.000
156.127	0.000
156.069	0.000
156.010	0.000
155.952	0.000
155.894	0.000
155.836	0.000
155.778	0.000
155.720	0.000
155.662	0.000
155.604	0.000
155.546	0.000
155.488	0.000
155.430	0.000
155.372	0.000
155.314	0.000
155.257	0.000
155.199	0.000
155.141	0.000
155.084	0.000
155.026	0.000
154.968	0.000
154.911	0.000
154.854	0.000
154.796	0.000
154.739	0.000
154.681	0.000
154.624	0.000
154.567	0.001
154.510	0.000
154.453	0.000
154.396	0.000
154.339	0.000
154.281	0.000
154.225	0.000
154.168	0.000
154.111	0.001
154.054	0.000
153.997	0.000
153.940	0.000
153.884	0.000
153.827	0.000
153.770	0.000
153.714	0.000
153.657	0.001
153.601	0.000
153.544	0.000
153.488	0.000
153.431	0.000
153.375	0.000
153.319	0.001
153.262	0.000
153.206	0.000
153.150	0.000
153.094	0.000
153.038	0.000
152.982	0.000
152.926	0.000
152.870	0.001
152.814	0.000
152.758	0.000
152.702	0.000
152.646	0.000
152.590	0.000
152.535	0.000
152.479	0.000
152.423	0.001
152.368	0.000
152.312	0.001
152.257	0.000
152.201	0.000
152.146	0.000
152.090	0.001
152.035	0.000
151.980	0.000
151.924	0.001
151.869	0.000
151.814	0.000
151.759	0.000
151.704	0.000
151.649	0.000
151.593	0.000
151.538	0.000
151.483	0.000
151.429	0.000
151.374	0.000
151.319	0.000
151.264	0.001
151.209	0.000
151.155	0.000
151.100	0.001
151.045	0.000
150.991	0.000
150.936	0.001
150.882	0.000
150.827	0.000
150.773	0.000
150.718	0.001
150.664	0.000
150.609	0.000
150.555	0.000
150.501	0.000
150.447	0.000
150.393	0.000
150.338	0.000
150.284	0.000
150.230	0.000
150.176	0.001
150.122	0.000
150.068	0.000
150.014	0.000
149.961	0.000
149.907	0.001
149.853	0.001
149.799	0.000
149.745	0.000
149.692	0.000
149.638	0.000
149.585	0.000
149.531	0.000
149.477	0.000
149.424	0.000
149.371	0.001
149.317	0.000
149.264	0.000
149.210	0.001
149.157	0.000
149.104	0.000
149.051	0.000
148.998	0.000
148.944	0.001
148.891	0.000
148.838	0.000
148.785	0.000
148.732	0.000
148.679	0.000
148.626	0.000
148.573	0.000
148.521	0.000
148.468	0.000
148.415	0.000
148.362	0.001
148.310	0.000
148.257	0.000
148.204	0.000
148.152	0.000
148.099	0.000
148.047	0.000
147.994	0.000
147.942	0.001
147.890	0.000
147.837	0.000
147.785	0.000
147.733	0.000
147.680	0.000
147.628	0.001
147.576	0.000
147.524	0.001
147.472	0.000
147.420	0.001
147.368	0.000
147.316	0.000
147.264	0.001
147.212	0.000
147.160	0.000
147.108	0.000
147.056	0.000
147.005	0.000
146.953	0.001
146.901	0.000
146.850	0.000
146.798	0.000
146.746	0.000
146.695	0.000
146.643	0.000
146.592	0.000
146.540	0.000
146.489	0.000
146.438	0.000
146.386	0.000
146.335	0.000
146.284	0.000
146.232	0.000
146.181	0.000
146.130	0.000
146.079	0.000
146.028	0.000
145.977	0.001
145.926	0.000
145.875	0.000
145.824	0.000
145.773	0.000
145.722	0.000
145.671	0.000
145.621	0.000
145.570	0.000
145.519	0.000
145.468	0.000
145.418	0.000
145.367	0.000
145.317	0.001
145.266	0.000
145.216	0.000
145.165	0.000
145.115	0.000
145.064	0.000
145.014	0.000
144.964	0.000
144.913	0.001
144.863	0.000
144.813	0.000
144.763	0.000
144.712	0.001
144.662	0.000
144.612	0.000
144.562	0.000
144.512	0.000
144.462	0.001
144.412	0.000
144.362	0.000
144.312	0.000
144.263	0.001
144.213	0.000
144.163	0.000
144.113	0.000
144.063	0.000
144.014	0.001
143.964	0.000
143.915	0.001
143.865	0.000
143.815	0.000
143.766	0.000
143.716	0.000
143.667	0.000
143.618	0.000
143.568	0.000
143.519	0.001
143.470	0.000
143.420	0.000
143.371	0.000
143.322	0.001
143.273	0.001
143.224	0.000
143.174	0.000
143.125	0.000
143.076	0.000
143.027	0.000
142.978	0.000
142.930	0.000
142.881	0.000
142.832	0.000
142.783	0.000
142.734	0.000
142.685	0.000
142.637	0.000
142.588	0.000
142.539	0.000
142.491	0.000
142.442	0.000
142.393	0.000
142.345	0.000
142.296	0.000
142.248	0.000
142.200	0.000
142.151	0.000
142.103	0.000
142.054	0.001
142.006	0.000
141.958	0.001
141.910	0.000
141.861	0.000
141.813	0.001
141.765	0.000
141.717	0.001
141.669	0.001
141.621	0.000
141.573	0.000
141.525	0.000
141.477	0.000
141.429	0.000
141.381	0.000
141.333	0.000
141.286	0.000
141.238	0.001
141.190	0.001
141.142	0.000
141.095	0.000
141.047	0.000
140.999	0.000
140.952	0.000
140.904	0.000
140.857	0.000
140.809	0.001
140.762	0.000
140.714	0.000
140.667	0.000
140.620	0.000
140.572	0.000
140.525	0.000
140.478	0.000
140.430	0.000
140.383	0.000
140.336	0.001
140.289	0.000
140.242	0.001
140.195	0.000
140.148	0.000
140.101	0.000
140.054	0.000
140.007	0.000
139.960	0.000
139.913	0.000
139.866	0.000
139.819	0.000
139.772	0.000
139.726	0.001
139.679	0.000
139.632	0.001
139.586	0.001
139.539	0.000
139.492	0.000
139.446	0.000
139.399	0.000
139.353	0.000
139.306	0.000
139.260	0.001
139.213	0.000
139.167	0.000
139.121	0.000
139.074	0.001
139.028	0.000
138.982	0.000
138.935	0.000
138.889	0.000
138.843	0.000
138.797	0.000
138.751	0.000
138.705	0.000
138.659	0.000
138.613	0.000
138.567	0.001
138.521	0.000
138.475	0.000
138.429	0.000
138.383	0.000
138.337	0.000
138.291	0.000
138.246	0.000
138.200	0.000
138.154	0.000
138.108	0.000
138.063	0.001
138.017	0.000
137.972	0.000
137.926	0.001
137.880	0.000
137.835	0.000
137.790	0.001
137.744	0.000
137.699	0.000
137.653	0.000
137.608	0.000
137.563	0.001
137.517	0.000
137.472	0.001
137.427	0.000
137.382	0.001
137.336	0.000
137.291	0.000
137.246	0.000
137.201	0.000
137.156	0.000
137.111	0.000
137.066	0.001
137.021	0.000
136.976	0.001
136.931	0.000
136.886	0.000
136.841	0.000
136.797	0.001
136.752	0.001
136.707	0.000
136.662	0.000
136.618	0.000
136.573	0.000
136.528	0.001
136.484	0.000
136.439	0.000
136.395	0.000
136.350	0.000
136.305	0.000
136.261	0.000
136.217	0.000
136.172	0.000
136.128	0.000
136.083	0.000
136.039	0.000
135.995	0.000
135.951	0.000
135.906	0.000
135.862	0.000
135.818	0.000
135.774	0.000
135.730	0.000
135.686	0.000
135.641	0.000
135.597	0.000
135.553	0.000
135.509	0.000
135.465	0.000
135.422	0.000
135.378	0.001
135.334	0.000
135.290	0.001
135.246	0.000
135.202	0.000
135.159	0.000
135.115	0.000
135.071	0.000
135.027	0.000
134.984	0.000
134.940	0.000
134.897	0.001
134.853	0.000
134.810	0.000
134.766	0.000
134.723	0.000
134.679	0.001
134.636	0.001
134.592	0.000
134.549	0.000
134.506	0.000
134.462	0.000
134.419	0.001
134.376	0.000
134.333	0.000
134.289	0.000
134.246	0.000
134.203	0.000
134.160	0.000
134.117	0.000
134.074	0.000
134.031	0.001
133.988	0.000
133.945	0.000
133.902	0.000
133.859	0.000
133.816	0.000
133.773	0.000
133.730	0.000
133.688	0.000
133.645	0.000
133.602	0.001
133.559	0.000
133.517	0.000
133.474	0.001
133.431	0.000
133.389	0.000
133.346	0.000
133.304	0.000
133.261	0.000
133.219	0.000
133.176	0.000
133.134	0.000
133.091	0.001
133.049	0.001
133.006	0.000
132.964	0.001
132.922	0.000
132.879	0.000
132.837	0.000
132.795	0.000
132.753	0.000
132.711	0.000
132.668	0.000
132.626	0.000
132.584	0.000
132.542	0.000
132.500	0.000
132.458	0.001
132.416	0.000
132.374	0.000
132.332	0.000
132.290	0.000
132.248	0.000
132.206	0.000
132.165	0.000
132.123	0.000
132.081	0.000
132.039	0.000
131.997	0.000
131.956	0.000
131.914	0.000
131.872	0.000
131.831	0.001
131.789	0.001
131.748	0.000
131.706	0.000
131.665	0.000
131.623	0.000
131.582	0.000
131.540	0.000
131.499	0.000
131.457	0.000
131.416	0.000
131.375	0.001
131.333	0.000
131.292	0.000
131.251	0.001
131.210	0.000
131.168	0.000
131.127	0.000
131.086	0.000
131.045	0.000
131.004	0.000
130.963	0.000
130.922	0.000
130.881	0.000
130.840	0.000
130.799	0.000
130.758	0.001
130.717	0.000
130.676	0.000
130.635	0.000
130.594	0.000
130.553	0.000
130.513	0.000
130.472	0.001
130.431	0.000
130.390	0.000
130.350	0.000
130.309	0.000
130.268	0.000
130.228	0.000
130.187	0.001
130.146	0.000
130.106	0.000
130.065	0.000
130.025	0.000
129.984	0.000
129.944	0.000
129.904	0.000
129.863	0.000
129.823	0.000
129.782	0.000
129.742	0.000
129.702	0.001
129.662	0.000
129.621	0.000
129.581	0.000
129.541	0.001
129.501	0.001
129.461	0.000
129.421	0.001
129.380	0.000
129.340	0.000
129.300	0.000
129.260	0.000
129.220	0.000
129.180	0.000
129.140	0.000
129.100	0.000
129.061	0.000
129.021	0.000
128.981	0.000
128.941	0.000
128.901	0.000
128.861	0.000
128.822	0.000
128.782	0.000
128.742	0.000
128.703	0.000
128.663	0.000
128.623	0.000
128.584	0.000
128.544	0.000
128.505	0.001
128.465	0.000
128.426	0.000
128.386	0.000
128.347	0.000
128.307	0.001
128.268	0.000
128.228	0.000
128.189	0.000
128.150	0.000
128.110	0.000
128.071	0.001
128.032	0.000
127.993	0.000
127.953	0.000
127.914	0.001
127.875	0.000
127.836	0.000
127.797	0.000
127.758	0.000
127.719	0.000
127.680	0.000
127.641	0.001
127.602	0.000
127.563	0.000
127.524	0.000
127.485	0.000
127.446	0.000
127.407	0.001
127.368	0.000
127.329	0.001
127.290	0.000
127.252	0.000
127.213	0.000
127.174	0.000
127.135	0.000
127.097	0.000
127.058	0.001
127.019	0.000
126.981	0.000
126.942	0.000
126.904	0.001
126.865	0.000
126.827	0.000
126.788	0.000
126.750	0.001
126.711	0.000
126.673	0.000
126.634	0.000
126.596	0.000
126.558	0.002
126.519	0.000
126.481	0.000
126.443	0.000
126.404	0.000
126.366	0.000
126.328	0.000
126.290	0.000
126.252	0.000
126.213	0.000
126.175	0.000
126.137	0.000
126.099	0.000
126.061	0.000
126.023	0.000
125.985	0.000
125.947	0.000
125.909	0.000
125.871	0.000
125.833	0.000
125.795	0.000
125.757	0.000
125.719	0.000
125.682	0.000
125.644	0.000
125.606	0.001
125.568	0.000
125.531	0.000
125.493	0.000
125.455	0.000
125.417	0.000
125.380	0.000
125.342	0.000
125.305	0.000
125.267	0.001
125.229	0.000
125.192	0.000
125.154	0.000
125.117	0.000
125.079	0.000
125.042	0.000
125.004	0.000
124.967	0.000
124.930	0.000
124.892	0.000
124.855	0.000
124.818	0.000
124.780	0.001
124.743	0.000
124.706	0.001
124.669	0.000
124.631	0.000
124.594	0.001
124.557	0.001
124.520	0.000
124.483	0.001
124.446	0.000
124.409	0.000
124.372	0.000
124.335	0.000
124.298	0.001
124.261	0.001
124.224	0.000
124.187	0.001
124.150	0.001
124.113	0.000
124.076	0.000
124.039	0.001
124.002	0.001
123.966	0.000
123.929	0.002
123.892	0.000
123.855	0.000
123.819	0.000
123.782	0.000
123.745	0.001
123.709	0.000
123.672	0.000
123.635	0.000
123.599	0.000
123.562	0.001
123.526	0.000
123.489	0.000
123.453	0.000
123.416	0.000
123.380	0.000
123.343	0.000
123.307	0.000
123.270	0.000
123.234	0.000
123.198	0.000
123.161	0.000
123.125	0.000
123.089	0.000
123.052	0.001
123.016	0.000
122.980	0.000
122.944	0.000
122.908	0.000
122.871	0.000
122.835	0.000
122.799	0.000
122.763	0.000
122.727	0.000
122.691	0.000
122.655	0.000
122.619	0.000
122.583	0.000
122.547	0.000
122.511	0.000
122.475	0.001
122.439	0.000
122.403	0.000
122.367	0.000
122.332	0.000
122.296	0.000
122.260	0.000
122.224	0.000
122.188	0.000
122.153	0.000
122.117	0.000
122.081	0.000
122.046	0.000
122.010	0.000
121.974	0.000
121.939	0.000
121.903	0.000
121.868	0.001
121.832	0.000
121.796	0.000
121.761	0.000
121.725	0.000
121.690	0.000
121.655	0.000
121.619	0.000
121.584	0.000
121.548	0.000
121.513	0.001
121.478	0.000
121.442	0.000
121.407	0.000
121.372	0.000
121.336	0.000
121.301	0.000
121.266	0.000
121.231	0.000
121.196	0.000
121.160	0.000
121.125	0.000
121.090	0.000
121.055	0.000
121.020	0.000
120.985	0.000
120.950	0.000
120.915	0.000
120.880	0.001
120.845	0.000
120.810	0.000
120.775	0.000
120.740	0.001
120.705	0.000
120.670	0.000
120.635	0.000
120.601	0.000
120.566	0.000
120.531	0.000
120.496	0.000
120.461	0.000
120.427	0.000
120.392	0.000
120.357	0.000
120.323	0.000
120.288	0.000
120.253	0.000
120.219	0.000
120.184	0.000
120.150	0.000
120.115	0.000
120.081	0.000
120.046	0.000
120.011	0.000
119.977	0.000
119.943	0.000
119.908	0.000
119.874	0.000
119.839	0.000
119.805	0.000
119.771	0.000
119.736	0.000
119.702	0.000
119.668	0.000
119.633	0.000
119.599	0.000
119.565	0.000
119.531	0.000
119.496	0.001
119.462	0.001
119.428	0.000
119.394	0.000
119.360	0.000
119.326	0.000
119.292	0.000
119.258	0.001
119.224	0.000
119.189	0.000
119.155	0.000
119.122	0.000
119.088	0.000
119.054	0.000
119.020	0.001
118.986	0.000
118.952	0.000
118.918	0.000
118.884	0.000
118.850	0.000
118.817	0.001
118.783	0.000
118.749	0.000
118.715	0.000
118.681	0.000
118.648	0.000
118.614	0.000
118.580	0.000
118.547	0.000
118.513	0.000
118.479	0.000
118.446	0.000
118.412	0.000
118.379	0.000
118.345	0.000
118.312	0.000
118.278	0.000
118.245	0.000
118.211	0.000
118.178	0.000
118.144	0.000
118.111	0.000
118.077	0.001
118.044	0.000
118.011	0.000
117.977	0.000
117.944	0.000
117.911	0.000
117.878	0.000
117.844	0.000
117.811	0.000
117.778	0.000
117.745	0.000
117.711	0.000
117.678	0.000
117.645	0.000
117.612	0.000
117.579	0.000
117.546	0.000
117.513	0.000
117.480	0.000
117.447	0.000
117.414	0.000
117.381	0.000
117.348	0.000
117.315	0.000
117.282	0.000
117.249	0.000
117.216	0.000
117.183	0.001
117.150	0.000
117.117	0.000
117.084	0.000
117.052	0.000
117.019	0.000
116.986	0.000
116.953	0.000
116.920	0.000
116.888	0.000
116.855	0.000
116.822	0.000
116.790	0.001
116.757	0.000
116.724	0.000
116.692	0.000
116.659	0.000
116.627	0.000
116.594	0.000
116.562	0.000
116.529	0.000
116.497	0.000
116.464	0.000
116.432	0.000
116.399	0.000
116.367	0.001
116.334	0.000
116.302	0.001
116.269	0.000
116.237	0.000
116.205	0.000
116.172	0.000
116.140	0.000
116.108	0.000
116.076	0.000
116.043	0.000
116.011	0.000
115.979	0.000
115.947	0.001
115.915	0.000
115.882	0.000
115.850	0.000
115.818	0.000
115.786	0.000
115.754	0.000
115.722	0.000
115.690	0.000
115.658	0.000
115.626	0.000
115.594	0.000
115.562	0.000
115.530	0.000
115.498	0.000
115.466	0.000
115.434	0.000
115.402	0.000
115.370	0.000
115.338	0.000
115.306	0.000
115.275	0.001
115.243	0.001
115.211	0.000
115.179	0.000
115.148	0.000
115.116	0.000
115.084	0.000
115.052	0.000
115.021	0.000
114.989	0.000
114.957	0.000
114.926	0.000
114.894	0.000
114.862	0.001
114.831	0.000
114.799	0.000
114.768	0.000
114.736	0.000
114.705	0.000
114.673	0.001
114.642	0.000
114.610	0.000
114.579	0.000
114.547	0.000
114.516	0.001
114.485	0.000
114.453	0.000
114.422	0.001
114.391	0.000
114.359	0.000
114.328	0.000
114.297	0.000
114.265	0.000
114.234	0.000
114.203	0.000
114.172	0.000
114.140	0.000
114.109	0.000
114.078	0.000
114.047	0.000
114.016	0.000
113.985	0.000
113.954	0.000
113.923	0.000
113.891	0.000
113.860	0.000
113.829	0.000
113.798	0.000
113.767	0.000
113.736	0.000
113.705	0.000
113.674	0.000
113.644	0.000
113.613	0.000
113.582	0.000
113.551	0.000
113.520	0.001
113.489	0.000
113.458	0.000
113.427	0.001
113.397	0.000
113.366	0.001
113.335	0.000
113.304	0.000
113.274	0.000
113.243	0.000
113.212	0.000
113.182	0.000
113.151	0.000
113.120	0.000
113.090	0.000
113.059	0.000
113.028	0.000
112.998	0.000
112.967	0.000
112.937	0.001
112.906	0.001
112.876	0.001
112.845	0.000
112.815	0.000
112.784	0.000
112.754	0.000
112.723	0.000
112.693	0.000
112.663	0.000
112.632	0.000
112.602	0.000
112.571	0.000
112.541	0.000
112.511	0.000
112.480	0.000
112.450	0.000
112.420	0.000
112.390	0.000
112.359	0.000
112.329	0.000
112.299	0.000
112.269	0.001
112.239	0.000
112.208	0.000
112.178	0.000
112.148	0.000
112.118	0.000
112.088	0.000
112.058	0.001
112.028	0.000
111.998	0.000
111.968	0.000
111.938	0.000
111.908	0.000
111.878	0.000
111.848	0.000
111.818	0.000
111.788	0.000
111.758	0.000
111.728	0.000
111.698	0.000
111.668	0.000
111.639	0.000
111.609	0.000
111.579	0.000
111.549	0.000
111.519	0.000
111.490	0.000
111.460	0.000
111.430	0.000
111.400	0.001
111.371	0.000
111.341	0.000
111.311	0.000
111.282	0.000
111.252	0.000
111.222	0.000
111.193	0.000
111.163	0.000
111.134	0.000
111.104	0.000
111.074	0.000
111.045	0.000
111.015	0.000
110.986	0.000
110.956	0.000
110.927	0.000
110.898	0.001
110.868	0.000
110.839	0.000
110.809	0.000
110.780	0.000
110.750	0.000
110.721	0.000
110.692	0.000
110.662	0.000
110.633	0.000
110.604	0.000
110.575	0.000
110.545	0.000
110.516	0.000
110.487	0.000
110.458	0.000
110.428	0.001
110.399	0.001
110.370	0.000
110.341	0.000
110.312	0.000
110.283	0.000
110.253	0.000
110.224	0.000
110.195	0.000
110.166	0.000
110.137	0.000
110.108	0.000
110.079	0.000
110.050	0.000
110.021	0.000
109.992	0.000
109.963	0.000
109.934	0.001
109.905	0.000
109.876	0.000
109.847	0.000
109.819	0.000
109.790	0.000
109.761	0.000
109.732	0.000
109.703	0.000
109.674	0.000
109.646	0.000
109.617	0.000
109.588	0.000
109.559	0.000
109.531	0.000
109.502	0.000
109.473	0.000
109.444	0.000
109.416	0.001
109.387	0.000
109.358	0.000
109.330	0.001
109.301	0.000
109.273	0.000
109.244	0.000
109.215	0.000
109.187	0.000
109.158	0.000
109.130	0.000
109.101	0.000
109.073	0.000
109.044	0.001
109.016	0.000
108.987	0.000
108.959	0.000
108.931	0.000
108.902	0.000
108.874	0.000
108.845	0.000
108.817	0.000
108.789	0.000
108.760	0.000
108.732	0.000
108.704	0.000
108.676	0.000
108.647	0.000
108.619	0.000
108.591	0.000
108.563	0.000
108.534	0.000
108.506	0.000
108.478	0.000
108.450	0.000
108.422	0.000
108.393	0.000
108.365	0.000
108.337	0.000
108.309	0.000
108.281	0.000
108.253	0.000
108.225	0.000
108.197	0.000
108.169	0.000
108.141	0.000
108.113	0.000
108.085	0.000
108.057	0.000
108.029	0.000
108.001	0.000
107.973	0.001
107.945	0.000
107.917	0.000
107.889	0.000
107.862	0.000
107.834	0.000
107.806	0.000
107.778	0.000
107.750	0.000
107.722	0.000
107.695	0.000
107.667	0.000
107.639	0.000
107.611	0.000
107.584	0.000
107.556	0.000
107.528	0.000
107.501	0.000
107.473	0.000
107.445	0.001
107.418	0.000
107.390	0.000
107.362	0.001
107.335	0.000
107.307	0.000
107.280	0.000
107.252	0.000
107.225	0.001
107.197	0.000
107.170	0.000
107.142	0.000
107.115	0.000
107.087	0.000
107.060	0.000
107.032	0.000
107.005	0.000
106.977	0.000
106.950	0.000
106.923	0.000
106.895	0.000
106.868	0.000
106.841	0.000
106.813	0.000
106.786	0.000
106.759	0.000
106.731	0.000
106.704	0.000
106.677	0.000
106.650	0.000
106.622	0.000
106.595	0.000
106.568	0.000
106.541	0.000
106.514	0.000
106.486	0.000
106.459	0.000
106.432	0.000
106.405	0.000
106.378	0.000
106.351	0.000
106.324	0.000
106.297	0.000
106.270	0.000
106.243	0.000
106.216	0.000
106.189	0.001
106.162	0.000
106.135	0.000
106.108	0.000
106.081	0.000
106.054	0.000
106.027	0.000
106.000	0.000
105.973	0.000
105.946	0.000
105.919	0.000
105.892	0.000
105.866	0.000
105.839	0.000
105.812	0.000
105.785	0.000
105.758	0.000
105.732	0.000
105.705	0.000
105.678	0.000
105.651	0.000
105.625	0.000
105.598	0.000
105.571	0.000
105.545	0.000
105.518	0.000
105.491	0.000
105.465	0.001
105.438	0.000
105.411	0.000
105.385	0.000
105.358	0.000
105.332	0.000
105.305	0.000
105.279	0.000
105.252	0.000
105.225	0.000
105.199	0.000
105.173	0.000
105.146	0.000
105.120	0.001
105.093	0.001
105.067	0.000
105.040	0.000
105.014	0.001
104.987	0.000
104.961	0.000
104.935	0.000
104.908	0.000
104.882	0.000
104.856	0.000
104.829	0.000
104.803	0.000
104.777	0.000
104.750	0.000
104.724	0.000
104.698	0.000
104.672	0.000
104.645	0.000
104.619	0.000
104.593	0.000
104.567	0.000
104.541	0.000
104.515	0.000
104.488	0.000
104.462	0.000
104.436	0.000
104.410	0.001
104.384	0.000
104.358	0.000
104.332	0.000
104.306	0.000
104.280	0.000
104.254	0.000
104.228	0.000
104.202	0.000
104.176	0.001
104.150	0.000
104.124	0.000
104.098	0.000
104.072	0.000
104.046	0.000
104.020	0.000
103.994	0.000
103.968	0.000
103.942	0.001
103.916	0.000
103.891	0.000
103.865	0.000
103.839	0.001
103.813	0.000
103.787	0.001
103.761	0.000
103.736	0.000
103.710	0.000
103.684	0.001
103.658	0.000
103.633	0.001
103.607	0.000
103.581	0.000
103.556	0.000
103.530	0.000
103.504	0.000
103.479	0.000
103.453	0.000
103.427	0.000
103.402	0.000
103.376	0.000
103.351	0.000
103.325	0.000
103.300	0.001
103.274	0.000
103.248	0.000
103.223	0.000
103.197	0.000
103.172	0.000
103.146	0.000
103.121	0.000
103.096	0.000
103.070	0.000
103.045	0.000
103.019	0.000
102.994	0.000
102.968	0.000
102.943	0.000
102.918	0.000
102.892	0.000
102.867	0.001
102.842	0.000
102.816	0.000
102.791	0.000
102.766	0.000
102.740	0.000
102.715	0.000
102.690	0.000
102.665	0.000
102.639	0.000
102.614	0.000
102.589	0.000
102.564	0.000
102.539	0.000
102.514	0.000
102.488	0.000
102.463	0.000
102.438	0.000
102.413	0.000
102.388	0.000
102.363	0.001
102.338	0.001
102.313	0.000
102.288	0.000
102.262	0.000
102.237	0.000
102.212	0.000
102.187	0.000
102.162	0.000
102.137	0.000
102.112	0.000
102.088	0.000
102.063	0.000
102.038	0.000
102.013	0.000
101.988	0.000
101.963	0.000
101.938	0.000
101.913	0.000
101.888	0.000
101.863	0.000
101.839	0.000
101.814	0.000
101.789	0.000
101.764	0.000
101.739	0.000
101.715	0.000
101.690	0.000
101.665	0.000
101.640	0.000
101.616	0.000
101.591	0.000
101.566	0.000
101.541	0.000
101.517	0.000
101.492	0.000
101.467	0.000
101.443	0.000
101.418	0.000
101.394	0.000
101.369	0.000
101.344	0.000
101.320	0.000
101.295	0.000
101.271	0.000
101.246	0.000
101.222	0.000
101.197	0.000
101.172	0.000
101.148	0.000
101.123	0.000
101.099	0.000
101.075	0.000
101.050	0.000
101.026	0.000
101.001	0.000
100.977	0.001
100.952	0.000
100.928	0.000
100.904	0.000
100.879	0.000
100.855	0.000
100.831	0.000
100.806	0.000
100.782	0.000
100.758	0.000
100.733	0.000
100.709	0.000
100.685	0.000
100.660	0.000
100.636	0.000
100.612	0.000
100.588	0.000
100.563	0.000
100.539	0.000
100.515	0.001
100.491	0.000
100.467	0.000
100.443	0.000
100.418	0.001
100.394	0.000
100.370	0.000
100.346	0.000
100.322	0.000
100.298	0.001
100.274	0.000
100.250	0.000
100.226	0.000
100.202	0.000
100.178	0.000
100.153	0.000
100.129	0.000
100.105	0.000
100.081	0.000
100.057	0.000
100.034	0.000
100.010	0.000
100.000	0.000
100.000	0.000
100.000	0.000
100.000	0.000
100.000	0.000
100.000	0.000
100.000	0.000
100.000	0.000
100.000	0.000
100.000	0.000
100.000	0.000
100.000	0.001
100.000	0.000
100.000	0.000
100.000	0.000
100.000	0.000
100.000	0.000
100.000	0.001
100.000	0.000
100.000	0.000
100.000	0.000
100.000	0.000
100.000	0.000
100.000	0.000
100.000	0.000
100.000	0.000
100.000	0.000
100.000	0.000
100.000	0.000
100.000	0.000
100.000	0.000
100.000	0.000
100.000	0.000
100.000	0.000
100.000	0.000
100.000	0.000
100.000	0.000
100.000	0.000
100.000	0.000
100.000	0.000
100.000	0.000
100.000	0.000
100.000	0.000
100.000	0.000
100.000	0.001
100.000	0.001
100.000	0.000
100.000	0.000
100.000	0.000
100.000	0.000
100.000	0.000
100.000	0.000
100.000	0.000
100.000	0.000
100.000	0.000
100.000	0.000
100.000	0.000
100.000	0.000
100.000	0.000
100.000	0.000
100.000	0.000
100.000	0.000
100.000	0.000
100.000	0.000
100.000	0.000
100.000	0.000
100.000	0.000
100.000	0.000
100.000	0.000
100.000	0.000
100.000	0.000
100.000	0.000
100.000	0.000
100.000	0.000
100.000	0.000
100.000	0.000
100.000	0.000
100.000	0.000
100.000	0.000
100.000	0.000
100.000	0.000
100.000	0.000
100.000	0.000
100.000	0.000
100.000	0.000
100.000	0.000
100.000	0.000
100.000	0.000
100.000	0.000
100.000	0.000
100.000	0.000
100.000	0.000
100.000	0.000
100.000	0.000
100.000	0.000
100.000	0.000
100.000	0.000
100.000	0.000
100.000	0.000
100.000	0.000
100.000	0.000
100.000	0.000
100.000	0.000
100.000	0.000
100.000	0.000
100.000	0.000
100.000	0.000
100.000	0.000
100.000	0.000
100.000	0.000
100.000	0.000
100.000	0.000
100.000	0.000
100.000	0.000
100.000	0.000
100.000	0.000
100.000	0.000
100.000	0.000
100.000	0.000
100.000	0.000
100.000	0.000
100.000	0.000
100.000	0.000
100.000	0.000
100.000	0.000
100.000	0.000
100.000	0.000
100.000	0.000
100.000	0.000
100.000	0.000
100.000	0.000
100.000	0.000
100.000	0.000
100.000	0.000
100.000	0.001
100.000	0.001
100.000	0.000
100.000	0.000
100.000	0.000
100.000	0.000
100.000	0.000
100.000	0.000
100.000	0.000
100.000	0.000
100.000	0.000
100.000	0.000
100.000	0.000
100.000	0.000
100.000	0.000
100.000	0.000
100.000	0.000
100.000	0.000
100.000	0.000
100.000	0.000
100.000	0.000
100.000	0.000
100.000	0.000
100.000	0.000
100.000	0.000
100.000	0.000
100.000	0.000
100.000	0.001
100.000	0.000
100.000	0.000
100.000	0.000
100.000	0.000
100.000	0.000
100.000	0.000
100.000	0.000
100.000	0.000
100.000	0.000
100.000	0.000
100.000	0.000
100.000	0.000
100.000	0.000
100.000	0.000
100.000	0.000
100.000	0.000
100.000	0.000
100.000	0.000
100.000	0.000
100.000	0.000
100.000	0.000
100.000	0.000
100.000	0.000
100.000	0.000
100.000	0.000
100.000	0.000
100.000	0.000
100.000	0.000
100.000	0.000
100.000	0.000
100.000	0.000
100.000	0.000
100.000	0.000
100.000	0.000
100.000	0.000
100.000	0.000
100.000	0.000
100.000	0.000
100.000	0.000
100.000	0.000
100.000	0.000
100.000	0.000
100.000	0.000
100.000	0.000
100.000	0.000
100.000	0.000
100.000	0.000
100.000	0.000
100.000	0.000
100.000	0.000
100.000	0.000
100.000	0.000
100.000	0.000
100.000	0.000
100.000	0.000
100.000	0.000
100.000	0.000
100.000	0.000
100.000	0.000
100.000	0.000
100.000	0.000
100.000	0.000
100.000	0.000
100.000	0.000
100.000	0.000
100.000	0.000
100.000	0.000
100.000	0.000
100.000	0.001
100.000	0.000
100.000	0.000
100.000	0.000
100.000	0.000
100.000	0.000
100.000	0.000
100.000	0.000
100.000	0.000
100.000	0.000
100.000	0.000
100.000	0.000
100.000	0.000
100.000	0.000
100.000	0.000
100.000	0.001
100.000	0.000
100.000	0.000
100.000	0.000
100.000	0.000
100.000	0.000
100.000	0.000
100.000	0.000
100.000	0.000
100.000	0.000
100.000	0.000
100.000	0.000
100.000	0.000
100.000	0.000
100.000	0.000
100.000	0.000
100.000	0.001
100.000	0.000
100.000	0.000
100.000	0.000
100.000	0.000
100.000	0.000
100.000	0.000
100.000	0.000
100.000	0.000
100.000	0.000
100.000	0.000
100.000	0.000
100.000	0.000
100.000	0.000
100.000	0.000
100.000	0.000
100.000	0.000
100.000	0.000
100.000	0.000
100.000	0.000
100.000	0.000
100.000	0.000
100.000	0.000
100.000	0.000
100.000	0.000
100.000	0.000
100.000	0.000
100.000	0.000
100.000	0.000
100.000	0.000
100.000	0.000
100.000	0.000
100.000	0.000
100.000	0.000
100.000	0.000
100.000	0.000
100.000	0.000
100.000	0.000
100.000	0.000
100.000	0.000
100.000	0.000
100.000	0.000
100.000	0.000
100.000	0.000
100.000	0.000
100.000	0.000
100.000	0.000
100.000	0.000
100.000	0.000
100.000	0.000
100.000	0.000
100.000	0.000
100.000	0.000
100.000	0.000
100.000	0.000
100.000	0.000
100.000	0.000
100.000	0.000
100.000	0.000
100.000	0.000
100.000	0.000
100.000	0.000
100.000	0.000
100.000	0.000
100.000	0.000
100.000	0.000
100.000	0.000
100.000	0.000
100.000	0.000
100.000	0.000
100.000	0.000
100.000	0.000
100.000	0.000
100.000	0.000
100.000	0.000
100.000	0.000
100.000	0.000
100.000	0.000
100.000	0.000
100.000	0.000
100.000	0.000
100.000	0.000
100.000	0.000
100.000	0.000
100.000	0.000
100.000	0.000
100.000	0.000
100.000	0.000
100.000	0.000
100.000	0.000
100.000	0.000
100.000	0.000
100.000	0.000
100.000	0.000
100.000	0.000
100.000	0.000
100.000	0.000
100.000	0.000
100.000	0.000
100.000	0.000
100.000	0.000
100.000	0.001
100.000	0.000
100.000	0.000
100.000	0.000
100.000	0.000
100.000	0.000
100.000	0.000
100.000	0.000
100.000	0.000
100.000	0.000
100.000	0.000
100.000	0.000
100.000	0.000
100.000	0.000
100.000	0.000
100.000	0.000
100.000	0.000
100.000	0.000
100.000	0.000
100.000	0.000
100.000	0.000
100.000	0.000
100.000	0.000
100.000	0.000
100.000	0.000
100.000	0.000
100.000	0.000
100.000	0.000
100.000	0.000
100.000	0.000
100.000	0.000
100.000	0.000
100.000	0.000
100.000	0.000
100.000	0.000
100.000	0.000
100.000	0.000
100.000	0.000
100.000	0.000
100.000	0.000
100.000	0.001
100.000	0.000
100.000	0.000
100.000	0.000
100.000	0.000
100.000	0.000
100.000	0.000
100.000	0.000
100.000	0.000
100.000	0.000
100.000	0.000
100.000	0.000
100.000	0.000
100.000	0.000
100.000	0.000
100.000	0.000
100.000	0.000
100.000	0.000
100.000	0.000
100.000	0.000
100.000	0.000
100.000	0.000
100.000	0.000
100.000	0.000
100.000	0.000
100.000	0.000
100.000	0.000
100.000	0.000
100.000	0.000
100.000	0.000
100.000	0.000
100.000	0.000
100.000	0.000
100.000	0.000
100.000	0.000
100.000	0.000
100.000	0.001
100.000	0.000
100.000	0.001
100.000	0.000
100.000	0.000
100.000	0.001
100.000	0.000
100.000	0.000
100.000	0.000
100.000	0.000
100.000	0.000
100.000	0.001
100.000	0.001
100.000	0.000
100.000	0.000
100.000	0.000
100.000	0.000
100.000	0.000
100.000	0.000
100.000	0.000
100.000	0.000
100.000	0.000
100.000	0.000
100.000	0.000
100.000	0.000
100.000	0.000
100.000	0.000
100.000	0.000
100.000	0.000
100.000	0.000
100.000	0.000
100.000	0.000
100.000	0.000
100.000	0.000
100.000	0.000
100.000	0.000
100.000	0.000
100.000	0.000
100.000	0.000
100.000	0.000
100.000	0.000
100.000	0.000
100.000	0.000
100.000	0.000
100.000	0.000
100.000	0.000
100.000	0.000
100.000	0.000
100.000	0.000
100.000	0.000
100.000	0.000
100.000	0.000
100.000	0.000
100.000	0.000
100.000	0.000
100.000	0.000
100.000	0.000
100.000	0.000
100.000	0.000
100.000	0.000
100.000	0.000
100.000	0.000
100.000	0.000
100.000	0.000
100.000	0.000
100.000	0.000
100.000	0.000
100.000	0.000
100.000	0.000
100.000	0.000
100.000	0.000
100.000	0.000
100.000	0.000
100.000	0.000
100.000	0.000
100.000	0.000
100.000	0.000
100.000	0.000
100.000	0.000
100.000	0.000
100.000	0.000
100.000	0.000
100.000	0.000
100.000	0.000
100.000	0.000
100.000	0.000
100.000	0.000
100.000	0.000
100.000	0.000
100.000	0.000
100.000	0.000
100.000	0.001
100.000	0.000
100.000	0.000
100.000	0.000
100.000	0.000
100.000	0.000
100.000	0.000
100.000	0.000
100.000	0.000
100.000	0.000
100.000	0.000
100.000	0.000
100.000	0.000
100.000	0.000
100.000	0.000
100.000	0.000
100.000	0.000
100.000	0.000
100.000	0.000
100.000	0.000
100.000	0.000
100.000	0.000
100.000	0.000
100.000	0.000
100.000	0.000
100.000	0.000
100.000	0.000
100.000	0.000
100.000	0.000
100.000	0.000
100.000	0.000
100.000	0.000
100.000	0.000
100.000	0.000
100.000	0.000
100.000	0.000
100.000	0.000
100.000	0.000
100.000	0.000
100.000	0.000
100.000	0.000
100.000	0.000
100.000	0.000
100.000	0.000
100.000	0.000
100.000	0.000
100.000	0.000
100.000	0.000
100.000	0.000
100.000	0.000
100.000	0.000
100.000	0.000
100.000	0.000
100.000	0.000
100.000	0.000
100.000	0.000
100.000	0.000
100.000	0.000
100.000	0.000
100.000	0.000
100.000	0.000
100.000	0.000
100.000	0.000
100.000	0.000
100.000	0.000
100.000	0.000
100.000	0.000
100.000	0.000
100.000	0.000
100.000	0.000
100.000	0.000
100.000	0.000
100.000	0.000
100.000	0.000
100.000	0.000
100.000	0.000
100.000	0.001
100.000	0.000
100.000	0.000
100.000	0.000
100.000	0.000
100.000	0.000
100.000	0.000
100.000	0.000
100.000	0.000
100.000	0.000
100.000	0.000
100.000	0.000
100.000	0.000
100.000	0.000
100.000	0.000
100.000	0.000
100.000	0.000
100.000	0.000
100.000	0.000
100.000	0.000
100.000	0.000
100.000	0.001
100.000	0.000
100.000	0.000
100.000	0.000
100.000	0.000
100.000	0.000
100.000	0.000
100.000	0.000
100.000	0.000
100.000	0.000
100.000	0.000
100.000	0.000
100.000	0.000
100.000	0.000
100.000	0.000
100.000	0.000
100.000	0.000
100.000	0.000
100.000	0.000
100.000	0.000
100.000	0.000
100.000	0.000
100.000	0.000
100.000	0.000
100.000	0.000
100.000	0.000
100.000	0.000
100.000	0.000
100.000	0.000
100.000	0.000
100.000	0.000
100.000	0.000
100.000	0.000
100.000	0.000
100.000	0.000
100.000	0.000
100.000	0.000
100.000	0.000
100.000	0.001
100.000	0.000
100.000	0.000
100.000	0.000
100.000	0.000
100.000	0.000
100.000	0.000
100.000	0.000
100.000	0.000
100.000	0.001
100.000	0.000
100.000	0.000
100.000	0.000
100.000	0.000
100.000	0.000
100.000	0.000
100.000	0.000
100.000	0.000
100.000	0.000
100.000	0.000
100.000	0.000
100.000	0.000
100.000	0.000
100.000	0.000
100.000	0.000
100.000	0.000
100.000	0.000
100.000	0.000
100.000	0.000
100.000	0.000
100.000	0.000
100.000	0.000
100.000	0.000
100.000	0.000
100.000	0.000
100.000	0.000
100.000	0.000
100.000	0.000
100.000	0.000
100.000	0.000
100.000	0.000
100.000	0.000
100.000	0.000
100.000	0.000
100.000	0.000
100.000	0.000
100.000	0.000
100.000	0.000
100.000	0.000
100.000	0.000
100.000	0.001
100.000	0.000
100.000	0.000
100.000	0.000
100.000	0.000
100.000	0.000
100.000	0.000
100.000	0.000
100.000	0.000
100.000	0.000
100.000	0.000
100.000	0.000
100.000	0.000
100.000	0.000
100.000	0.000
100.000	0.000
100.000	0.000
100.000	0.000
100.000	0.000
100.000	0.000
100.000	0.000
100.000	0.000
100.000	0.000
100.000	0.000
100.000	0.000
100.000	0.000
100.000	0.000
100.000	0.000
100.000	0.000
100.000	0.000
100.000	0.000
100.000	0.000
100.000	0.000
100.000	0.000
100.000	0.000
100.000	0.000
100.000	0.000
100.000	0.000
100.000	0.001
100.000	0.000
100.000	0.000
100.000	0.000
100.000	0.000
100.000	0.000
100.000	0.000
100.000	0.000
100.000	0.000
100.000	0.000
100.000	0.000
100.000	0.000
100.000	0.000
100.000	0.000
100.000	0.000
100.000	0.000
100.000	0.000
100.000	0.000
100.000	0.000
100.000	0.000
100.000	0.000
100.000	0.000
100.000	0.000
100.000	0.000
100.000	0.000
100.000	0.000
100.000	0.000
100.000	0.000
100.000	0.000
100.000	0.000
100.000	0.000
100.000	0.000
100.000	0.000
100.000	0.000
100.000	0.000
100.000	0.000
100.000	0.000
100.000	0.000
100.000	0.000
100.000	0.000
100.000	0.000
100.000	0.000
100.000	0.000
100.000	0.000
100.000	0.000
100.000	0.000
100.000	0.000
100.000	0.000
100.000	0.000
100.000	0.000
100.000	0.000
100.000	0.000
100.000	0.000
100.000	0.000
100.000	0.000
100.000	0.000
100.000	0.000
100.000	0.000
100.000	0.000
100.000	0.000
100.000	0.000
100.000	0.000
100.000	0.000
100.000	0.000
100.000	0.000
100.000	0.000
100.000	0.000
100.000	0.000
100.000	0.000
100.000	0.001
100.000	0.000
