5000.000	598.975
5000.000	0.498
5000.000	0.583
5000.000	0.907
5000.000	0.004
5000.000	0.434
5000.000	0.039
5000.000	0.046
5000.000	0.010
5000.000	0.077
5000.000	0.010
5000.000	0.020
5000.000	0.013
5000.000	0.069
5000.000	0.001
5000.000	0.044
5000.000	0.032
5000.000	0.006
5000.000	0.010
5000.000	0.009
5000.000	0.032
5000.000	0.016
5000.000	0.007
5000.000	0.008
5000.000	0.005
5000.000	0.001
5000.000	0.000
5000.000	0.002
5000.000	0.005
5000.000	0.006
5000.000	0.004
5000.000	0.010
5000.000	0.005
5000.000	0.003
5000.000	0.004
5000.000	0.002
5000.000	0.000
5000.000	0.008
5000.000	0.005
5000.000	0.004
5000.000	0.002
5000.000	0.001
5000.000	0.003
5000.000	0.002
5000.000	0.000
5000.000	0.001
5000.000	0.000
5000.000	0.003
5000.000	0.001
5000.000	0.003
5000.000	0.002
5000.000	0.000
5000.000	0.000
5000.000	0.002
5000.000	0.002
5000.000	0.000
5000.000	0.002
5000.000	0.000
5000.000	0.000
5000.000	0.001
5000.000	0.002
5000.000	0.001
5000.000	0.000
5000.000	0.000
5000.000	0.002
5000.000	0.000
5000.000	0.000
5000.000	0.001
5000.000	0.001
5000.000	0.002
5000.000	0.000
5000.000	0.002
5000.000	0.000
5000.000	0.000
5000.000	0.002
5000.000	0.001
5000.000	0.001
5000.000	0.001
5000.000	0.000
5000.000	0.000
5000.000	0.001
5000.000	0.000
5000.000	0.000
5000.000	0.001
5000.000	0.001
4942.118	0.001
4884.651	0.001
4828.506	0.001
4773.636	0.000
4720.000	0.000
4667.556	0.001
4616.264	0.000
4566.087	0.000
4516.989	0.000
4468.936	0.001
4421.895	0.001
4375.833	0.001
4330.722	0.000
4286.531	0.001
4243.232	0.000
4200.800	0.001
4159.208	0.000
4118.431	0.000
4078.447	0.000
4039.231	0.001
4000.762	0.000
3963.019	0.000
3925.981	0.001
3889.630	0.000
3853.945	0.000
3818.909	0.000
3784.505	0.000
3750.714	0.000
3717.522	0.001
3684.912	0.001
3652.870	0.000
3621.379	0.000
3590.427	0.000
3560.000	0.000
3530.084	0.001
3500.667	0.000
3471.736	0.000
3443.279	0.000
3415.285	0.000
3387.742	0.000
3360.640	0.000
3333.968	0.000
3307.717	0.000
3281.875	0.000
3256.434	0.000
3231.385	0.000
3206.718	0.000
3182.424	0.000
3158.496	0.000
3134.925	0.000
3111.704	0.001
3088.824	0.000
3066.277	0.000
3044.058	0.000
3022.158	0.000
3000.571	0.000
2979.291	0.000
2958.310	0.000
2937.622	0.001
2917.222	0.000
2897.103	0.000
2877.260	0.000
2857.687	0.000
2838.378	0.000
2819.329	0.000
2800.533	0.001
2781.987	0.000
2763.684	0.000
2745.621	0.000
2727.792	0.001
2710.194	0.000
2692.821	0.000
2675.669	0.000
2658.734	0.000
2642.013	0.000
2625.500	0.000
2609.193	0.000
2593.086	0.000
2577.178	0.000
2561.463	0.001
2545.939	0.000
2530.602	0.004
2515.449	0.001
2500.476	0.002
2485.680	0.002
2471.059	0.005
2456.608	0.003
2442.326	0.005
2428.208	0.004
2414.253	0.009
2400.457	0.009
2386.818	0.009
2373.333	0.017
2360.000	0.020
2346.816	0.015
2333.778	0.033
2320.884	0.029
2308.132	0.025
2295.519	0.026
2283.043	0.027
2270.703	0.018
2258.495	0.022
2246.417	0.026
2234.468	0.019
2222.646	0.024
2210.947	0.025
2199.372	0.038
2187.917	0.046
2176.580	0.069
2165.361	0.082
2154.256	0.092
2143.265	0.075
2132.386	0.113
2121.616	0.101
2110.955	0.114
2100.400	0.138
2089.950	0.188
2079.604	0.186
2069.360	0.239
2059.216	0.282
2049.171	0.320
2039.223	0.323
2029.372	0.370
2019.615	0.398
2009.952	0.382
2000.381	0.405
1990.900	0.450
1981.509	0.461
1972.207	0.485
1962.991	0.476
1953.860	0.531
1944.815	0.537
1935.853	0.539
1926.972	0.541
1918.174	0.523
1909.455	0.560
1900.814	0.564
1892.252	0.632
1883.767	0.577
1875.357	0.556
1867.022	0.592
1858.761	0.624
1850.573	0.649
1842.456	0.671
1834.410	0.646
1826.435	0.688
1818.528	0.727
1810.690	0.787
1802.918	0.793
1795.214	0.837
1787.574	0.796
1780.000	0.821
1772.489	0.849
1765.042	0.880
1757.657	0.859
1750.333	0.831
1743.071	0.856
1735.868	0.901
1728.724	0.902
1721.639	0.929
1714.612	0.944
1707.642	0.902
1700.729	0.896
1693.871	0.937
1687.068	0.948
1680.320	0.949
1673.625	0.972
1666.984	0.918
1660.395	0.971
1653.858	0.929
1647.373	0.951
1640.938	0.950
1634.553	0.924
1628.217	0.918
1621.931	0.963
1615.692	0.906
1609.502	0.953
1603.359	0.950
1597.262	0.926
1591.212	0.932
1585.208	0.912
1579.248	0.923
1573.333	0.902
1567.463	0.933
1561.636	0.892
1555.852	0.882
1550.111	0.866
1544.412	0.893
1538.755	0.851
1533.139	0.821
1527.564	0.813
1522.029	0.818
1516.534	0.821
1511.079	0.807
1505.663	0.811
1500.286	0.763
1494.947	0.766
1489.645	0.754
1484.382	0.756
1479.155	0.703
1473.965	0.690
1468.811	0.685
1463.693	0.719
1458.611	0.668
1453.564	0.661
1448.552	0.644
1443.574	0.597
1438.630	0.585
1433.720	0.580
1428.844	0.515
1424.000	0.487
1419.189	0.449
1414.411	0.401
1409.664	0.383
1404.950	0.356
1400.267	0.378
1395.615	0.413
1390.993	0.448
1386.403	0.506
1381.842	0.531
1377.311	0.541
1372.810	0.554
1368.339	0.511
1363.896	0.500
1359.482	0.472
1355.097	0.523
1350.740	0.516
1346.410	0.532
1342.109	0.508
1337.834	0.554
1333.587	0.497
1329.367	0.493
1325.174	0.492
1321.006	0.509
1316.865	0.474
1312.750	0.470
1308.660	0.472
1304.596	0.431
1300.557	0.456
1296.543	0.438
1292.554	0.438
1288.589	0.426
1284.648	0.441
1280.732	0.405
1276.839	0.427
1272.970	0.400
1269.124	0.402
1265.301	0.379
1261.502	0.388
1257.725	0.379
1253.970	0.374
1250.238	0.383
1246.528	0.348
1242.840	0.388
1239.174	0.348
1235.529	0.328
1231.906	0.320
1228.304	0.363
1224.723	0.324
1221.163	0.322
1217.623	0.321
1214.104	0.318
1210.605	0.286
1207.126	0.303
1203.668	0.302
1200.229	0.267
1196.809	0.291
1193.409	0.296
1190.028	0.284
1186.667	0.262
1183.324	0.267
1180.000	0.265
1176.695	0.260
1173.408	0.255
1170.139	0.258
1166.889	0.246
1163.657	0.250
1160.442	0.236
1157.245	0.240
1154.066	0.218
1150.904	0.233
1147.760	0.213
1144.632	0.217
1141.522	0.209
1138.428	0.213
1135.351	0.200
1132.291	0.209
1129.247	0.186
1126.220	0.206
1123.209	0.176
1120.213	0.178
1117.234	0.162
1114.271	0.161
1111.323	0.150
1108.391	0.172
1105.474	0.169
1102.572	0.154
1099.686	0.143
1096.815	0.159
1093.958	0.158
1091.117	0.149
1088.290	0.155
1085.478	0.146
1082.680	0.132
1079.897	0.146
1077.128	0.132
1074.373	0.142
1071.633	0.121
1068.906	0.126
1066.193	0.111
1063.494	0.119
1060.808	0.119
1058.136	0.106
1055.477	0.092
1052.832	0.112
1050.200	0.101
1047.581	0.103
1044.975	0.118
1042.382	0.101
1039.802	0.109
1037.235	0.091
1034.680	0.103
1032.138	0.093
1029.608	0.083
1027.090	0.096
1024.585	0.088
1022.092	0.086
1019.612	0.088
1017.143	0.078
1014.686	0.080
1012.241	0.085
1009.808	0.070
1007.386	0.069
1004.976	0.083
1002.578	0.070
1000.190	0.077
997.815	0.073
995.450	0.062
993.097	0.068
990.755	0.070
988.424	0.069
986.103	0.069
983.794	0.069
981.495	0.059
979.207	0.055
976.930	0.066
974.664	0.049
972.407	0.051
970.162	0.056
967.926	0.061
965.701	0.057
963.486	0.044
961.281	0.040
959.087	0.054
956.902	0.045
954.727	0.050
952.562	0.050
950.407	0.046
948.262	0.040
946.126	0.048
944.000	0.048
941.883	0.044
939.776	0.033
937.679	0.035
935.590	0.037
933.511	0.039
931.441	0.028
929.381	0.045
927.329	0.035
925.286	0.031
923.253	0.033
921.228	0.034
919.212	0.031
917.205	0.030
915.207	0.036
913.217	0.033
911.236	0.032
909.264	0.037
907.300	0.035
905.345	0.036
903.398	0.032
901.459	0.024
899.529	0.032
897.607	0.025
895.693	0.024
893.787	0.020
891.890	0.023
890.000	0.022
888.118	0.029
886.245	0.020
884.379	0.016
882.521	0.025
880.671	0.020
878.828	0.015
876.994	0.020
875.167	0.021
873.347	0.015
871.535	0.020
869.731	0.015
867.934	0.014
866.144	0.015
864.362	0.016
862.587	0.011
860.820	0.022
859.059	0.014
857.306	0.013
855.560	0.018
853.821	0.017
852.089	0.016
850.364	0.017
848.646	0.013
846.935	0.016
845.231	0.015
843.534	0.009
841.844	0.015
840.160	0.015
838.483	0.008
836.813	0.007
835.149	0.011
833.492	0.012
831.842	0.010
830.198	0.011
828.560	0.011
826.929	0.013
825.305	0.012
823.686	0.012
822.074	0.009
820.469	0.007
818.869	0.012
817.276	0.008
815.689	0.009
814.109	0.007
812.534	0.009
810.965	0.011
809.403	0.012
807.846	0.010
806.296	0.008
804.751	0.008
803.212	0.009
801.679	0.008
800.152	0.011
798.631	0.004
797.116	0.008
795.606	0.008
794.102	0.006
792.604	0.004
791.111	0.006
789.624	0.007
788.143	0.011
786.667	0.006
785.196	0.007
783.731	0.005
782.272	0.011
780.818	0.005
779.369	0.007
777.926	0.005
776.488	0.011
775.055	0.004
773.628	0.004
772.206	0.008
770.789	0.006
769.377	0.009
767.971	0.005
766.569	0.004
765.173	0.004
763.782	0.010
762.396	0.009
761.014	0.007
759.638	0.003
758.267	0.004
756.901	0.004
755.540	0.008
754.183	0.006
752.832	0.005
751.485	0.004
750.143	0.006
748.806	0.004
747.473	0.007
746.146	0.003
744.823	0.004
743.504	0.006
742.191	0.004
740.882	0.002
739.577	0.003
738.278	0.002
736.982	0.003
735.692	0.005
734.406	0.005
733.124	0.004
731.847	0.004
730.574	0.003
729.306	0.003
728.042	0.004
726.782	0.005
725.527	0.008
724.276	0.006
723.029	0.006
721.787	0.005
720.549	0.005
719.315	0.001
718.085	0.002
716.860	0.002
715.639	0.001
714.422	0.002
713.209	0.006
712.000	0.002
710.795	0.002
709.595	0.003
708.398	0.002
707.205	0.000
706.017	0.003
704.832	0.001
703.652	0.001
702.475	0.002
701.302	0.003
700.133	0.003
698.968	0.002
697.807	0.000
696.650	0.003
695.497	0.001
694.347	0.002
693.201	0.002
692.059	0.001
690.921	0.002
689.787	0.002
688.656	0.000
687.529	0.001
686.405	0.001
685.285	0.001
684.169	0.000
683.057	0.001
681.948	0.000
680.843	0.000
679.741	0.000
678.643	0.001
677.548	0.000
676.457	0.000
675.370	0.000
674.286	0.000
673.205	0.001
672.128	0.000
671.054	0.000
669.984	0.000
668.917	0.000
667.854	0.000
666.794	0.000
665.737	0.000
664.684	0.000
663.633	0.000
662.587	0.000
661.543	0.000
660.503	0.000
659.466	0.000
658.433	0.000
657.402	0.000
656.375	0.000
655.351	0.000
654.330	0.000
653.313	0.000
652.298	0.000
651.287	0.000
650.279	0.000
649.274	0.000
648.272	0.000
647.273	0.000
646.277	0.001
645.284	0.000
644.294	0.000
643.308	0.000
642.324	0.000
641.344	0.000
640.366	0.000
639.391	0.001
638.419	0.002
637.451	0.000
636.485	0.000
635.522	0.001
634.562	0.001
633.605	0.000
632.651	0.030
631.699	0.001
630.751	0.001
629.805	0.001
628.862	0.000
627.922	0.000
626.985	0.001
626.051	0.000
625.119	0.000
624.190	0.000
623.264	0.000
622.341	0.000
621.420	0.000
620.502	0.001
619.587	0.001
618.675	0.000
617.765	0.000
616.858	0.001
615.953	0.000
615.051	0.000
614.152	0.000
613.255	0.000
612.362	0.000
611.470	0.000
610.581	0.000
609.695	0.000
608.812	0.000
607.931	0.000
607.052	0.000
606.176	0.001
605.303	0.000
604.432	0.000
603.563	0.000
602.697	0.000
601.834	0.001
600.973	0.000
600.114	0.000
599.258	0.000
598.405	0.000
597.553	0.000
596.705	0.001
595.858	0.000
595.014	0.000
594.173	0.000
593.333	0.000
592.496	0.000
591.662	0.001
590.830	0.000
590.000	0.000
589.173	0.000
588.347	0.000
587.524	0.000
586.704	0.000
585.886	0.000
585.070	0.000
584.256	0.000
583.444	0.000
582.635	0.000
581.828	0.000
581.024	0.001
580.221	0.000
579.421	0.000
578.623	0.000
577.827	0.000
577.033	0.000
576.241	0.000
575.452	0.000
574.665	0.000
573.880	0.000
573.097	0.000
572.316	0.001
571.537	0.000
570.761	0.000
569.986	0.000
569.214	0.000
568.444	0.000
567.676	0.000
566.910	0.000
566.146	0.000
565.384	0.000
564.624	0.000
563.866	0.001
563.110	0.000
562.356	0.001
561.604	0.001
560.854	0.001
560.107	0.000
559.361	0.001
558.617	0.000
557.875	0.000
557.135	0.000
556.397	0.000
555.661	0.000
554.927	0.000
554.195	0.001
553.465	0.000
552.737	0.000
552.011	0.000
551.286	0.000
550.564	0.001
549.843	0.000
549.124	0.000
548.407	0.000
547.692	0.000
546.979	0.000
546.268	0.000
545.558	0.000
544.851	0.000
544.145	0.001
543.441	0.001
542.739	0.001
542.039	0.001
541.340	0.000
540.644	0.001
539.949	0.000
539.255	0.001
538.564	0.000
537.875	0.000
537.187	0.001
536.501	0.000
535.816	0.000
535.134	0.001
534.453	0.000
533.774	0.000
533.096	0.000
532.421	0.000
531.747	0.000
531.075	0.000
530.404	0.000
529.735	0.000
529.068	0.000
528.403	0.000
527.739	0.000
527.077	0.000
526.416	0.001
525.757	0.000
525.100	0.000
524.444	0.001
523.791	0.000
523.138	0.001
522.488	0.000
521.839	0.000
521.191	0.000
520.545	0.001
519.901	0.000
519.258	0.001
518.617	0.000
517.978	0.000
517.340	0.000
516.704	0.001
516.069	0.000
515.436	0.000
514.804	0.000
514.174	0.000
513.545	0.000
512.918	0.000
512.293	0.000
511.669	0.000
511.046	0.000
510.425	0.000
509.806	0.000
509.188	0.000
508.571	0.000
507.956	0.000
507.343	0.000
506.731	0.000
506.120	0.000
505.511	0.000
504.904	0.000
504.298	0.000
503.693	0.000
503.090	0.000
502.488	0.000
501.888	0.001
501.289	0.000
500.691	0.000
500.095	0.001
499.501	0.000
498.907	0.000
498.316	0.000
497.725	0.000
497.136	0.000
496.548	0.001
495.962	0.000
495.377	0.000
494.794	0.000
494.212	0.000
493.631	0.000
493.052	0.000
492.474	0.000
491.897	0.000
491.322	0.000
490.748	0.000
490.175	0.000
489.604	0.000
489.034	0.000
488.465	0.000
487.898	0.001
487.332	0.000
486.767	0.000
486.204	0.001
485.642	0.000
485.081	0.000
484.521	0.000
483.963	0.001
483.406	0.000
482.851	0.000
482.296	0.000
481.743	0.000
481.191	0.000
480.641	0.001
480.091	0.001
479.543	0.001
478.997	0.000
478.451	0.000
477.907	0.000
477.364	0.000
476.822	0.000
476.281	0.000
475.742	0.001
475.204	0.000
474.667	0.001
474.131	0.000
473.596	0.001
473.063	0.000
472.531	0.000
472.000	0.000
471.470	0.000
470.942	0.000
470.414	0.000
469.888	0.000
469.363	0.000
468.839	0.000
468.317	0.001
467.795	0.000
467.275	0.000
466.756	0.000
466.238	0.001
465.721	0.000
465.205	0.000
464.690	0.000
464.177	0.000
463.664	0.000
463.153	0.000
462.643	0.001
462.134	0.000
461.626	0.000
461.120	0.000
460.614	0.000
460.110	0.000
459.606	0.000
459.104	0.000
458.603	0.000
458.103	0.001
457.603	0.001
457.106	0.000
456.609	0.000
456.113	0.000
455.618	0.001
455.125	0.001
454.632	0.000
454.141	0.000
453.650	0.001
453.161	0.000
452.672	0.000
452.185	0.000
451.699	0.000
451.214	0.000
450.730	0.000
450.247	0.000
449.764	0.001
449.283	0.000
448.803	0.000
448.324	0.000
447.846	0.000
447.370	0.000
446.894	0.000
446.419	0.000
445.945	0.000
445.472	0.001
445.000	0.000
444.529	0.000
444.059	0.000
443.590	0.000
443.122	0.001
442.655	0.001
442.189	0.000
441.725	0.000
441.261	0.001
440.797	0.000
440.335	0.000
439.874	0.000
439.414	0.000
438.955	0.000
438.497	0.000
438.040	0.002
437.583	0.000
437.128	0.000
436.674	0.000
436.220	0.000
435.768	0.000
435.316	0.001
434.865	0.000
434.416	0.000
433.967	0.000
433.519	0.000
433.072	0.000
432.626	0.000
432.181	0.001
431.737	0.000
431.294	0.000
430.851	0.000
430.410	0.000
429.969	0.001
429.530	0.000
429.091	0.000
428.653	0.000
428.216	0.000
427.780	0.000
427.345	0.000
426.911	0.000
426.477	0.000
426.045	0.001
425.613	0.000
425.182	0.000
424.752	0.000
424.323	0.001
423.895	0.001
423.468	0.002
423.041	0.000
422.616	0.000
422.191	0.000
421.767	0.000
421.344	0.000
420.922	0.000
420.501	0.000
420.080	0.000
419.660	0.000
419.242	0.000
418.824	0.001
418.406	0.000
417.990	0.000
417.575	0.000
417.160	0.000
416.746	0.000
416.333	0.000
415.921	0.000
415.509	0.000
415.099	0.000
414.689	0.002
414.280	0.000
413.872	0.000
413.465	0.000
413.058	0.000
412.652	0.000
412.247	0.000
411.843	0.001
411.440	0.000
411.037	0.000
410.635	0.000
410.234	0.000
409.834	0.000
409.435	0.000
409.036	0.001
408.638	0.001
408.241	0.000
407.845	0.001
407.449	0.000
407.054	0.000
406.660	0.000
406.267	0.000
405.874	0.001
405.483	0.000
405.092	0.004
404.701	0.005
404.312	0.002
403.923	0.001
403.535	0.001
403.148	0.000
402.761	0.001
402.375	0.000
401.990	0.001
401.606	0.000
401.223	0.000
400.840	0.002
400.458	0.000
400.076	0.000
399.696	0.001
399.316	0.000
398.936	0.001
398.558	0.002
398.180	0.000
397.803	0.000
397.427	0.000
397.051	0.000
396.676	0.001
396.302	0.001
395.928	0.000
395.556	0.000
395.183	0.001
394.812	0.000
394.441	0.000
394.071	0.000
393.702	0.000
393.333	0.001
392.965	0.000
392.598	0.000
392.232	0.000
391.866	0.000
391.500	0.000
391.136	0.000
390.772	0.000
390.409	0.001
390.046	0.001
389.685	0.000
389.323	0.000
388.963	0.000
388.603	0.001
388.244	0.000
387.886	0.000
387.528	0.000
387.171	0.000
386.814	0.000
386.458	0.000
386.103	0.000
385.748	0.001
385.394	0.001
385.041	0.000
384.689	0.000
384.337	0.000
383.985	0.000
383.635	0.000
383.285	0.001
382.935	0.000
382.587	0.000
382.238	0.001
381.891	0.000
381.544	0.000
381.198	0.000
380.852	0.000
380.507	0.000
380.163	0.001
379.819	0.002
379.476	0.002
379.134	0.001
378.792	0.000
378.450	0.000
378.110	0.000
377.770	0.000
377.430	0.000
377.092	0.001
376.753	0.000
376.416	0.001
376.079	0.001
375.742	0.001
375.407	0.000
375.071	0.000
374.737	0.000
374.403	0.001
374.069	0.001
373.737	0.000
373.404	0.000
373.073	0.000
372.742	0.001
372.411	0.001
372.081	0.000
371.752	0.001
371.424	0.000
371.095	0.001
370.768	0.000
370.441	0.000
370.115	0.000
369.789	0.000
369.464	0.000
369.139	0.001
368.815	0.000
368.491	0.000
368.168	0.000
367.846	0.000
367.524	0.000
367.203	0.000
366.882	0.000
366.562	0.000
366.242	0.000
365.923	0.000
365.605	0.001
365.287	0.000
364.970	0.000
364.653	0.000
364.337	0.000
364.021	0.000
363.706	0.001
363.391	0.000
363.077	0.000
362.763	0.000
362.450	0.000
362.138	0.001
361.826	0.001
361.515	0.000
361.204	0.000
360.893	0.000
360.584	0.001
360.274	0.000
359.966	0.000
359.658	0.001
359.350	0.000
359.043	0.000
358.736	0.000
358.430	0.001
358.124	0.000
357.819	0.000
357.515	0.000
357.211	0.001
356.907	0.000
356.604	0.000
356.302	0.000
356.000	0.000
355.699	0.000
355.398	0.000
355.097	0.000
354.797	0.001
354.498	0.001
354.199	0.000
353.901	0.000
353.603	0.001
353.305	0.000
353.008	0.000
352.712	0.000
352.416	0.001
352.121	0.001
351.826	0.000
351.531	0.000
351.237	0.000
350.944	0.000
350.651	0.000
350.359	0.000
350.067	0.000
349.775	0.001
349.484	0.000
349.194	0.000
348.904	0.000
348.614	0.001
348.325	0.000
348.036	0.000
347.748	0.000
347.461	0.000
347.174	0.000
346.887	0.001
346.601	0.001
346.315	0.000
346.030	0.001
345.745	0.000
345.461	0.000
345.177	0.000
344.893	0.001
344.610	0.000
344.328	0.000
344.046	0.001
343.764	0.000
343.483	0.000
343.203	0.000
342.922	0.000
342.643	0.000
342.363	0.001
342.085	0.000
341.806	0.000
341.528	0.000
341.251	0.001
340.974	0.001
340.697	0.001
340.421	0.000
340.146	0.000
339.871	0.000
339.596	0.001
339.321	0.000
339.048	0.000
338.774	0.001
338.501	0.000
338.229	0.001
337.957	0.000
337.685	0.001
337.414	0.000
337.143	0.000
336.872	0.000
336.603	0.001
336.333	0.001
336.064	0.000
335.795	0.000
335.527	0.000
335.259	0.000
334.992	0.000
334.725	0.000
334.459	0.000
334.193	0.001
333.927	0.000
333.662	0.001
333.397	0.000
333.132	0.000
332.868	0.000
332.605	0.001
332.342	0.000
332.079	0.000
331.817	0.000
331.555	0.000
331.293	0.000
331.032	0.000
330.772	0.000
330.511	0.000
330.252	0.000
329.992	0.000
329.733	0.000
329.475	0.000
329.216	0.000
328.958	0.000
328.701	0.000
328.444	0.001
328.188	0.000
327.931	0.000
327.676	0.000
327.420	0.000
327.165	0.000
326.911	0.000
326.656	0.000
326.402	0.000
326.149	0.000
325.896	0.001
325.643	0.000
325.391	0.000
325.139	0.001
324.888	0.000
324.637	0.000
324.386	0.001
324.136	0.000
323.886	0.000
323.636	0.000
323.387	0.000
323.138	0.000
322.890	0.000
322.642	0.000
322.394	0.000
322.147	0.002
321.900	0.000
321.654	0.000
321.408	0.001
321.162	0.000
320.917	0.001
320.672	0.000
320.427	0.000
320.183	0.001
319.939	0.001
319.696	0.000
319.452	0.000
319.210	0.000
318.967	0.000
318.725	0.000
318.484	0.000
318.242	0.001
318.002	0.000
317.761	0.000
317.521	0.000
317.281	0.000
317.042	0.001
316.802	0.001
316.564	0.001
316.325	0.008
316.087	0.001
315.850	0.001
315.612	0.001
315.375	0.001
315.139	0.000
314.903	0.000
314.667	0.001
314.431	0.000
314.196	0.001
313.961	0.000
313.727	0.000
313.493	0.000
313.259	0.001
313.025	0.000
312.792	0.000
312.560	0.000
312.327	0.000
312.095	0.000
311.863	0.000
311.632	0.000
311.401	0.000
311.170	0.000
310.940	0.000
310.710	0.000
310.480	0.001
310.251	0.000
310.022	0.000
309.794	0.000
309.565	0.000
309.337	0.000
309.110	0.000
308.882	0.000
308.655	0.000
308.429	0.000
308.202	0.000
307.977	0.000
307.751	0.000
307.526	0.000
307.301	0.000
307.076	0.001
306.852	0.000
306.628	0.001
306.404	0.000
306.181	0.000
305.958	0.000
305.735	0.000
305.513	0.000
305.291	0.000
305.069	0.000
304.848	0.000
304.627	0.001
304.406	0.001
304.185	0.000
303.965	0.001
303.745	0.000
303.526	0.001
303.307	0.000
303.088	0.000
302.870	0.000
302.651	0.000
302.433	0.000
302.216	0.000
301.999	0.000
301.782	0.000
301.565	0.000
301.349	0.000
301.133	0.000
300.917	0.000
300.702	0.000
300.486	0.000
300.272	0.000
300.057	0.000
299.843	0.000
299.629	0.000
299.416	0.000
299.202	0.000
298.989	0.000
298.777	0.000
298.564	0.000
298.352	0.000
298.141	0.000
297.929	0.001
297.718	0.000
297.507	0.000
297.297	0.001
297.086	0.001
296.876	0.000
296.667	0.000
296.457	0.000
296.248	0.000
296.039	0.000
295.831	0.001
295.623	0.000
295.415	0.000
295.207	0.000
295.000	0.001
294.793	0.000
294.586	0.000
294.380	0.000
294.174	0.000
293.968	0.000
293.762	0.000
293.557	0.000
293.352	0.000
293.147	0.000
292.943	0.000
292.739	0.000
292.535	0.000
292.331	0.000
292.128	0.000
291.925	0.000
291.722	0.000
291.520	0.000
291.318	0.000
291.116	0.000
290.914	0.000
290.713	0.001
290.512	0.000
290.311	0.000
290.110	0.001
289.910	0.000
289.710	0.000
289.511	0.000
289.311	0.000
289.112	0.000
288.913	0.000
288.715	0.000
288.516	0.000
288.318	0.000
288.121	0.001
287.923	0.000
287.726	0.001
287.529	0.000
287.332	0.000
287.136	0.000
286.940	0.000
286.744	0.000
286.548	0.000
286.353	0.000
286.158	0.001
285.963	0.000
285.769	0.000
285.574	0.001
285.380	0.000
285.187	0.000
284.993	0.000
284.800	0.000
284.607	0.001
284.414	0.000
284.222	0.001
284.030	0.001
283.838	0.000
283.646	0.000
283.455	0.000
283.264	0.000
283.073	0.000
282.882	0.000
282.692	0.000
282.502	0.000
282.312	0.000
282.122	0.000
281.933	0.000
281.744	0.000
281.555	0.000
281.366	0.000
281.178	0.001
280.990	0.000
280.802	0.000
280.615	0.000
280.427	0.000
280.240	0.000
280.053	0.001
279.867	0.000
279.680	0.000
279.494	0.000
279.309	0.000
279.123	0.000
278.938	0.000
278.752	0.000
278.568	0.000
278.383	0.000
278.199	0.000
278.015	0.000
277.831	0.000
277.647	0.000
277.464	0.000
277.281	0.000
277.098	0.000
276.915	0.000
276.733	0.000
276.550	0.000
276.368	0.000
276.187	0.000
276.005	0.000
275.824	0.001
275.643	0.000
275.462	0.001
275.282	0.001
275.102	0.000
274.921	0.000
274.742	0.000
274.562	0.000
274.383	0.000
274.204	0.000
274.025	0.000
273.846	0.001
273.668	0.000
273.490	0.000
273.312	0.000
273.134	0.001
272.956	0.000
272.779	0.000
272.602	0.000
272.425	0.000
272.249	0.001
272.073	0.001
271.896	0.000
271.721	0.000
271.545	0.001
271.370	0.000
271.194	0.001
271.019	0.000
270.845	0.000
270.670	0.000
270.496	0.000
270.322	0.000
270.148	0.001
269.974	0.000
269.801	0.000
269.628	0.000
269.455	0.000
269.282	0.000
269.110	0.000
268.937	0.001
268.765	0.001
268.593	0.000
268.422	0.000
268.250	0.001
268.079	0.000
267.908	0.000
267.737	0.000
267.567	0.000
267.397	0.000
267.226	0.001
267.057	0.000
266.887	0.000
266.717	0.000
266.548	0.000
266.379	0.000
266.210	0.000
266.042	0.001
265.873	0.000
265.705	0.000
265.537	0.000
265.370	0.001
265.202	0.000
265.035	0.000
264.868	0.001
264.701	0.000
264.534	0.000
264.368	0.000
264.201	0.001
264.035	0.000
263.869	0.000
263.704	0.000
263.538	0.000
263.373	0.000
263.208	0.000
263.043	0.000
262.879	0.000
262.714	0.000
262.550	0.001
262.386	0.000
262.222	0.001
262.059	0.000
261.895	0.001
261.732	0.001
261.569	0.002
261.406	0.000
261.244	0.001
261.081	0.000
260.919	0.000
260.757	0.002
260.596	0.001
260.434	0.001
260.273	0.000
260.111	0.002
259.950	0.001
259.790	0.001
259.629	0.002
259.469	0.004
259.309	0.002
259.149	0.004
258.989	0.001
258.829	0.002
258.670	0.002
258.511	0.003
258.352	0.005
258.193	0.003
258.034	0.003
257.876	0.004
257.718	0.004
257.560	0.004
257.402	0.007
257.244	0.008
257.087	0.007
256.930	0.005
256.773	0.003
256.616	0.002
256.459	0.002
256.303	0.004
256.146	0.007
255.990	0.011
255.834	0.005
255.679	0.012
255.523	0.003
255.368	0.005
255.213	0.002
255.058	0.003
254.903	0.001
254.748	0.003
254.594	0.009
254.440	0.008
254.286	0.005
254.132	0.007
253.978	0.014
253.825	0.009
253.671	0.009
253.518	0.009
253.366	0.009
253.213	0.017
253.060	0.014
252.908	0.012
252.756	0.024
252.604	0.015
252.452	0.022
252.300	0.014
252.149	0.020
251.998	0.022
251.847	0.015
251.696	0.020
251.545	0.014
251.394	0.018
251.244	0.009
251.094	0.008
250.944	0.010
250.794	0.012
250.644	0.009
250.495	0.009
250.346	0.008
250.197	0.007
250.048	0.003
249.899	0.003
249.750	0.003
249.602	0.001
249.454	0.001
249.306	0.001
249.158	0.001
249.010	0.000
248.863	0.000
248.715	0.001
248.568	0.002
248.421	0.006
248.274	0.001
248.128	0.008
247.981	0.006
247.835	0.006
247.689	0.005
247.543	0.009
247.397	0.009
247.251	0.010
247.106	0.013
246.961	0.010
246.816	0.009
246.671	0.013
246.526	0.009
246.381	0.014
246.237	0.012
246.093	0.008
245.948	0.018
245.805	0.007
245.661	0.005
245.517	0.006
245.374	0.006
245.231	0.003
245.088	0.003
244.945	0.002
244.802	0.000
244.659	0.003
244.517	0.001
244.375	0.002
244.233	0.006
244.091	0.006
243.949	0.008
243.807	0.012
243.666	0.012
243.525	0.005
243.384	0.004
243.243	0.010
243.102	0.020
242.961	0.050
242.821	0.095
242.681	0.111
242.540	0.161
242.400	0.189
242.261	0.193
242.121	0.190
241.982	0.164
241.842	0.115
241.703	0.082
241.564	0.054
241.425	0.033
241.287	0.028
241.148	0.009
241.010	0.008
240.872	0.000
240.734	0.003
240.596	0.005
240.458	0.016
240.320	0.032
240.183	0.052
240.046	0.041
239.909	0.027
239.772	0.021
239.635	0.006
239.498	0.005
239.362	0.002
239.226	0.001
239.089	0.003
238.953	0.010
238.818	0.002
238.682	0.003
238.546	0.008
238.411	0.003
238.276	0.012
238.141	0.021
238.006	0.010
237.871	0.007
237.736	0.000
237.602	0.004
237.467	0.002
237.333	0.004
237.199	0.012
237.065	0.019
236.932	0.005
236.798	0.006
236.665	0.001
236.532	0.002
236.398	0.006
236.265	0.007
236.133	0.011
236.000	0.005
235.867	0.009
235.735	0.007
235.603	0.006
235.471	0.010
235.339	0.008
235.207	0.007
235.076	0.004
234.944	0.000
234.813	0.005
234.682	0.016
234.551	0.009
234.420	0.014
234.289	0.014
234.158	0.003
234.028	0.000
233.898	0.004
233.767	0.001
233.637	0.003
233.508	0.014
233.378	0.010
233.248	0.004
233.119	0.003
232.989	0.007
232.860	0.004
232.731	0.003
232.602	0.006
232.474	0.010
232.345	0.001
232.217	0.003
232.088	0.018
231.960	0.020
231.832	0.019
231.704	0.011
231.577	0.000
231.449	0.002
231.322	0.010
231.194	0.019
231.067	0.029
230.940	0.029
230.813	0.011
230.686	0.001
230.560	0.006
230.433	0.013
230.307	0.002
230.181	0.007
230.055	0.009
229.929	0.000
229.803	0.002
229.677	0.011
229.552	0.028
229.427	0.012
229.301	0.001
229.176	0.003
229.051	0.008
228.926	0.001
228.802	0.017
228.677	0.041
228.553	0.021
228.428	0.008
228.304	0.017
228.180	0.017
228.056	0.010
227.933	0.005
227.809	0.014
227.686	0.011
227.562	0.006
227.439	0.042
227.316	0.038
227.193	0.046
227.070	0.010
226.948	0.005
226.825	0.006
226.703	0.000
226.580	0.012
226.458	0.033
226.336	0.028
226.214	0.018
226.093	0.028
225.971	0.034
225.849	0.006
225.728	0.004
225.607	0.004
225.486	0.013
225.365	0.010
225.244	0.041
225.123	0.067
225.003	0.036
224.882	0.014
224.762	0.044
224.642	0.029
224.522	0.001
224.402	0.010
224.282	0.025
224.162	0.012
224.043	0.037
223.923	0.049
223.804	0.047
223.685	0.010
223.566	0.004
223.447	0.007
223.328	0.014
223.209	0.014
223.091	0.029
222.972	0.016
222.854	0.038
222.736	0.074
222.618	0.052
222.500	0.003
222.382	0.009
222.265	0.008
222.147	0.037
222.030	0.100
221.912	0.092
221.795	0.052
221.678	0.053
221.561	0.055
221.444	0.003
221.328	0.030
221.211	0.044
221.095	0.021
220.978	0.068
220.862	0.079
220.746	0.029
220.630	0.016
220.514	0.018
220.399	0.003
220.283	0.016
220.168	0.023
220.052	0.006
219.937	0.019
219.822	0.037
219.707	0.008
219.592	0.002
219.478	0.012
219.363	0.005
219.248	0.034
219.134	0.045
219.020	0.013
218.906	0.016
218.792	0.023
218.678	0.009
218.564	0.007
218.450	0.000
218.337	0.011
218.223	0.020
218.110	0.014
217.997	0.000
217.884	0.003
217.771	0.000
217.658	0.006
217.545	0.018
217.433	0.027
217.320	0.010
217.208	0.022
217.096	0.028
216.983	0.014
216.871	0.002
216.760	0.006
216.648	0.046
216.536	0.041
216.425	0.004
216.313	0.024
216.202	0.033
216.091	0.012
215.979	0.006
215.868	0.001
215.758	0.017
215.647	0.045
215.536	0.018
215.426	0.002
215.315	0.033
215.205	0.021
215.095	0.022
214.985	0.026
214.875	0.079
214.765	0.049
214.655	0.052
214.545	0.113
214.436	0.050
214.327	0.055
214.217	0.086
214.108	0.047
213.999	0.007
213.890	0.028
213.781	0.118
213.672	0.114
213.564	0.018
213.455	0.120
213.347	0.139
213.239	0.032
213.130	0.018
213.022	0.123
212.914	0.058
212.806	0.028
212.699	0.066
212.591	0.141
212.484	0.002
212.376	0.125
212.269	0.053
212.162	0.011
212.055	0.049
211.948	0.016
211.841	0.024
211.734	0.010
211.627	0.011
211.521	0.046
211.414	0.015
211.308	0.005
211.202	0.014
211.095	0.004
210.989	0.028
210.884	0.064
210.778	0.000
210.672	0.014
210.566	0.020
210.461	0.005
210.356	0.033
210.250	0.042
210.145	0.056
210.040	0.030
209.935	0.002
209.830	0.043
209.725	0.001
209.621	0.025
209.516	0.014
209.412	0.002
209.307	0.017
209.203	0.000
209.099	0.006
208.995	0.001
208.891	0.002
208.787	0.004
208.684	0.001
208.580	0.007
208.476	0.002
208.373	0.008
208.270	0.002
208.167	0.010
208.063	0.003
207.960	0.003
207.857	0.001
207.755	0.009
207.652	0.003
207.549	0.000
207.447	0.009
207.345	0.000
207.242	0.025
207.140	0.004
207.038	0.001
206.936	0.012
206.834	0.006
206.732	0.026
206.631	0.007
206.529	0.020
206.428	0.001
206.326	0.017
206.225	0.009
206.124	0.014
206.023	0.001
205.922	0.004
205.821	0.035
205.720	0.007
205.619	0.028
205.519	0.002
205.418	0.030
205.318	0.001
205.217	0.024
205.117	0.012
205.017	0.021
204.917	0.016
204.817	0.055
204.717	0.003
204.618	0.005
204.518	0.013
204.418	0.007
204.319	0.040
204.220	0.009
204.121	0.030
204.021	0.027
203.922	0.063
203.823	0.017
203.725	0.038
203.626	0.061
203.527	0.045
203.429	0.065
203.330	0.058
203.232	0.031
203.133	0.023
203.035	0.244
202.937	0.142
202.839	0.164
202.741	0.130
202.644	0.235
202.546	0.546
202.448	1.045
202.351	0.694
202.253	0.421
202.156	0.123
202.059	0.159
201.962	0.106
201.864	0.072
201.768	0.098
201.671	0.018
201.574	0.011
201.477	0.018
201.381	0.061
201.284	0.027
201.188	0.016
201.091	0.022
200.995	0.014
200.899	0.004
200.803	0.046
200.707	0.053
200.611	0.028
200.516	0.002
200.420	0.119
200.324	0.147
200.229	0.065
200.133	0.005
200.038	0.031
199.943	0.323
199.848	0.256
199.753	0.063
199.658	0.034
199.563	0.115
199.468	0.210
199.374	0.170
199.279	0.071
199.184	0.034
199.090	0.059
198.996	0.071
198.902	0.063
198.807	0.035
198.713	0.039
198.619	0.027
198.526	0.005
198.432	0.007
198.338	0.034
198.244	0.077
198.151	0.082
198.058	0.056
197.964	0.021
197.871	0.007
197.778	0.008
197.685	0.008
197.592	0.005
197.499	0.026
197.406	0.037
197.313	0.042
197.221	0.015
197.128	0.005
197.036	0.010
196.943	0.022
196.851	0.045
196.759	0.058
196.667	0.043
196.575	0.029
196.483	0.033
196.391	0.017
196.299	0.009
196.207	0.006
196.116	0.001
196.024	0.004
195.933	0.012
195.841	0.009
195.750	0.008
195.659	0.006
195.568	0.000
195.477	0.000
195.386	0.004
195.295	0.006
195.204	0.025
195.114	0.042
195.023	0.041
194.933	0.063
194.842	0.017
194.752	0.015
194.662	0.011
194.572	0.002
194.481	0.009
194.391	0.007
194.302	0.014
194.212	0.030
194.122	0.014
194.032	0.017
193.943	0.013
193.853	0.014
193.764	0.004
193.675	0.002
193.585	0.001
193.496	0.001
193.407	0.013
193.318	0.008
193.229	0.005
193.140	0.004
193.051	0.015
192.963	0.025
192.874	0.008
192.786	0.005
192.697	0.026
192.609	0.005
192.521	0.034
192.432	0.032
192.344	0.017
192.256	0.052
192.168	0.037
192.080	0.030
191.993	0.015
191.905	0.011
191.817	0.003
191.730	0.001
191.642	0.001
191.555	0.003
191.468	0.003
191.380	0.003
191.293	0.010
191.206	0.006
191.119	0.005
191.032	0.005
190.945	0.000
190.859	0.004
190.772	0.003
190.685	0.010
190.599	0.018
190.512	0.018
190.426	0.015
190.340	0.024
190.254	0.030
190.167	0.033
190.081	0.041
189.995	0.041
189.910	0.042
189.824	0.029
189.738	0.019
189.652	0.011
189.567	0.023
189.481	0.036
189.396	0.035
189.311	0.036
189.225	0.047
189.140	0.052
189.055	0.036
188.970	0.035
188.885	0.038
188.800	0.039
188.715	0.016
188.630	0.019
188.546	0.006
188.461	0.004
188.377	0.002
188.292	0.005
188.208	0.012
188.124	0.014
188.039	0.018
187.955	0.016
187.871	0.015
187.787	0.014
187.703	0.010
187.619	0.007
187.536	0.009
187.452	0.003
187.368	0.002
187.285	0.000
187.201	0.002
187.118	0.001
187.035	0.002
186.951	0.004
186.868	0.002
186.785	0.001
186.702	0.004
186.619	0.007
186.536	0.002
186.454	0.001
186.371	0.005
186.288	0.008
186.206	0.002
186.123	0.003
186.041	0.003
185.958	0.001
185.876	0.003
185.794	0.002
185.712	0.001
185.630	0.001
185.548	0.001
185.466	0.002
185.384	0.001
185.302	0.001
185.220	0.002
185.139	0.004
185.057	0.001
184.976	0.006
184.894	0.008
184.813	0.005
184.732	0.007
184.651	0.008
184.569	0.007
184.488	0.007
184.407	0.003
184.326	0.010
184.246	0.007
184.165	0.005
184.084	0.003
184.004	0.010
183.923	0.006
183.842	0.006
183.762	0.004
183.682	0.007
183.601	0.005
183.521	0.002
183.441	0.004
183.361	0.004
183.281	0.006
183.201	0.005
183.121	0.006
183.041	0.005
182.962	0.013
182.882	0.007
182.802	0.002
182.723	0.004
182.643	0.003
182.564	0.002
182.485	0.005
182.406	0.003
182.326	0.003
182.247	0.004
182.168	0.003
182.089	0.005
182.010	0.003
181.932	0.005
181.853	0.005
181.774	0.003
181.696	0.004
181.617	0.003
181.538	0.007
181.460	0.006
181.382	0.004
181.303	0.003
181.225	0.002
181.147	0.002
181.069	0.002
180.991	0.003
180.913	0.002
180.835	0.003
180.757	0.005
180.680	0.005
180.602	0.002
180.524	0.001
180.447	0.003
180.369	0.001
180.292	0.002
180.215	0.000
180.137	0.000
180.060	0.000
179.983	0.000
179.906	0.000
179.829	0.002
179.752	0.003
179.675	0.000
179.598	0.000
179.521	0.003
179.445	0.001
179.368	0.002
179.292	0.002
179.215	0.003
179.139	0.003
179.062	0.002
178.986	0.003
178.910	0.003
178.834	0.001
178.757	0.001
178.681	0.001
178.605	0.000
178.530	0.000
178.454	0.001
178.378	0.002
178.302	0.001
178.227	0.002
178.151	0.002
178.075	0.001
178.000	0.001
177.925	0.001
177.849	0.001
177.774	0.001
177.699	0.001
177.624	0.002
177.549	0.000
177.474	0.001
177.399	0.002
177.324	0.000
177.249	0.002
177.174	0.000
177.099	0.000
177.025	0.000
176.950	0.000
176.876	0.000
176.801	0.001
176.727	0.000
176.653	0.000
176.578	0.001
176.504	0.001
176.430	0.000
176.356	0.001
176.282	0.000
176.208	0.001
176.134	0.000
176.060	0.000
175.987	0.001
175.913	0.001
175.839	0.000
175.766	0.001
175.692	0.001
175.619	0.001
175.545	0.000
175.472	0.000
175.399	0.000
175.326	0.001
175.252	0.000
175.179	0.000
175.106	0.001
175.033	0.001
174.960	0.000
174.888	0.000
174.815	0.000
174.742	0.000
174.669	0.001
174.597	0.000
174.524	0.000
174.452	0.001
174.379	0.000
174.307	0.000
174.235	0.000
174.163	0.000
174.090	0.000
174.018	0.000
173.946	0.000
173.874	0.000
173.802	0.000
173.730	0.000
173.659	0.000
173.587	0.000
173.515	0.000
173.443	0.000
173.372	0.001
173.300	0.001
173.229	0.000
173.157	0.000
173.086	0.000
173.015	0.000
172.944	0.000
172.872	0.000
172.801	0.000
172.730	0.000
172.659	0.000
172.588	0.001
172.517	0.001
172.447	0.001
172.376	0.001
172.305	0.000
172.235	0.000
172.164	0.000
172.093	0.000
172.023	0.000
171.953	0.000
171.882	0.001
171.812	0.000
171.742	0.000
171.671	0.000
171.601	0.000
171.531	0.001
171.461	0.000
171.391	0.000
171.321	0.000
171.252	0.000
171.182	0.000
171.112	0.000
171.042	0.001
170.973	0.000
170.903	0.000
170.834	0.000
170.764	0.000
170.695	0.000
170.626	0.001
170.556	0.001
170.487	0.000
170.418	0.000
170.349	0.000
170.280	0.000
170.211	0.000
170.142	0.000
170.073	0.000
170.004	0.000
169.935	0.000
169.867	0.000
169.798	0.000
169.729	0.001
169.661	0.000
169.592	0.000
169.524	0.000
169.455	0.001
169.387	0.000
169.319	0.001
169.251	0.000
169.182	0.000
169.114	0.000
169.046	0.000
168.978	0.000
168.910	0.000
168.842	0.000
168.775	0.000
168.707	0.000
168.639	0.002
168.571	0.000
168.504	0.001
168.436	0.000
168.369	0.000
168.301	0.000
168.234	0.000
168.167	0.000
168.099	0.000
168.032	0.000
167.965	0.001
167.898	0.001
167.831	0.000
167.764	0.000
167.697	0.001
167.630	0.000
167.563	0.000
167.496	0.000
167.429	0.001
167.363	0.000
167.296	0.000
167.229	0.000
167.163	0.000
167.096	0.000
167.030	0.000
166.963	0.000
166.897	0.000
166.831	0.000
166.765	0.000
166.698	0.000
166.632	0.000
166.566	0.000
166.500	0.000
166.434	0.001
166.368	0.000
166.302	0.000
166.237	0.000
166.171	0.000
166.105	0.000
166.040	0.000
165.974	0.000
165.908	0.000
165.843	0.000
165.777	0.001
165.712	0.000
165.647	0.000
165.581	0.000
165.516	0.000
165.451	0.000
165.386	0.000
165.321	0.000
165.256	0.000
165.191	0.000
165.126	0.000
165.061	0.000
164.996	0.000
164.931	0.001
164.867	0.000
164.802	0.000
164.737	0.000
164.673	0.000
164.608	0.000
164.544	0.000
164.479	0.000
164.415	0.001
164.351	0.000
164.286	0.000
164.222	0.001
164.158	0.000
164.094	0.000
164.030	0.000
163.966	0.001
163.902	0.000
163.838	0.000
163.774	0.000
163.710	0.000
163.646	0.000
163.583	0.000
163.519	0.001
163.455	0.000
163.392	0.001
163.328	0.000
163.265	0.000
163.201	0.000
163.138	0.000
163.075	0.000
163.011	0.000
162.948	0.000
162.885	0.001
162.822	0.001
162.759	0.001
162.696	0.000
162.633	0.000
162.570	0.000
162.507	0.000
162.444	0.000
162.381	0.000
162.318	0.000
162.256	0.000
162.193	0.001
162.130	0.000
162.068	0.000
162.005	0.000
161.943	0.000
161.881	0.001
161.818	0.000
161.756	0.000
161.694	0.000
161.631	0.000
161.569	0.001
161.507	0.000
161.445	0.000
161.383	0.001
161.321	0.000
161.259	0.000
161.197	0.001
161.135	0.001
161.074	0.000
161.012	0.000
160.950	0.000
160.889	0.000
160.827	0.001
160.765	0.000
160.704	0.001
160.642	0.000
160.581	0.000
160.520	0.000
160.458	0.000
160.397	0.000
160.336	0.000
160.275	0.000
160.214	0.000
160.152	0.000
160.091	0.001
160.030	0.000
159.970	0.001
159.909	0.000
159.848	0.000
159.787	0.000
159.726	0.000
159.666	0.001
159.605	0.001
159.544	0.000
159.484	0.000
159.423	0.000
159.363	0.000
159.302	0.000
159.242	0.000
159.182	0.000
159.121	0.000
159.061	0.000
159.001	0.000
158.941	0.001
158.880	0.000
158.820	0.000
158.760	0.000
158.700	0.000
158.640	0.000
158.581	0.000
158.521	0.000
158.461	0.001
158.401	0.000
158.342	0.000
158.282	0.000
158.222	0.000
158.163	0.001
158.103	0.000
158.044	0.001
157.984	0.000
157.925	0.001
157.865	0.000
157.806	0.000
157.747	0.000
157.688	0.000
157.629	0.000
157.569	0.000
157.510	0.000
157.451	0.000
157.392	0.000
157.333	0.000
157.274	0.000
157.216	0.000
157.157	0.000
157.098	0.000
157.039	0.000
156.981	0.000
156.922	0.000
156.863	0.000
156.805	0.000
156.746	0.000
156.688	0.001
156.629	0.000
156.571	0.000
156.513	0.000
156.454	0.000
156.396	0.000
156.338	0.000
156.280	0.000
156.222	0.001
156.164	0.000
156.106	0.000
156.048	0.000
155.990	0.000
155.932	0.000
155.874	0.000
155.816	0.000
155.758	0.000
155.701	0.001
155.643	0.000
155.585	0.001
155.528	0.000
155.470	0.000
155.413	0.000
155.355	0.000
155.298	0.000
155.240	0.000
155.183	0.001
155.126	0.000
155.068	0.000
155.011	0.001
154.954	0.000
154.897	0.000
154.840	0.000
154.783	0.000
154.726	0.000
154.669	0.000
154.612	0.000
154.555	0.000
154.498	0.000
154.441	0.002
154.384	0.000
154.328	0.000
154.271	0.000
154.214	0.000
154.158	0.000
154.101	0.000
154.045	0.001
153.988	0.000
153.932	0.000
153.875	0.000
153.819	0.000
153.763	0.001
153.707	0.000
153.650	0.000
153.594	0.000
153.538	0.000
153.482	0.000
153.426	0.001
153.370	0.001
153.314	0.001
153.258	0.000
153.202	0.000
153.146	0.000
153.090	0.000
153.035	0.000
152.979	0.000
152.923	0.000
152.868	0.000
152.812	0.000
152.756	0.000
152.701	0.001
152.645	0.000
152.590	0.000
152.534	0.000
152.479	0.000
152.424	0.000
152.369	0.000
152.313	0.000
152.258	0.000
152.203	0.001
152.148	0.000
152.093	0.000
152.038	0.000
151.983	0.000
151.928	0.000
151.873	0.000
151.818	0.000
151.763	0.000
151.708	0.000
151.653	0.000
151.599	0.000
151.544	0.000
151.489	0.000
151.435	0.000
151.380	0.000
151.326	0.000
151.271	0.000
151.217	0.000
151.162	0.000
151.108	0.000
151.054	0.000
150.999	0.000
150.945	0.000
150.891	0.000
150.837	0.000
150.782	0.000
150.728	0.000
150.674	0.000
150.620	0.000
150.566	0.000
150.512	0.000
150.458	0.000
150.405	0.000
150.351	0.000
150.297	0.000
150.243	0.000
150.189	0.000
150.136	0.000
150.082	0.000
150.029	0.000
149.975	0.000
149.921	0.000
149.868	0.000
149.815	0.000
149.761	0.001
149.708	0.000
149.654	0.000
149.601	0.000
149.548	0.000
149.495	0.000
149.441	0.000
149.388	0.000
149.335	0.000
149.282	0.001
149.229	0.000
149.176	0.001
149.123	0.001
149.070	0.000
149.017	0.000
148.965	0.000
148.912	0.000
148.859	0.000
148.806	0.000
148.754	0.000
148.701	0.000
148.648	0.001
148.596	0.000
148.543	0.000
148.491	0.000
148.438	0.000
148.386	0.001
148.333	0.000
148.281	0.000
148.229	0.000
148.176	0.000
148.124	0.000
148.072	0.000
148.020	0.000
147.968	0.000
147.915	0.000
147.863	0.000
147.811	0.000
147.759	0.000
147.707	0.000
147.656	0.000
147.604	0.000
147.552	0.001
147.500	0.000
147.448	0.000
147.396	0.000
147.345	0.000
147.293	0.000
147.242	0.000
147.190	0.000
147.138	0.000
147.087	0.000
147.035	0.000
146.984	0.000
146.932	0.000
146.881	0.000
146.830	0.000
146.778	0.000
146.727	0.000
146.676	0.000
146.625	0.000
146.574	0.000
146.522	0.000
146.471	0.000
146.420	0.000
146.369	0.000
146.318	0.000
146.267	0.000
146.216	0.001
146.166	0.000
146.115	0.000
146.064	0.000
146.013	0.000
145.962	0.000
145.912	0.001
145.861	0.000
145.810	0.000
145.760	0.000
145.709	0.000
145.659	0.000
145.608	0.000
145.558	0.000
145.507	0.000
145.457	0.000
145.407	0.001
145.356	0.000
145.306	0.000
145.256	0.000
145.206	0.000
145.155	0.000
145.105	0.001
145.055	0.000
145.005	0.001
144.955	0.000
144.905	0.000
144.855	0.000
144.805	0.000
144.755	0.000
144.705	0.000
144.656	0.000
144.606	0.000
144.556	0.000
144.506	0.000
144.457	0.000
144.407	0.000
144.357	0.000
144.308	0.001
144.258	0.000
144.209	0.000
144.159	0.000
144.110	0.000
144.060	0.000
144.011	0.000
143.962	0.000
143.912	0.000
143.863	0.000
143.814	0.000
143.765	0.000
143.715	0.000
143.666	0.000
143.617	0.000
143.568	0.000
143.519	0.000
143.470	0.000
143.421	0.000
143.372	0.000
143.323	0.000
143.274	0.000
143.225	0.000
143.177	0.000
143.128	0.000
143.079	0.000
143.030	0.000
142.982	0.000
142.933	0.000
142.884	0.000
142.836	0.000
142.787	0.000
142.739	0.000
142.690	0.000
142.642	0.000
142.593	0.000
142.545	0.000
142.497	0.000
142.448	0.000
142.400	0.000
142.352	0.000
142.304	0.000
142.255	0.000
142.207	0.000
142.159	0.000
142.111	0.000
142.063	0.000
142.015	0.000
141.967	0.000
141.919	0.000
141.871	0.000
141.823	0.000
141.775	0.000
141.727	0.001
141.680	0.000
141.632	0.000
141.584	0.000
141.536	0.000
141.489	0.000
141.441	0.000
141.393	0.000
141.346	0.000
141.298	0.000
141.251	0.000
141.203	0.000
141.156	0.000
141.108	0.000
141.061	0.000
141.014	0.000
140.966	0.000
140.919	0.000
140.872	0.000
140.825	0.000
140.777	0.000
140.730	0.000
140.683	0.000
140.636	0.000
140.589	0.000
140.542	0.001
140.495	0.000
140.448	0.000
140.401	0.000
140.354	0.000
140.307	0.000
140.260	0.000
140.214	0.000
140.167	0.001
140.120	0.000
140.073	0.000
140.027	0.000
139.980	0.000
139.933	0.000
139.887	0.000
139.840	0.000
139.794	0.000
139.747	0.000
139.701	0.000
139.654	0.000
139.608	0.000
139.561	0.000
139.515	0.000
139.469	0.000
139.423	0.000
139.376	0.000
139.330	0.000
139.284	0.000
139.238	0.000
139.192	0.000
139.145	0.000
139.099	0.000
139.053	0.000
139.007	0.000
138.961	0.000
138.915	0.000
138.869	0.000
138.824	0.000
138.778	0.000
138.732	0.000
138.686	0.000
138.640	0.000
138.595	0.000
138.549	0.000
138.503	0.000
138.457	0.000
138.412	0.001
138.366	0.000
138.321	0.000
138.275	0.000
138.230	0.000
138.184	0.000
138.139	0.000
138.093	0.000
138.048	0.000
138.003	0.001
137.957	0.000
137.912	0.000
137.867	0.000
137.822	0.000
137.776	0.000
137.731	0.000
137.686	0.000
137.641	0.000
137.596	0.000
137.551	0.000
137.506	0.000
137.461	0.000
137.416	0.000
137.371	0.001
137.326	0.000
137.281	0.000
137.236	0.000
137.191	0.000
137.147	0.000
137.102	0.000
137.057	0.000
137.012	0.000
136.968	0.000
136.923	0.000
136.878	0.000
136.834	0.001
136.789	0.000
136.745	0.000
136.700	0.000
136.656	0.000
136.611	0.000
136.567	0.001
136.523	0.000
136.478	0.000
136.434	0.000
136.390	0.000
136.345	0.000
136.301	0.000
136.257	0.000
136.213	0.000
136.169	0.000
136.124	0.000
136.080	0.000
136.036	0.000
135.992	0.000
135.948	0.000
135.904	0.000
135.860	0.000
135.816	0.001
135.772	0.000
135.729	0.000
135.685	0.000
135.641	0.000
135.597	0.000
135.553	0.000
135.510	0.000
135.466	0.001
135.422	0.000
135.379	0.001
135.335	0.000
135.291	0.000
135.248	0.000
135.204	0.000
135.161	0.001
135.117	0.000
135.074	0.000
135.031	0.001
134.987	0.000
134.944	0.000
134.900	0.001
134.857	0.001
134.814	0.000
134.771	0.000
134.727	0.000
134.684	0.000
134.641	0.000
134.598	0.000
134.555	0.000
134.512	0.000
134.469	0.000
134.426	0.000
134.383	0.000
134.340	0.000
134.297	0.000
134.254	0.000
134.211	0.000
134.168	0.000
134.125	0.000
134.082	0.000
134.040	0.000
133.997	0.000
133.954	0.000
133.911	0.000
133.869	0.000
133.826	0.000
133.783	0.000
133.741	0.000
133.698	0.000
133.656	0.000
133.613	0.000
133.571	0.000
133.528	0.000
133.486	0.000
133.443	0.000
133.401	0.000
133.359	0.000
133.316	0.000
133.274	0.000
133.232	0.000
133.190	0.000
133.147	0.000
133.105	0.000
133.063	0.000
133.021	0.000
132.979	0.000
132.937	0.000
132.895	0.000
132.853	0.000
132.811	0.000
132.769	0.000
132.727	0.000
132.685	0.000
132.643	0.000
132.601	0.001
132.559	0.000
132.517	0.001
132.476	0.000
132.434	0.000
132.392	0.000
132.350	0.000
132.309	0.000
132.267	0.000
132.225	0.000
132.184	0.000
132.142	0.000
132.101	0.000
132.059	0.001
132.018	0.000
131.976	0.001
131.935	0.000
131.893	0.000
131.852	0.000
131.810	0.000
131.769	0.000
131.728	0.000
131.687	0.000
131.645	0.000
131.604	0.001
131.563	0.000
131.522	0.000
131.480	0.000
131.439	0.000
131.398	0.001
131.357	0.000
131.316	0.000
131.275	0.000
131.234	0.000
131.193	0.000
131.152	0.000
131.111	0.000
131.070	0.000
131.029	0.000
130.988	0.000
130.948	0.000
130.907	0.000
130.866	0.000
130.825	0.000
130.785	0.000
130.744	0.000
130.703	0.000
130.663	0.000
130.622	0.000
130.581	0.000
130.541	0.000
130.500	0.000
130.460	0.000
130.419	0.000
130.379	0.000
130.338	0.000
130.298	0.000
130.257	0.000
130.217	0.000
130.177	0.000
130.136	0.000
130.096	0.000
130.056	0.000
130.015	0.000
129.975	0.000
129.935	0.000
129.895	0.000
129.855	0.000
129.815	0.000
129.774	0.000
129.734	0.000
129.694	0.000
129.654	0.000
129.614	0.000
129.574	0.000
129.534	0.000
129.494	0.000
129.455	0.001
129.415	0.000
129.375	0.000
129.335	0.000
129.295	0.000
129.255	0.000
129.216	0.000
129.176	0.000
129.136	0.000
129.096	0.000
129.057	0.000
129.017	0.000
128.978	0.000
128.938	0.000
128.898	0.000
128.859	0.001
128.819	0.000
128.780	0.000
128.740	0.000
128.701	0.000
128.662	0.000
128.622	0.000
128.583	0.000
128.543	0.000
128.504	0.000
128.465	0.000
128.426	0.000
128.386	0.000
128.347	0.000
128.308	0.000
128.269	0.000
128.230	0.000
128.190	0.000
128.151	0.000
128.112	0.000
128.073	0.000
128.034	0.000
127.995	0.000
127.956	0.000
127.917	0.000
127.878	0.001
127.839	0.000
127.800	0.000
127.762	0.000
127.723	0.000
127.684	0.000
127.645	0.000
127.606	0.000
127.568	0.000
127.529	0.000
127.490	0.000
127.451	0.000
127.413	0.000
127.374	0.000
127.336	0.000
127.297	0.000
127.258	0.001
127.220	0.000
127.181	0.000
127.143	0.000
127.104	0.000
127.066	0.001
127.028	0.000
126.989	0.000
126.951	0.000
126.912	0.000
126.874	0.000
126.836	0.000
126.797	0.000
126.759	0.000
126.721	0.000
126.683	0.000
126.645	0.001
126.606	0.000
126.568	0.003
126.530	0.000
126.492	0.000
126.454	0.000
126.416	0.000
126.378	0.000
126.340	0.001
126.302	0.001
126.264	0.000
126.226	0.000
126.188	0.000
126.150	0.000
126.112	0.000
126.074	0.000
126.037	0.000
125.999	0.000
125.961	0.000
125.923	0.000
125.886	0.000
125.848	0.000
125.810	0.000
125.772	0.000
125.735	0.000
125.697	0.000
125.660	0.000
125.622	0.000
125.584	0.000
125.547	0.000
125.509	0.000
125.472	0.000
125.434	0.000
125.397	0.000
125.360	0.000
125.322	0.000
125.285	0.000
125.247	0.000
125.210	0.000
125.173	0.000
125.136	0.000
125.098	0.000
125.061	0.000
125.024	0.000
124.987	0.000
124.949	0.000
124.912	0.000
124.875	0.000
124.838	0.000
124.801	0.000
124.764	0.000
124.727	0.000
124.690	0.000
124.653	0.000
124.616	0.000
124.579	0.000
124.542	0.000
124.505	0.000
124.468	0.000
124.431	0.000
124.394	0.000
124.358	0.000
124.321	0.000
124.284	0.000
124.247	0.000
124.211	0.000
124.174	0.000
124.137	0.000
124.100	0.001
124.064	0.000
124.027	0.000
123.991	0.000
123.954	0.000
123.917	0.000
123.881	0.000
123.844	0.000
123.808	0.000
123.771	0.000
123.735	0.000
123.698	0.000
123.662	0.000
123.626	0.001
123.589	0.000
123.553	0.000
123.517	0.000
123.480	0.001
123.444	0.001
123.408	0.000
123.372	0.001
123.335	0.000
123.299	0.000
123.263	0.000
123.227	0.000
123.191	0.000
123.155	0.000
123.118	0.000
123.082	0.000
123.046	0.000
123.010	0.000
122.974	0.000
122.938	0.000
122.902	0.001
122.866	0.000
122.830	0.000
122.795	0.000
122.759	0.000
122.723	0.000
122.687	0.000
122.651	0.000
122.615	0.000
122.580	0.000
122.544	0.000
122.508	0.001
122.472	0.000
122.437	0.001
122.401	0.000
122.365	0.000
122.330	0.000
122.294	0.000
122.258	0.000
122.223	0.000
122.187	0.000
122.152	0.000
122.116	0.000
122.081	0.000
122.045	0.000
122.010	0.000
121.974	0.000
121.939	0.000
121.904	0.000
121.868	0.000
121.833	0.000
121.798	0.000
121.762	0.000
121.727	0.000
121.692	0.000
121.657	0.000
121.621	0.000
121.586	0.000
121.551	0.000
121.516	0.000
121.481	0.000
121.446	0.000
121.410	0.000
121.375	0.000
121.340	0.000
121.305	0.000
121.270	0.000
121.235	0.000
121.200	0.000
121.165	0.000
121.130	0.000
121.095	0.000
121.061	0.000
121.026	0.000
120.991	0.000
120.956	0.000
120.921	0.000
120.886	0.000
120.852	0.000
120.817	0.000
120.782	0.000
120.747	0.000
120.713	0.000
120.678	0.001
120.643	0.000
120.609	0.000
120.574	0.000
120.539	0.001
120.505	0.000
120.470	0.001
120.436	0.001
120.401	0.000
120.367	0.000
120.332	0.000
120.298	0.000
120.263	0.000
120.229	0.000
120.195	0.000
120.160	0.000
120.126	0.000
120.091	0.000
120.057	0.000
120.023	0.000
119.989	0.000
119.954	0.000
119.920	0.000
119.886	0.000
119.852	0.000
119.817	0.000
119.783	0.000
119.749	0.000
119.715	0.001
119.681	0.001
119.647	0.000
119.613	0.001
119.579	0.000
119.545	0.000
119.511	0.000
119.477	0.000
119.443	0.000
119.409	0.000
119.375	0.001
119.341	0.001
119.307	0.000
119.273	0.000
119.239	0.000
119.205	0.000
119.172	0.000
119.138	0.000
119.104	0.000
119.070	0.000
119.037	0.000
119.003	0.000
118.969	0.000
118.935	0.000
118.902	0.000
118.868	0.000
118.835	0.000
118.801	0.000
118.767	0.000
118.734	0.001
118.700	0.001
118.667	0.000
118.633	0.000
118.600	0.000
118.566	0.001
118.533	0.000
118.499	0.000
118.466	0.000
118.432	0.000
118.399	0.000
118.366	0.001
118.332	0.000
118.299	0.000
118.266	0.000
118.232	0.000
118.199	0.000
118.166	0.000
118.133	0.000
118.100	0.000
118.066	0.001
118.033	0.000
118.000	0.000
117.967	0.000
117.934	0.000
117.901	0.000
117.868	0.000
117.835	0.000
117.801	0.000
117.768	0.000
117.735	0.000
117.702	0.001
117.669	0.000
117.637	0.000
117.604	0.000
117.571	0.000
117.538	0.000
117.505	0.000
117.472	0.000
117.439	0.000
117.406	0.000
117.374	0.000
117.341	0.000
117.308	0.000
117.275	0.000
117.243	0.001
117.210	0.000
117.177	0.000
117.144	0.000
117.112	0.000
117.079	0.000
117.047	0.000
117.014	0.000
116.981	0.001
116.949	0.000
116.916	0.001
116.884	0.000
116.851	0.000
116.819	0.000
116.786	0.000
116.754	0.000
116.721	0.000
116.689	0.000
116.656	0.000
116.624	0.000
116.592	0.000
116.559	0.000
116.527	0.000
116.495	0.000
116.462	0.000
116.430	0.000
116.398	0.000
116.366	0.000
116.333	0.000
116.301	0.000
116.269	0.000
116.237	0.000
116.205	0.000
116.173	0.000
116.140	0.000
116.108	0.000
116.076	0.000
116.044	0.000
116.012	0.000
115.980	0.000
115.948	0.000
115.916	0.000
115.884	0.000
115.852	0.000
115.820	0.000
115.788	0.000
115.756	0.000
115.725	0.000
115.693	0.000
115.661	0.000
115.629	0.000
115.597	0.000
115.565	0.000
115.534	0.000
115.502	0.000
115.470	0.000
115.438	0.000
115.407	0.001
115.375	0.001
115.343	0.000
115.312	0.000
115.280	0.000
115.248	0.000
115.217	0.000
115.185	0.000
115.154	0.000
115.122	0.000
115.090	0.000
115.059	0.000
115.027	0.000
114.996	0.000
114.964	0.000
114.933	0.000
114.902	0.000
114.870	0.000
114.839	0.000
114.807	0.001
114.776	0.000
114.745	0.000
114.713	0.000
114.682	0.000
114.651	0.000
114.619	0.001
114.588	0.000
114.557	0.000
114.526	0.001
114.494	0.000
114.463	0.000
114.432	0.000
114.401	0.000
114.370	0.000
114.339	0.000
114.307	0.000
114.276	0.000
114.245	0.000
114.214	0.000
114.183	0.001
114.152	0.000
114.121	0.000
114.090	0.001
114.059	0.000
114.028	0.000
113.997	0.000
113.966	0.000
113.935	0.000
113.905	0.001
113.874	0.001
113.843	0.000
113.812	0.000
113.781	0.001
113.750	0.001
113.720	0.000
113.689	0.000
113.658	0.000
113.627	0.000
113.597	0.000
113.566	0.000
113.535	0.000
113.504	0.000
113.474	0.000
113.443	0.000
113.413	0.000
113.382	0.000
113.351	0.000
113.321	0.000
113.290	0.001
113.260	0.000
113.229	0.000
113.199	0.000
113.168	0.000
113.138	0.000
113.107	0.000
113.077	0.000
113.046	0.000
113.016	0.000
112.985	0.000
112.955	0.000
112.925	0.000
112.894	0.000
112.864	0.000
112.834	0.000
112.803	0.000
112.773	0.000
112.743	0.000
112.713	0.000
112.682	0.000
112.652	0.000
112.622	0.000
112.592	0.000
112.562	0.000
112.531	0.000
112.501	0.000
112.471	0.000
112.441	0.000
112.411	0.000
112.381	0.000
112.351	0.000
112.321	0.000
112.291	0.000
112.261	0.000
112.231	0.000
112.201	0.000
112.171	0.000
112.141	0.000
112.111	0.000
112.081	0.000
112.051	0.000
112.021	0.000
111.991	0.000
111.962	0.000
111.932	0.000
111.902	0.000
111.872	0.000
111.842	0.000
111.813	0.000
111.783	0.000
111.753	0.000
111.723	0.000
111.694	0.000
111.664	0.000
111.634	0.000
111.605	0.000
111.575	0.001
111.545	0.001
111.516	0.000
111.486	0.000
111.457	0.000
111.427	0.000
111.398	0.000
111.368	0.000
111.338	0.000
111.309	0.000
111.279	0.000
111.250	0.000
111.221	0.000
111.191	0.000
111.162	0.000
111.132	0.000
111.103	0.000
111.074	0.000
111.044	0.000
111.015	0.000
110.985	0.000
110.956	0.000
110.927	0.000
110.898	0.000
110.868	0.000
110.839	0.000
110.810	0.001
110.781	0.000
110.751	0.000
110.722	0.000
110.693	0.000
110.664	0.000
110.635	0.000
110.606	0.000
110.576	0.000
110.547	0.000
110.518	0.000
110.489	0.000
110.460	0.000
110.431	0.000
110.402	0.000
110.373	0.000
110.344	0.000
110.315	0.000
110.286	0.000
110.257	0.001
110.228	0.000
110.199	0.000
110.170	0.000
110.142	0.000
110.113	0.000
110.084	0.000
110.055	0.000
110.026	0.000
109.997	0.000
109.969	0.000
109.940	0.001
109.911	0.000
109.882	0.000
109.854	0.000
109.825	0.000
109.796	0.000
109.767	0.000
109.739	0.000
109.710	0.000
109.681	0.001
109.653	0.000
109.624	0.000
109.596	0.000
109.567	0.000
109.538	0.000
109.510	0.001
109.481	0.000
109.453	0.000
109.424	0.000
109.396	0.000
109.367	0.000
109.339	0.000
109.310	0.000
109.282	0.000
109.254	0.000
109.225	0.000
109.197	0.000
109.168	0.000
109.140	0.000
109.112	0.000
109.083	0.000
109.055	0.000
109.027	0.000
108.998	0.000
108.970	0.000
108.942	0.000
108.914	0.000
108.885	0.000
108.857	0.000
108.829	0.000
108.801	0.000
108.773	0.000
108.744	0.000
108.716	0.000
108.688	0.000
108.660	0.000
108.632	0.000
108.604	0.000
108.576	0.000
108.548	0.000
108.520	0.000
108.492	0.000
108.464	0.000
108.436	0.000
108.408	0.000
108.380	0.000
108.352	0.000
108.324	0.000
108.296	0.000
108.268	0.000
108.240	0.000
108.212	0.000
108.184	0.000
108.157	0.000
108.129	0.000
108.101	0.000
108.073	0.000
108.045	0.000
108.017	0.000
107.990	0.000
107.962	0.000
107.934	0.000
107.906	0.000
107.879	0.000
107.851	0.000
107.823	0.000
107.796	0.000
107.768	0.000
107.740	0.000
107.713	0.000
107.685	0.000
107.658	0.000
107.630	0.000
107.602	0.000
107.575	0.000
107.547	0.000
107.520	0.000
107.492	0.000
107.465	0.000
107.437	0.000
107.410	0.000
107.382	0.000
107.355	0.000
107.328	0.000
107.300	0.000
107.273	0.000
107.245	0.000
107.218	0.000
107.191	0.000
107.163	0.000
107.136	0.000
107.109	0.000
107.081	0.000
107.054	0.000
107.027	0.000
106.999	0.000
106.972	0.000
106.945	0.000
106.918	0.000
106.891	0.000
106.863	0.000
106.836	0.000
106.809	0.000
106.782	0.000
106.755	0.001
106.728	0.000
106.701	0.000
106.673	0.001
106.646	0.000
106.619	0.000
106.592	0.000
106.565	0.000
106.538	0.000
106.511	0.000
106.484	0.000
106.457	0.000
106.430	0.000
106.403	0.000
106.376	0.000
106.349	0.001
106.322	0.000
106.296	0.000
106.269	0.000
106.242	0.000
106.215	0.000
106.188	0.000
106.161	0.000
106.134	0.000
106.108	0.000
106.081	0.000
106.054	0.000
106.027	0.000
106.001	0.000
105.974	0.001
105.947	0.000
105.920	0.000
105.894	0.000
105.867	0.000
105.840	0.000
105.814	0.000
105.787	0.000
105.760	0.000
105.734	0.000
105.707	0.000
105.681	0.000
105.654	0.000
105.627	0.000
105.601	0.000
105.574	0.000
105.548	0.000
105.521	0.000
105.495	0.001
105.468	0.001
105.442	0.000
105.415	0.000
105.389	0.000
105.362	0.000
105.336	0.000
105.310	0.001
105.283	0.000
105.257	0.000
105.230	0.000
105.204	0.000
105.178	0.000
105.151	0.000
105.125	0.000
105.099	0.000
105.073	0.000
105.046	0.000
105.020	0.000
104.994	0.000
104.968	0.000
104.941	0.000
104.915	0.000
104.889	0.000
104.863	0.000
104.837	0.000
104.810	0.000
104.784	0.000
104.758	0.000
104.732	0.000
104.706	0.000
104.680	0.001
104.654	0.000
104.628	0.000
104.602	0.000
104.576	0.000
104.550	0.000
104.524	0.000
104.498	0.001
104.472	0.000
104.446	0.000
104.420	0.001
104.394	0.000
104.368	0.000
104.342	0.000
104.316	0.000
104.290	0.000
104.264	0.000
104.238	0.000
104.212	0.000
104.187	0.000
104.161	0.000
104.135	0.000
104.109	0.000
104.083	0.000
104.057	0.000
104.032	0.000
104.006	0.000
103.980	0.000
103.954	0.000
103.929	0.000
103.903	0.000
103.877	0.000
103.852	0.000
103.826	0.000
103.800	0.000
103.775	0.000
103.749	0.000
103.723	0.000
103.698	0.000
103.672	0.000
103.647	0.000
103.621	0.000
103.596	0.000
103.570	0.000
103.544	0.000
103.519	0.000
103.493	0.000
103.468	0.000
103.443	0.000
103.417	0.000
103.392	0.000
103.366	0.000
103.341	0.000
103.315	0.001
103.290	0.000
103.265	0.000
103.239	0.000
103.214	0.000
103.188	0.000
103.163	0.000
103.138	0.000
103.112	0.000
103.087	0.001
103.062	0.000
103.037	0.000
103.011	0.000
102.986	0.000
102.961	0.000
102.936	0.000
102.910	0.000
102.885	0.000
102.860	0.000
102.835	0.000
102.810	0.000
102.784	0.000
102.759	0.000
102.734	0.000
102.709	0.000
102.684	0.000
102.659	0.000
102.634	0.000
102.609	0.000
102.584	0.000
102.559	0.000
102.534	0.000
102.509	0.000
102.484	0.000
102.459	0.000
102.434	0.000
102.409	0.000
102.384	0.000
102.359	0.000
102.334	0.000
102.309	0.000
102.284	0.000
102.259	0.000
102.234	0.000
102.209	0.000
102.184	0.000
102.160	0.001
102.135	0.000
102.110	0.000
102.085	0.000
102.060	0.000
102.035	0.000
102.011	0.000
101.986	0.000
101.961	0.000
101.936	0.000
101.912	0.000
101.887	0.000
101.862	0.001
101.838	0.000
101.813	0.000
101.788	0.000
101.764	0.000
101.739	0.000
101.714	0.001
101.690	0.000
101.665	0.000
101.640	0.000
101.616	0.000
101.591	0.000
101.567	0.000
101.542	0.000
101.518	0.000
101.493	0.000
101.469	0.000
101.444	0.000
101.420	0.001
101.395	0.000
101.371	0.000
101.346	0.000
101.322	0.000
101.297	0.000
101.273	0.000
101.248	0.000
101.224	0.000
101.200	0.000
101.175	0.000
101.151	0.000
101.127	0.000
101.102	0.000
101.078	0.000
101.054	0.000
101.029	0.000
101.005	0.000
100.981	0.000
100.957	0.000
100.932	0.000
100.908	0.000
100.884	0.000
100.860	0.000
100.835	0.000
100.811	0.000
100.787	0.000
100.763	0.000
100.739	0.000
100.714	0.000
100.690	0.000
100.666	0.000
100.642	0.000
100.618	0.001
100.594	0.000
100.570	0.000
100.546	0.000
100.522	0.000
100.498	0.000
100.474	0.000
100.450	0.000
100.426	0.000
100.402	0.000
100.378	0.000
100.354	0.000
100.330	0.000
100.306	0.000
100.282	0.000
100.258	0.000
100.234	0.000
100.210	0.000
100.186	0.000
100.162	0.000
100.138	0.000
100.114	0.000
100.091	0.000
100.067	0.000
100.043	0.000
100.019	0.000
100.000	0.000
100.000	0.000
100.000	0.000
100.000	0.000
100.000	0.000
100.000	0.000
100.000	0.000
100.000	0.000
100.000	0.000
100.000	0.000
100.000	0.000
100.000	0.000
100.000	0.000
100.000	0.000
100.000	0.000
100.000	0.000
100.000	0.000
100.000	0.000
100.000	0.000
100.000	0.000
100.000	0.000
100.000	0.000
100.000	0.000
100.000	0.000
100.000	0.000
100.000	0.000
100.000	0.000
100.000	0.000
100.000	0.000
100.000	0.000
100.000	0.000
100.000	0.000
100.000	0.000
100.000	0.000
100.000	0.000
100.000	0.000
100.000	0.000
100.000	0.000
100.000	0.000
100.000	0.000
100.000	0.000
100.000	0.000
100.000	0.000
100.000	0.000
100.000	0.000
100.000	0.000
100.000	0.000
100.000	0.000
100.000	0.000
100.000	0.000
100.000	0.000
100.000	0.000
100.000	0.000
100.000	0.000
100.000	0.000
100.000	0.000
100.000	0.000
100.000	0.000
100.000	0.000
100.000	0.000
100.000	0.000
100.000	0.000
100.000	0.000
100.000	0.000
100.000	0.000
100.000	0.000
100.000	0.000
100.000	0.000
100.000	0.000
100.000	0.000
100.000	0.000
100.000	0.000
100.000	0.000
100.000	0.000
100.000	0.000
100.000	0.000
100.000	0.000
100.000	0.000
100.000	0.000
100.000	0.000
100.000	0.000
100.000	0.000
100.000	0.000
100.000	0.000
100.000	0.000
100.000	0.000
100.000	0.000
100.000	0.000
100.000	0.001
100.000	0.000
100.000	0.000
100.000	0.000
100.000	0.000
100.000	0.000
100.000	0.000
100.000	0.000
100.000	0.000
100.000	0.000
100.000	0.000
100.000	0.000
100.000	0.000
100.000	0.000
100.000	0.000
100.000	0.000
100.000	0.000
100.000	0.000
100.000	0.000
100.000	0.000
100.000	0.000
100.000	0.000
100.000	0.000
100.000	0.000
100.000	0.000
100.000	0.000
100.000	0.000
100.000	0.000
100.000	0.000
100.000	0.000
100.000	0.000
100.000	0.000
100.000	0.000
100.000	0.000
100.000	0.000
100.000	0.000
100.000	0.000
100.000	0.000
100.000	0.000
100.000	0.000
100.000	0.000
100.000	0.001
100.000	0.000
100.000	0.000
100.000	0.000
100.000	0.000
100.000	0.000
100.000	0.000
100.000	0.000
100.000	0.000
100.000	0.000
100.000	0.000
100.000	0.000
100.000	0.000
100.000	0.000
100.000	0.000
100.000	0.000
100.000	0.000
100.000	0.000
100.000	0.000
100.000	0.000
100.000	0.000
100.000	0.000
100.000	0.000
100.000	0.000
100.000	0.000
100.000	0.000
100.000	0.000
100.000	0.000
100.000	0.000
100.000	0.000
100.000	0.000
100.000	0.000
100.000	0.000
100.000	0.000
100.000	0.000
100.000	0.000
100.000	0.000
100.000	0.000
100.000	0.000
100.000	0.000
100.000	0.000
100.000	0.000
100.000	0.000
100.000	0.000
100.000	0.000
100.000	0.000
100.000	0.000
100.000	0.000
100.000	0.000
100.000	0.000
100.000	0.000
100.000	0.000
100.000	0.000
100.000	0.000
100.000	0.000
100.000	0.000
100.000	0.000
100.000	0.000
100.000	0.000
100.000	0.000
100.000	0.000
100.000	0.000
100.000	0.000
100.000	0.000
100.000	0.000
100.000	0.000
100.000	0.000
100.000	0.000
100.000	0.000
100.000	0.000
100.000	0.000
100.000	0.000
100.000	0.000
100.000	0.000
100.000	0.000
100.000	0.000
100.000	0.000
100.000	0.000
100.000	0.000
100.000	0.000
100.000	0.000
100.000	0.000
100.000	0.000
100.000	0.000
100.000	0.000
100.000	0.000
100.000	0.000
100.000	0.000
100.000	0.000
100.000	0.000
100.000	0.000
100.000	0.000
100.000	0.000
100.000	0.000
100.000	0.000
100.000	0.000
100.000	0.000
100.000	0.000
100.000	0.000
100.000	0.000
100.000	0.000
100.000	0.000
100.000	0.000
100.000	0.000
100.000	0.000
100.000	0.000
100.000	0.000
100.000	0.000
100.000	0.000
100.000	0.000
100.000	0.000
100.000	0.000
100.000	0.000
100.000	0.000
100.000	0.000
100.000	0.000
100.000	0.000
100.000	0.000
100.000	0.000
100.000	0.000
100.000	0.000
100.000	0.000
100.000	0.000
100.000	0.000
100.000	0.001
100.000	0.000
100.000	0.000
100.000	0.000
100.000	0.000
100.000	0.000
100.000	0.000
100.000	0.000
100.000	0.000
100.000	0.000
100.000	0.000
100.000	0.000
100.000	0.000
100.000	0.000
100.000	0.000
100.000	0.000
100.000	0.000
100.000	0.000
100.000	0.000
100.000	0.000
100.000	0.000
100.000	0.000
100.000	0.000
100.000	0.000
100.000	0.000
100.000	0.000
100.000	0.000
100.000	0.000
100.000	0.000
100.000	0.000
100.000	0.000
100.000	0.000
100.000	0.000
100.000	0.000
100.000	0.000
100.000	0.000
100.000	0.000
100.000	0.000
100.000	0.000
100.000	0.000
100.000	0.000
100.000	0.000
100.000	0.000
100.000	0.000
100.000	0.000
100.000	0.000
100.000	0.000
100.000	0.000
100.000	0.000
100.000	0.000
100.000	0.000
100.000	0.000
100.000	0.000
100.000	0.000
100.000	0.000
100.000	0.000
100.000	0.000
100.000	0.000
100.000	0.000
100.000	0.000
100.000	0.000
100.000	0.000
100.000	0.000
100.000	0.000
100.000	0.000
100.000	0.000
100.000	0.000
100.000	0.000
100.000	0.000
100.000	0.000
100.000	0.000
100.000	0.000
100.000	0.000
100.000	0.000
100.000	0.000
100.000	0.000
100.000	0.000
100.000	0.000
100.000	0.000
100.000	0.000
100.000	0.000
100.000	0.000
100.000	0.000
100.000	0.000
100.000	0.001
100.000	0.000
100.000	0.000
100.000	0.000
100.000	0.000
100.000	0.000
100.000	0.000
100.000	0.000
100.000	0.000
100.000	0.000
100.000	0.000
100.000	0.000
100.000	0.000
100.000	0.000
100.000	0.000
100.000	0.000
100.000	0.000
100.000	0.000
100.000	0.000
100.000	0.000
100.000	0.000
100.000	0.000
100.000	0.000
100.000	0.000
100.000	0.000
100.000	0.000
100.000	0.000
100.000	0.000
100.000	0.000
100.000	0.000
100.000	0.000
100.000	0.000
100.000	0.000
100.000	0.000
100.000	0.000
100.000	0.000
100.000	0.000
100.000	0.000
100.000	0.000
100.000	0.000
100.000	0.000
100.000	0.000
100.000	0.000
100.000	0.000
100.000	0.000
100.000	0.000
100.000	0.000
100.000	0.000
100.000	0.000
100.000	0.000
100.000	0.000
100.000	0.000
100.000	0.000
100.000	0.000
100.000	0.000
100.000	0.000
100.000	0.000
100.000	0.000
100.000	0.000
100.000	0.000
100.000	0.000
100.000	0.000
100.000	0.000
100.000	0.000
100.000	0.000
100.000	0.000
100.000	0.000
100.000	0.000
100.000	0.000
100.000	0.000
100.000	0.000
100.000	0.000
100.000	0.000
100.000	0.000
100.000	0.000
100.000	0.000
100.000	0.000
100.000	0.000
100.000	0.000
100.000	0.000
100.000	0.000
100.000	0.000
100.000	0.000
100.000	0.000
100.000	0.000
100.000	0.000
100.000	0.000
100.000	0.000
100.000	0.000
100.000	0.000
100.000	0.000
100.000	0.000
100.000	0.000
100.000	0.000
100.000	0.000
100.000	0.000
100.000	0.000
100.000	0.000
100.000	0.000
100.000	0.000
100.000	0.000
100.000	0.000
100.000	0.000
100.000	0.000
100.000	0.000
100.000	0.000
100.000	0.000
100.000	0.001
100.000	0.000
100.000	0.001
100.000	0.000
100.000	0.000
100.000	0.000
100.000	0.000
100.000	0.000
100.000	0.000
100.000	0.000
100.000	0.000
100.000	0.000
100.000	0.000
100.000	0.000
100.000	0.000
100.000	0.000
100.000	0.000
100.000	0.000
100.000	0.000
100.000	0.000
100.000	0.000
100.000	0.000
100.000	0.000
100.000	0.000
100.000	0.000
100.000	0.000
100.000	0.000
100.000	0.000
100.000	0.000
100.000	0.000
100.000	0.000
100.000	0.000
100.000	0.000
100.000	0.000
100.000	0.000
100.000	0.000
100.000	0.000
100.000	0.000
100.000	0.000
100.000	0.000
100.000	0.000
100.000	0.000
100.000	0.000
100.000	0.000
100.000	0.000
100.000	0.000
100.000	0.000
100.000	0.000
100.000	0.000
100.000	0.000
100.000	0.000
100.000	0.000
100.000	0.000
100.000	0.000
100.000	0.000
100.000	0.000
100.000	0.000
100.000	0.000
100.000	0.000
100.000	0.000
100.000	0.000
100.000	0.000
100.000	0.000
100.000	0.000
100.000	0.000
100.000	0.000
100.000	0.000
100.000	0.001
100.000	0.000
100.000	0.000
100.000	0.000
100.000	0.000
100.000	0.000
100.000	0.000
100.000	0.000
100.000	0.000
100.000	0.000
100.000	0.000
100.000	0.000
100.000	0.000
100.000	0.000
100.000	0.000
100.000	0.000
100.000	0.000
100.000	0.000
100.000	0.000
100.000	0.000
100.000	0.000
100.000	0.001
100.000	0.000
100.000	0.000
100.000	0.000
100.000	0.000
100.000	0.001
100.000	0.000
100.000	0.000
100.000	0.000
100.000	0.000
100.000	0.000
100.000	0.000
100.000	0.000
100.000	0.000
100.000	0.000
100.000	0.000
100.000	0.000
100.000	0.000
100.000	0.000
100.000	0.000
100.000	0.000
100.000	0.000
100.000	0.000
100.000	0.000
100.000	0.000
100.000	0.000
100.000	0.000
100.000	0.000
100.000	0.000
100.000	0.000
100.000	0.000
100.000	0.000
100.000	0.000
100.000	0.000
100.000	0.000
100.000	0.000
100.000	0.000
100.000	0.000
100.000	0.000
100.000	0.000
100.000	0.000
100.000	0.000
100.000	0.000
100.000	0.000
100.000	0.000
100.000	0.000
100.000	0.000
100.000	0.000
100.000	0.000
100.000	0.000
100.000	0.000
100.000	0.000
100.000	0.000
100.000	0.000
100.000	0.000
100.000	0.000
100.000	0.000
100.000	0.000
100.000	0.000
100.000	0.000
100.000	0.000
100.000	0.000
100.000	0.000
100.000	0.000
100.000	0.000
100.000	0.000
100.000	0.000
100.000	0.000
100.000	0.000
100.000	0.000
100.000	0.000
100.000	0.000
100.000	0.000
100.000	0.000
100.000	0.000
100.000	0.000
100.000	0.000
100.000	0.000
100.000	0.000
100.000	0.000
100.000	0.000
100.000	0.000
100.000	0.001
100.000	0.000
100.000	0.000
100.000	0.000
100.000	0.000
100.000	0.000
100.000	0.000
100.000	0.000
100.000	0.000
100.000	0.000
100.000	0.000
100.000	0.000
100.000	0.000
100.000	0.000
100.000	0.000
100.000	0.000
100.000	0.000
100.000	0.000
100.000	0.000
100.000	0.000
100.000	0.000
100.000	0.001
100.000	0.000
100.000	0.000
100.000	0.000
100.000	0.000
100.000	0.000
100.000	0.000
100.000	0.000
100.000	0.000
100.000	0.000
100.000	0.000
100.000	0.000
100.000	0.000
100.000	0.000
100.000	0.000
100.000	0.000
100.000	0.000
100.000	0.001
100.000	0.000
100.000	0.000
100.000	0.000
100.000	0.000
100.000	0.000
100.000	0.000
100.000	0.000
100.000	0.000
100.000	0.000
100.000	0.000
100.000	0.000
100.000	0.000
100.000	0.000
100.000	0.000
100.000	0.000
100.000	0.000
100.000	0.000
100.000	0.000
100.000	0.000
100.000	0.000
100.000	0.000
100.000	0.000
100.000	0.000
100.000	0.001
100.000	0.000
100.000	0.000
100.000	0.000
100.000	0.000
100.000	0.000
100.000	0.000
100.000	0.000
100.000	0.000
100.000	0.000
100.000	0.000
100.000	0.000
100.000	0.000
100.000	0.000
100.000	0.000
100.000	0.001
100.000	0.000
100.000	0.000
100.000	0.000
100.000	0.000
100.000	0.000
100.000	0.000
100.000	0.000
100.000	0.000
100.000	0.000
100.000	0.000
100.000	0.000
100.000	0.000
100.000	0.000
100.000	0.000
100.000	0.000
100.000	0.000
100.000	0.000
100.000	0.000
100.000	0.000
100.000	0.000
100.000	0.000
100.000	0.000
100.000	0.000
100.000	0.000
100.000	0.000
100.000	0.000
100.000	0.000
100.000	0.000
100.000	0.000
100.000	0.000
100.000	0.000
100.000	0.000
100.000	0.000
100.000	0.000
100.000	0.000
100.000	0.000
100.000	0.000
100.000	0.000
100.000	0.000
100.000	0.000
100.000	0.000
100.000	0.000
100.000	0.000
100.000	0.000
100.000	0.000
100.000	0.000
100.000	0.000
100.000	0.000
100.000	0.000
100.000	0.000
100.000	0.000
100.000	0.000
100.000	0.000
100.000	0.000
100.000	0.000
100.000	0.000
100.000	0.000
100.000	0.000
100.000	0.000
100.000	0.000
100.000	0.000
100.000	0.000
100.000	0.000
100.000	0.000
100.000	0.000
100.000	0.000
100.000	0.000
100.000	0.000
100.000	0.000
100.000	0.000
100.000	0.000
100.000	0.000
100.000	0.000
100.000	0.000
100.000	0.000
100.000	0.000
100.000	0.000
100.000	0.000
100.000	0.000
100.000	0.000
100.000	0.000
100.000	0.000
100.000	0.000
100.000	0.000
100.000	0.000
100.000	0.000
100.000	0.000
100.000	0.000
100.000	0.000
100.000	0.001
100.000	0.000
100.000	0.000
100.000	0.000
100.000	0.000
100.000	0.000
100.000	0.000
100.000	0.000
100.000	0.000
100.000	0.000
100.000	0.000
100.000	0.000
100.000	0.001
100.000	0.001
100.000	0.000
100.000	0.000
100.000	0.000
100.000	0.000
