5000.000	10430.156
5000.000	9304.146
5000.000	5834.093
5000.000	2351.642
5000.000	376.929
5000.000	20.174
5000.000	355.862
5000.000	501.574
5000.000	285.189
5000.000	40.443
5000.000	19.700
5000.000	134.245
5000.000	172.089
5000.000	87.890
5000.000	6.495
5000.000	18.931
5000.000	75.391
5000.000	82.820
5000.000	34.767
5000.000	0.508
5000.000	17.899
5000.000	49.240
5000.000	45.704
5000.000	14.730
5000.000	0.140
5000.000	16.642
5000.000	34.440
5000.000	26.755
5000.000	6.028
5000.000	1.124
5000.000	15.210
5000.000	24.843
5000.000	15.937
5000.000	2.122
5000.000	2.308
5000.000	13.655
5000.000	18.098
5000.000	9.383
5000.000	0.502
5000.000	3.329
5000.000	12.031
5000.000	13.135
5000.000	5.314
5000.000	0.033
5000.000	4.075
5000.000	10.392
5000.000	9.398
5000.000	2.802
5000.000	0.142
5000.000	4.528
5000.000	8.788
5000.000	6.567
5000.000	1.307
5000.000	0.514
5000.000	4.710
5000.000	7.264
5000.000	4.435
5000.000	0.490
5000.000	0.968
5000.000	4.660
5000.000	5.855
5000.000	2.860
5000.000	0.123
5000.000	1.401
5000.000	4.425
5000.000	4.591
5000.000	1.732
5000.000	0.046
5000.000	1.754
5000.000	4.054
5000.000	3.488
5000.000	0.962
5000.000	0.142
5000.000	2.000
5000.000	3.593
5000.000	2.558
5000.000	0.473
5000.000	0.329
5000.000	2.132
5000.000	3.086
5000.000	1.799
5000.000	0.200
5000.000	0.547
4992.771	2.156
4933.333	2.568
4875.294	1.205
4818.605	0.084
4763.218	0.754
4709.091	2.088
4656.180	2.071
4604.444	0.761
4553.846	0.079
4504.348	0.926
4455.914	1.946
4408.511	1.616
4362.105	0.451
4316.667	0.141
4272.165	1.047
4228.571	1.754
4185.859	1.218
4144.000	0.251
4102.970	0.240
4062.745	1.114
4023.301	1.531
3984.615	0.886
3946.667	0.142
3909.434	0.349
3872.897	1.128
3837.037	1.297
3801.835	0.622
3767.273	0.099
3733.333	0.450
3700.000	1.097
3667.257	1.068
3635.088	0.422
3603.478	0.103
3572.414	0.533
3541.880	1.030
3511.864	0.857
3482.353	0.281
3453.333	0.137
3424.793	0.590
3396.721	0.939
3369.106	0.670
3341.935	0.190
3315.200	0.185
3288.889	0.621
3262.992	0.832
3237.500	0.514
3212.403	0.139
3187.692	0.236
3163.359	0.627
3139.394	0.721
3115.789	0.389
3092.537	0.118
3069.630	0.283
3047.059	0.612
3024.818	0.613
3002.899	0.293
2981.295	0.117
2960.000	0.320
2939.007	0.580
2918.310	0.513
2897.902	0.223
2877.778	0.129
2857.931	0.346
2838.356	0.539
2819.048	0.425
2800.000	0.176
2781.208	0.147
2762.667	0.360
2744.371	0.491
2726.316	0.350
2708.497	0.146
2690.909	0.166
2673.548	0.363
2656.410	0.441
2639.490	0.289
2622.785	0.128
2606.289	0.183
2590.000	0.359
2573.913	0.393
2558.025	0.240
2542.331	0.120
2526.829	0.198
2511.515	0.348
2496.386	0.349
2481.437	0.201
2466.667	0.117
2452.071	0.208
2437.647	0.333
2423.392	0.308
2409.302	0.171
2395.376	0.117
2381.609	0.216
2368.000	0.317
2354.545	0.272
2341.243	0.147
2328.090	0.119
2315.084	0.221
2302.222	0.299
2289.503	0.241
2276.923	0.129
2264.481	0.122
2252.174	0.223
2240.000	0.282
2227.957	0.212
2216.043	0.114
2204.255	0.126
2192.593	0.225
2181.053	0.265
2169.634	0.186
2158.333	0.102
2147.150	0.131
2136.082	0.226
2125.128	0.247
2114.286	0.163
2103.553	0.093
2092.929	0.136
2082.412	0.225
2072.000	0.229
2061.692	0.141
2051.485	0.087
2041.379	0.143
2031.373	0.224
2021.463	0.210
2011.650	0.121
2001.932	0.084
1992.308	0.151
1982.775	0.221
1973.333	0.190
1963.981	0.102
1954.717	0.084
1945.540	0.159
1936.449	0.216
1927.442	0.170
1918.519	0.087
1909.677	0.087
1900.917	0.167
1892.237	0.208
1883.636	0.148
1875.113	0.074
1866.667	0.093
1858.296	0.174
1850.000	0.197
1841.778	0.127
1833.628	0.066
1825.551	0.101
1817.544	0.180
1809.607	0.184
1801.739	0.107
1793.939	0.061
1786.207	0.111
1778.541	0.182
1770.940	0.167
1763.404	0.088
1755.932	0.060
1748.523	0.122
1741.176	0.181
1733.891	0.149
1726.667	0.072
1719.502	0.063
1712.397	0.133
1705.350	0.177
1698.361	0.129
1691.429	0.060
1684.553	0.069
1677.733	0.142
1670.968	0.169
1664.257	0.110
1657.600	0.051
1650.996	0.078
1644.444	0.149
1637.945	0.157
1631.496	0.091
1625.098	0.047
1618.750	0.089
1612.451	0.152
1606.202	0.142
1600.000	0.074
1593.846	0.047
1587.739	0.099
1581.679	0.152
1575.665	0.126
1569.697	0.060
1563.774	0.051
1557.895	0.109
1552.060	0.148
1546.269	0.109
1540.520	0.050
1534.815	0.057
1529.151	0.118
1523.529	0.141
1517.949	0.092
1512.409	0.043
1506.909	0.065
1501.449	0.123
1496.029	0.130
1490.647	0.076
1485.305	0.040
1480.000	0.074
1474.733	0.126
1469.504	0.118
1464.311	0.062
1459.155	0.041
1454.035	0.083
1448.951	0.125
1443.902	0.104
1438.889	0.051
1433.910	0.044
1428.966	0.091
1424.055	0.121
1419.178	0.090
1414.334	0.044
1409.524	0.050
1404.746	0.097
1400.000	0.114
1395.286	0.076
1390.604	0.039
1385.953	0.056
1381.333	0.101
1376.744	0.106
1372.185	0.064
1367.657	0.037
1363.158	0.063
1358.689	0.102
1354.248	0.095
1349.837	0.054
1345.455	0.038
1341.100	0.070
1336.774	0.100
1332.476	0.085
1328.205	0.046
1323.962	0.041
1319.745	0.075
1315.556	0.097
1311.392	0.074
1307.256	0.041
1303.145	0.045
1299.060	0.078
1295.000	0.091
1290.966	0.064
1286.957	0.038
1282.972	0.049
1279.012	0.080
1275.077	0.084
1271.166	0.056
1267.278	0.037
1263.415	0.054
1259.574	0.080
1255.758	0.077
1251.964	0.049
1248.193	0.037
1244.444	0.058
1240.719	0.079
1237.015	0.070
1233.333	0.044
1229.674	0.039
1226.036	0.061
1222.419	0.076
1218.824	0.062
1215.249	0.040
1211.696	0.041
1208.163	0.062
1204.651	0.072
1201.159	0.056
1197.688	0.038
1194.236	0.043
1190.805	0.063
1187.393	0.068
1184.000	0.051
1180.627	0.037
1177.273	0.045
1173.938	0.063
1170.621	0.063
1167.324	0.046
1164.045	0.036
1160.784	0.047
1157.542	0.062
1154.318	0.059
1151.111	0.043
1147.922	0.036
1144.751	0.048
1141.598	0.060
1138.462	0.055
1135.342	0.040
1132.240	0.037
1129.155	0.049
1126.087	0.058
1123.035	0.051
1120.000	0.038
1116.981	0.037
1113.978	0.049
1110.992	0.056
1108.021	0.048
1105.067	0.036
1102.128	0.038
1099.204	0.049
1096.296	0.054
1093.404	0.045
1090.526	0.035
1087.664	0.038
1084.817	0.049
1081.984	0.052
1079.167	0.042
1076.364	0.034
1073.575	0.038
1070.801	0.049
1068.041	0.050
1065.296	0.040
1062.564	0.033
1059.847	0.038
1057.143	0.048
1054.453	0.048
1051.777	0.038
1049.114	0.032
1046.465	0.039
1043.829	0.048
1041.206	0.046
1038.596	0.036
1036.000	0.031
1033.416	0.039
1030.846	0.047
1028.288	0.044
1025.743	0.033
1023.210	0.031
1020.690	0.040
1018.182	0.047
1015.686	0.042
1013.203	0.031
1010.732	0.031
1008.273	0.041
1005.825	0.046
1003.390	0.039
1000.966	0.029
998.554	0.031
996.154	0.041
993.765	0.045
991.388	0.037
989.021	0.027
986.667	0.031
984.323	0.042
981.991	0.044
979.669	0.034
977.358	0.026
975.059	0.032
972.770	0.043
970.492	0.042
968.224	0.031
965.967	0.025
963.721	0.034
961.485	0.043
959.259	0.040
957.044	0.028
954.839	0.025
952.644	0.035
950.459	0.043
948.284	0.037
946.119	0.026
943.964	0.026
941.818	0.037
939.683	0.043
937.557	0.034
935.440	0.024
933.333	0.026
931.236	0.038
929.148	0.042
927.069	0.031
925.000	0.022
922.940	0.028
920.889	0.039
918.847	0.040
916.814	0.028
914.790	0.022
912.775	0.030
910.769	0.040
908.772	0.037
906.783	0.025
904.803	0.022
902.832	0.031
900.870	0.040
898.915	0.034
896.970	0.023
895.032	0.022
893.103	0.033
891.183	0.039
889.270	0.031
887.366	0.021
885.470	0.023
883.582	0.035
881.702	0.038
879.830	0.028
877.966	0.020
876.110	0.025
874.262	0.036
872.421	0.036
870.588	0.025
868.763	0.019
866.946	0.027
865.136	0.036
863.333	0.034
861.538	0.023
859.751	0.019
857.971	0.028
856.198	0.036
854.433	0.031
852.675	0.021
850.924	0.020
849.180	0.030
847.444	0.035
845.714	0.028
843.992	0.019
842.276	0.021
840.568	0.031
838.866	0.034
837.172	0.026
835.484	0.018
833.803	0.023
832.129	0.032
830.461	0.032
828.800	0.023
827.146	0.018
825.498	0.024
823.857	0.032
822.222	0.030
820.594	0.021
818.972	0.018
817.357	0.026
815.748	0.032
814.145	0.028
812.549	0.019
810.959	0.019
809.375	0.027
807.797	0.031
806.226	0.026
804.660	0.018
803.101	0.020
801.547	0.027
800.000	0.030
798.459	0.023
796.923	0.018
795.393	0.021
793.870	0.028
792.352	0.028
790.840	0.022
789.333	0.018
787.833	0.022
786.338	0.028
784.848	0.027
783.365	0.020
781.887	0.018
780.414	0.023
778.947	0.027
777.486	0.025
776.030	0.019
774.579	0.018
773.134	0.023
771.695	0.027
770.260	0.023
768.831	0.018
767.407	0.019
765.989	0.024
764.576	0.026
763.168	0.022
761.765	0.018
760.367	0.019
758.974	0.024
757.587	0.025
756.204	0.021
754.827	0.017
753.455	0.020
752.087	0.024
750.725	0.024
749.367	0.020
748.014	0.017
746.667	0.020
745.324	0.024
743.986	0.023
742.652	0.019
741.324	0.017
740.000	0.020
738.681	0.023
737.367	0.022
736.057	0.018
734.752	0.017
733.451	0.020
732.155	0.023
730.864	0.021
729.577	0.017
728.295	0.017
727.018	0.020
725.744	0.022
724.476	0.020
723.211	0.017
721.951	0.017
720.696	0.020
719.444	0.022
718.198	0.019
716.955	0.017
715.717	0.017
714.483	0.020
713.253	0.021
712.027	0.019
710.806	0.016
709.589	0.017
708.376	0.020
707.167	0.021
705.963	0.018
704.762	0.016
703.565	0.017
702.373	0.020
701.184	0.020
700.000	0.017
698.820	0.015
697.643	0.017
696.471	0.020
695.302	0.020
694.137	0.017
692.977	0.015
691.820	0.017
690.667	0.020
689.517	0.019
688.372	0.016
687.231	0.015
686.093	0.018
684.959	0.020
683.828	0.019
682.702	0.015
681.579	0.015
680.460	0.018
679.344	0.020
678.232	0.018
677.124	0.014
676.020	0.015
674.919	0.018
673.821	0.020
672.727	0.017
671.637	0.014
670.550	0.015
669.467	0.019
668.387	0.019
667.311	0.016
666.238	0.013
665.169	0.015
664.103	0.019
663.040	0.019
661.981	0.015
660.925	0.013
659.873	0.016
658.824	0.019
657.778	0.018
656.735	0.014
655.696	0.013
654.660	0.016
653.628	0.019
652.598	0.017
651.572	0.013
650.549	0.013
649.530	0.017
648.513	0.019
647.500	0.016
646.490	0.012
645.483	0.013
644.479	0.018
643.478	0.019
642.481	0.015
641.486	0.012
640.495	0.014
639.506	0.018
638.521	0.018
637.538	0.014
636.559	0.012
635.583	0.015
634.609	0.018
633.639	0.017
632.672	0.013
631.707	0.012
630.746	0.015
629.787	0.018
628.832	0.016
627.879	0.012
626.929	0.012
625.982	0.016
625.038	0.018
624.096	0.015
623.158	0.011
622.222	0.012
621.289	0.016
620.359	0.018
619.432	0.014
618.507	0.011
617.586	0.013
616.667	0.017
615.750	0.017
614.837	0.013
613.926	0.011
613.018	0.014
612.112	0.017
611.209	0.016
610.309	0.012
609.412	0.011
608.517	0.014
607.625	0.017
606.735	0.015
605.848	0.011
604.964	0.011
604.082	0.015
603.202	0.017
602.326	0.014
601.451	0.011
600.580	0.011
599.711	0.015
598.844	0.016
597.980	0.013
597.118	0.010
596.259	0.012
595.402	0.016
594.548	0.016
593.696	0.012
592.847	0.010
592.000	0.013
591.155	0.016
590.313	0.015
589.474	0.011
588.636	0.010
587.801	0.013
586.969	0.016
586.139	0.014
585.311	0.011
584.485	0.011
583.662	0.014
582.841	0.015
582.022	0.013
581.206	0.010
580.392	0.011
579.580	0.014
578.771	0.015
577.964	0.012
577.159	0.010
576.356	0.011
575.556	0.014
574.757	0.014
573.961	0.012
573.167	0.010
572.376	0.012
571.586	0.014
570.799	0.014
570.014	0.011
569.231	0.010
568.450	0.012
567.671	0.014
566.895	0.013
566.120	0.010
565.348	0.010
564.578	0.012
563.810	0.014
563.043	0.012
562.280	0.010
561.518	0.010
560.758	0.013
560.000	0.014
559.244	0.012
558.491	0.010
557.739	0.011
556.989	0.013
556.242	0.013
555.496	0.011
554.752	0.010
554.011	0.011
553.271	0.013
552.533	0.013
551.798	0.011
551.064	0.010
550.332	0.011
549.602	0.013
548.874	0.012
548.148	0.010
547.424	0.010
546.702	0.011
545.982	0.012
545.263	0.012
544.547	0.010
543.832	0.010
543.119	0.011
542.408	0.012
541.699	0.011
540.992	0.010
540.287	0.010
539.583	0.011
538.882	0.012
538.182	0.011
537.484	0.010
536.788	0.010
536.093	0.011
535.401	0.012
534.710	0.011
534.021	0.009
533.333	0.010
532.648	0.011
531.964	0.012
531.282	0.010
530.602	0.009
529.923	0.010
529.246	0.011
528.571	0.011
527.898	0.010
527.226	0.009
526.557	0.010
525.888	0.011
525.222	0.011
524.557	0.010
523.894	0.009
523.232	0.010
522.573	0.011
521.914	0.011
521.258	0.009
520.603	0.009
519.950	0.010
519.298	0.011
518.648	0.011
518.000	0.009
517.353	0.009
516.708	0.010
516.065	0.011
515.423	0.010
514.783	0.009
514.144	0.009
513.507	0.010
512.871	0.011
512.237	0.010
511.605	0.009
510.974	0.009
510.345	0.011
509.717	0.011
509.091	0.010
508.466	0.008
507.843	0.009
507.222	0.011
506.601	0.011
505.983	0.009
505.366	0.008
504.750	0.009
504.136	0.011
503.524	0.011
502.913	0.009
502.303	0.008
501.695	0.009
501.088	0.011
500.483	0.010
499.879	0.008
499.277	0.008
498.676	0.010
498.077	0.011
497.479	0.010
496.882	0.008
496.287	0.008
495.694	0.010
495.102	0.011
494.511	0.009
493.921	0.008
493.333	0.008
492.747	0.010
492.162	0.011
491.578	0.009
490.995	0.007
490.414	0.008
489.835	0.010
489.256	0.010
488.679	0.008
488.104	0.007
487.529	0.009
486.957	0.011
486.385	0.010
485.815	0.008
485.246	0.007
484.678	0.009
484.112	0.011
483.547	0.009
482.984	0.007
482.421	0.007
481.860	0.009
481.301	0.010
480.742	0.009
480.185	0.007
479.630	0.008
479.075	0.010
478.522	0.010
477.970	0.008
477.419	0.007
476.870	0.008
476.322	0.010
475.775	0.010
475.229	0.008
474.685	0.007
474.142	0.008
473.600	0.010
473.059	0.009
472.520	0.007
471.982	0.007
471.445	0.009
470.909	0.010
470.375	0.009
469.841	0.007
469.309	0.007
468.778	0.009
468.249	0.010
467.720	0.008
467.193	0.007
466.667	0.007
466.142	0.009
465.618	0.010
465.095	0.008
464.574	0.006
464.054	0.008
463.535	0.009
463.017	0.009
462.500	0.007
461.984	0.006
461.470	0.008
460.957	0.010
460.444	0.009
459.933	0.007
459.424	0.006
458.915	0.008
458.407	0.010
457.901	0.008
457.395	0.007
456.891	0.007
456.388	0.009
455.886	0.009
455.385	0.008
454.885	0.006
454.386	0.007
453.888	0.009
453.392	0.009
452.896	0.007
452.402	0.006
451.908	0.007
451.416	0.009
450.925	0.009
450.435	0.007
449.946	0.006
449.458	0.007
448.971	0.009
448.485	0.008
448.000	0.007
447.516	0.006
447.033	0.008
446.552	0.009
446.071	0.008
445.591	0.006
445.113	0.006
444.635	0.008
444.159	0.009
443.683	0.008
443.209	0.006
442.735	0.007
442.263	0.008
441.791	0.009
441.321	0.007
440.851	0.006
440.383	0.007
439.915	0.008
439.449	0.008
438.983	0.007
438.519	0.006
438.055	0.007
437.592	0.008
437.131	0.008
436.670	0.006
436.211	0.006
435.752	0.007
435.294	0.008
434.837	0.008
434.382	0.006
433.927	0.006
433.473	0.007
433.020	0.008
432.568	0.007
432.117	0.006
431.667	0.006
431.217	0.008
430.769	0.008
430.322	0.007
429.876	0.006
429.430	0.007
428.986	0.008
428.542	0.008
428.099	0.007
427.657	0.006
427.216	0.007
426.777	0.008
426.337	0.007
425.899	0.006
425.462	0.006
425.026	0.007
424.590	0.008
424.156	0.007
423.722	0.006
423.289	0.006
422.857	0.007
422.426	0.008
421.996	0.007
421.567	0.006
421.138	0.006
420.711	0.007
420.284	0.007
419.858	0.007
419.433	0.006
419.009	0.006
418.586	0.007
418.163	0.007
417.742	0.006
417.321	0.006
416.901	0.006
416.482	0.007
416.064	0.007
415.647	0.006
415.230	0.006
414.815	0.006
414.400	0.007
413.986	0.007
413.573	0.006
413.161	0.006
412.749	0.006
412.338	0.007
411.928	0.007
411.519	0.006
411.111	0.006
410.704	0.007
410.297	0.007
409.891	0.007
409.486	0.006
409.082	0.006
408.679	0.007
408.276	0.007
407.874	0.006
407.473	0.006
407.073	0.006
406.673	0.007
406.275	0.007
405.877	0.006
405.479	0.006
405.083	0.006
404.688	0.007
404.293	0.007
403.899	0.006
403.505	0.006
403.113	0.006
402.721	0.007
402.330	0.006
401.940	0.006
401.550	0.006
401.162	0.006
400.774	0.007
400.386	0.006
400.000	0.006
399.614	0.006
399.229	0.006
398.845	0.006
398.462	0.006
398.079	0.006
397.697	0.006
397.315	0.006
396.935	0.006
396.555	0.006
396.176	0.005
395.798	0.006
395.420	0.006
395.043	0.006
394.667	0.006
394.291	0.005
393.916	0.006
393.542	0.006
393.169	0.006
392.796	0.006
392.424	0.005
392.053	0.006
391.682	0.006
391.313	0.006
390.943	0.006
390.575	0.005
390.207	0.006
389.840	0.006
389.474	0.006
389.108	0.005
388.743	0.005
388.379	0.006
388.015	0.006
387.652	0.006
387.290	0.005
386.928	0.005
386.567	0.006
386.207	0.006
385.847	0.006
385.488	0.005
385.130	0.005
384.773	0.006
384.416	0.006
384.059	0.006
383.704	0.005
383.349	0.005
382.994	0.006
382.641	0.006
382.288	0.005
381.935	0.005
381.584	0.005
381.233	0.006
380.882	0.006
380.533	0.005
380.183	0.005
379.835	0.005
379.487	0.006
379.140	0.006
378.793	0.005
378.447	0.005
378.102	0.005
377.758	0.006
377.413	0.006
377.070	0.005
376.727	0.005
376.385	0.005
376.044	0.006
375.703	0.005
375.362	0.005
375.023	0.005
374.684	0.005
374.345	0.006
374.007	0.005
373.670	0.005
373.333	0.005
372.997	0.005
372.662	0.006
372.327	0.005
371.993	0.005
371.659	0.005
371.326	0.005
370.994	0.005
370.662	0.005
370.331	0.005
370.000	0.005
369.670	0.005
369.340	0.005
369.012	0.005
368.683	0.005
368.356	0.005
368.028	0.005
367.702	0.005
367.376	0.005
367.050	0.005
366.726	0.005
366.401	0.005
366.078	0.005
365.755	0.005
365.432	0.005
365.110	0.005
364.789	0.005
364.468	0.005
364.148	0.005
363.828	0.005
363.509	0.005
363.190	0.005
362.872	0.005
362.555	0.005
362.238	0.005
361.921	0.005
361.606	0.005
361.290	0.005
360.976	0.005
360.661	0.005
360.348	0.005
360.035	0.005
359.722	0.005
359.410	0.005
359.099	0.005
358.788	0.005
358.478	0.005
358.168	0.005
357.858	0.005
357.550	0.005
357.241	0.005
356.934	0.005
356.627	0.005
356.320	0.005
356.014	0.005
355.708	0.005
355.403	0.005
355.099	0.005
354.795	0.004
354.491	0.005
354.188	0.005
353.886	0.005
353.584	0.005
353.282	0.004
352.981	0.005
352.681	0.005
352.381	0.005
352.082	0.004
351.783	0.004
351.484	0.005
351.186	0.005
350.889	0.005
350.592	0.004
350.296	0.004
350.000	0.005
349.705	0.005
349.410	0.005
349.115	0.004
348.822	0.005
348.528	0.005
348.235	0.005
347.943	0.004
347.651	0.004
347.360	0.005
347.069	0.005
346.778	0.005
346.488	0.004
346.199	0.004
345.910	0.005
345.621	0.005
345.333	0.005
345.046	0.004
344.759	0.004
344.472	0.005
344.186	0.005
343.900	0.005
343.615	0.004
343.331	0.004
343.046	0.005
342.763	0.005
342.479	0.004
342.197	0.004
341.914	0.004
341.632	0.005
341.351	0.005
341.070	0.004
340.789	0.004
340.509	0.004
340.230	0.005
339.951	0.005
339.672	0.004
339.394	0.004
339.116	0.004
338.839	0.005
338.562	0.005
338.286	0.004
338.010	0.004
337.734	0.005
337.459	0.005
337.185	0.004
336.911	0.004
336.637	0.004
336.364	0.005
336.091	0.005
335.818	0.004
335.547	0.004
335.275	0.004
335.004	0.005
334.733	0.005
334.463	0.004
334.194	0.004
333.924	0.004
333.655	0.005
333.387	0.005
333.119	0.004
332.851	0.004
332.584	0.004
332.318	0.005
332.051	0.004
331.785	0.004
331.520	0.004
331.255	0.004
330.990	0.005
330.726	0.004
330.463	0.004
330.199	0.004
329.936	0.004
329.674	0.005
329.412	0.004
329.150	0.004
328.889	0.004
328.628	0.004
328.368	0.004
328.108	0.004
327.848	0.004
327.589	0.004
327.330	0.004
327.072	0.004
326.814	0.004
326.556	0.004
326.299	0.004
326.042	0.004
325.786	0.004
325.530	0.004
325.275	0.004
325.020	0.004
324.765	0.004
324.511	0.004
324.257	0.004
324.003	0.004
323.750	0.004
323.497	0.004
323.245	0.004
322.993	0.004
322.741	0.004
322.490	0.004
322.240	0.004
321.989	0.004
321.739	0.004
321.490	0.004
321.240	0.004
320.991	0.004
320.743	0.004
320.495	0.004
320.247	0.004
320.000	0.004
319.753	0.004
319.507	0.004
319.260	0.004
319.015	0.004
318.769	0.004
318.524	0.004
318.280	0.004
318.035	0.004
317.791	0.004
317.548	0.004
317.305	0.004
317.062	0.004
316.820	0.004
316.578	0.004
316.336	0.004
316.095	0.004
315.854	0.004
315.613	0.004
315.373	0.004
315.133	0.004
314.894	0.004
314.655	0.004
314.416	0.004
314.177	0.004
313.939	0.004
313.702	0.004
313.464	0.004
313.228	0.004
312.991	0.004
312.755	0.004
312.519	0.004
312.283	0.004
312.048	0.004
311.813	0.004
311.579	0.004
311.345	0.004
311.111	0.004
310.878	0.004
310.645	0.004
310.412	0.004
310.180	0.004
309.948	0.004
309.716	0.004
309.485	0.004
309.254	0.004
309.023	0.003
308.793	0.004
308.563	0.004
308.333	0.004
308.104	0.004
307.875	0.003
307.647	0.004
307.418	0.004
307.191	0.004
306.963	0.004
306.736	0.003
306.509	0.004
306.282	0.004
306.056	0.004
305.830	0.004
305.605	0.003
305.380	0.004
305.155	0.004
304.930	0.004
304.706	0.003
304.482	0.003
304.258	0.004
304.035	0.004
303.812	0.004
303.590	0.003
303.367	0.003
303.146	0.004
302.924	0.004
302.703	0.004
302.482	0.003
302.261	0.003
302.041	0.004
301.821	0.004
301.601	0.004
301.382	0.003
301.163	0.003
300.944	0.004
300.726	0.004
300.508	0.003
300.290	0.003
300.072	0.003
299.855	0.004
299.638	0.004
299.422	0.003
299.206	0.003
298.990	0.003
298.774	0.004
298.559	0.004
298.344	0.003
298.129	0.003
297.915	0.003
297.701	0.004
297.487	0.004
297.274	0.003
297.061	0.003
296.848	0.004
296.636	0.004
296.423	0.003
296.212	0.003
296.000	0.003
295.789	0.004
295.578	0.004
295.367	0.003
295.157	0.003
294.947	0.003
294.737	0.004
294.527	0.004
294.318	0.003
294.109	0.003
293.901	0.003
293.692	0.004
293.484	0.004
293.277	0.003
293.069	0.003
292.862	0.003
292.655	0.004
292.449	0.003
292.243	0.003
292.037	0.003
291.831	0.003
291.626	0.004
291.421	0.003
291.216	0.003
291.011	0.003
290.807	0.003
290.603	0.004
290.399	0.003
290.196	0.003
289.993	0.003
289.790	0.004
289.588	0.004
289.385	0.003
289.184	0.003
288.982	0.003
288.780	0.004
288.579	0.003
288.379	0.003
288.178	0.003
287.978	0.003
287.778	0.004
287.578	0.003
287.379	0.003
287.179	0.003
286.981	0.003
286.782	0.004
286.584	0.003
286.386	0.003
286.188	0.003
285.990	0.003
285.793	0.003
285.596	0.003
285.399	0.003
285.203	0.003
285.007	0.003
284.811	0.003
284.615	0.003
284.420	0.003
284.225	0.003
284.030	0.003
283.836	0.003
283.641	0.003
283.447	0.003
283.254	0.003
283.060	0.003
282.867	0.003
282.674	0.003
282.481	0.003
282.289	0.003
282.097	0.003
281.905	0.003
281.713	0.003
281.522	0.003
281.331	0.003
281.140	0.003
280.949	0.003
280.759	0.003
280.569	0.003
280.379	0.003
280.189	0.003
280.000	0.003
279.811	0.003
279.622	0.003
279.434	0.003
279.245	0.003
279.057	0.003
278.869	0.003
278.682	0.003
278.495	0.003
278.308	0.003
278.121	0.003
277.934	0.003
277.748	0.003
277.562	0.003
277.376	0.003
277.191	0.003
277.005	0.003
276.820	0.003
276.636	0.003
276.451	0.003
276.267	0.003
276.083	0.003
275.899	0.003
275.715	0.003
275.532	0.003
275.349	0.003
275.166	0.003
274.983	0.003
274.801	0.003
274.619	0.003
274.437	0.003
274.255	0.003
274.074	0.003
273.893	0.003
273.712	0.003
273.531	0.003
273.351	0.003
273.171	0.003
272.991	0.003
272.811	0.003
272.632	0.003
272.452	0.003
272.273	0.003
272.095	0.003
271.916	0.003
271.738	0.003
271.560	0.003
271.382	0.003
271.204	0.003
271.027	0.003
270.850	0.003
270.673	0.003
270.496	0.003
270.320	0.003
270.143	0.003
269.967	0.003
269.792	0.003
269.616	0.003
269.441	0.003
269.266	0.003
269.091	0.003
268.916	0.003
268.742	0.003
268.568	0.003
268.394	0.003
268.220	0.003
268.047	0.003
267.873	0.003
267.700	0.003
267.527	0.003
267.355	0.003
267.182	0.003
267.010	0.003
266.838	0.003
266.667	0.003
266.495	0.003
266.324	0.003
266.153	0.003
265.982	0.003
265.811	0.003
265.641	0.003
265.471	0.003
265.301	0.003
265.131	0.003
264.962	0.003
264.792	0.003
264.623	0.003
264.454	0.003
264.286	0.003
264.117	0.003
263.949	0.003
263.781	0.003
263.613	0.003
263.446	0.003
263.278	0.003
263.111	0.003
262.944	0.003
262.777	0.003
262.611	0.003
262.445	0.003
262.278	0.003
262.113	0.003
261.947	0.003
261.781	0.003
261.616	0.003
261.451	0.003
261.286	0.003
261.122	0.003
260.957	0.003
260.793	0.003
260.629	0.003
260.465	0.003
260.302	0.003
260.138	0.002
259.975	0.003
259.812	0.003
259.649	0.003
259.487	0.002
259.324	0.003
259.162	0.003
259.000	0.003
258.838	0.003
258.677	0.002
258.515	0.003
258.354	0.003
258.193	0.003
258.032	0.003
257.872	0.002
257.711	0.003
257.551	0.003
257.391	0.003
257.232	0.003
257.072	0.002
256.913	0.003
256.753	0.003
256.594	0.003
256.436	0.002
256.277	0.002
256.119	0.003
255.960	0.003
255.802	0.003
255.645	0.002
255.487	0.002
255.330	0.003
255.172	0.003
255.015	0.003
254.859	0.002
254.702	0.002
254.545	0.003
254.389	0.003
254.233	0.003
254.077	0.002
253.922	0.002
253.766	0.003
253.611	0.003
253.456	0.002
253.301	0.002
253.146	0.003
252.991	0.003
252.837	0.003
252.683	0.002
252.529	0.002
252.375	0.003
252.222	0.003
252.068	0.003
251.915	0.002
251.762	0.002
251.609	0.003
251.456	0.003
251.304	0.003
251.152	0.002
250.999	0.002
250.847	0.003
250.696	0.003
250.544	0.002
250.393	0.002
250.242	0.002
250.091	0.003
249.940	0.003
249.789	0.002
249.639	0.002
249.488	0.002
249.338	0.003
249.188	0.003
249.038	0.002
248.889	0.002
248.739	0.003
248.590	0.003
248.441	0.003
248.292	0.002
248.144	0.002
247.995	0.003
247.847	0.003
247.699	0.002
247.551	0.002
247.403	0.002
247.255	0.003
247.108	0.003
246.961	0.002
246.814	0.002
246.667	0.002
246.520	0.003
246.373	0.003
246.227	0.002
246.081	0.002
245.935	0.002
245.789	0.003
245.643	0.003
245.498	0.002
245.352	0.002
245.207	0.002
245.062	0.003
244.917	0.002
244.773	0.002
244.628	0.002
244.484	0.002
244.340	0.003
244.196	0.002
244.052	0.002
243.908	0.002
243.765	0.002
243.621	0.003
243.478	0.002
243.335	0.002
243.192	0.002
243.050	0.002
242.907	0.002
242.765	0.002
242.623	0.002
242.481	0.002
242.339	0.002
242.198	0.002
242.056	0.002
241.915	0.002
241.774	0.002
241.633	0.002
241.492	0.002
241.351	0.002
241.211	0.002
241.070	0.002
240.930	0.002
240.790	0.002
240.650	0.002
240.511	0.002
240.371	0.002
240.232	0.002
240.093	0.002
239.954	0.002
239.815	0.002
239.676	0.002
239.538	0.002
239.399	0.002
239.261	0.002
239.123	0.002
238.985	0.002
238.847	0.002
238.710	0.002
238.572	0.002
238.435	0.002
238.298	0.002
238.161	0.002
238.024	0.002
237.887	0.002
237.751	0.002
237.615	0.002
237.479	0.002
237.342	0.002
237.207	0.002
237.071	0.002
236.935	0.002
236.800	0.002
236.665	0.002
236.530	0.002
236.395	0.002
236.260	0.002
236.125	0.002
235.991	0.002
235.857	0.002
235.722	0.002
235.588	0.002
235.455	0.002
235.321	0.002
235.187	0.002
235.054	0.002
234.921	0.002
234.788	0.002
234.655	0.002
234.522	0.002
234.389	0.002
234.257	0.002
234.124	0.002
233.992	0.002
233.860	0.002
233.728	0.002
233.596	0.002
233.465	0.002
233.333	0.002
233.202	0.002
233.071	0.002
232.940	0.002
232.809	0.002
232.678	0.002
232.548	0.002
232.417	0.002
232.287	0.002
232.157	0.002
232.027	0.002
231.897	0.002
231.767	0.002
231.638	0.002
231.508	0.002
231.379	0.002
231.250	0.002
231.121	0.002
230.992	0.002
230.864	0.002
230.735	0.002
230.607	0.002
230.478	0.002
230.350	0.002
230.222	0.002
230.094	0.002
229.967	0.002
229.839	0.002
229.712	0.002
229.584	0.002
229.457	0.002
229.330	0.002
229.204	0.002
229.077	0.002
228.950	0.002
228.824	0.002
228.698	0.002
228.571	0.002
228.445	0.002
228.320	0.002
228.194	0.002
228.068	0.002
227.943	0.002
227.817	0.002
227.692	0.002
227.567	0.002
227.442	0.002
227.318	0.002
227.193	0.002
227.068	0.002
226.944	0.002
226.820	0.002
226.696	0.002
226.572	0.002
226.448	0.002
226.324	0.002
226.201	0.002
226.077	0.002
225.954	0.002
225.831	0.002
225.708	0.002
225.585	0.002
225.462	0.002
225.340	0.002
225.217	0.002
225.095	0.002
224.973	0.002
224.851	0.002
224.729	0.002
224.607	0.002
224.485	0.002
224.364	0.002
224.242	0.002
224.121	0.002
224.000	0.002
223.879	0.002
223.758	0.002
223.637	0.002
223.517	0.002
223.396	0.002
223.276	0.002
223.156	0.002
223.036	0.002
222.916	0.002
222.796	0.002
222.676	0.002
222.556	0.002
222.437	0.002
222.318	0.002
222.198	0.002
222.079	0.002
221.960	0.002
221.842	0.002
221.723	0.002
221.604	0.002
221.486	0.002
221.368	0.002
221.249	0.002
221.131	0.002
221.013	0.002
220.896	0.002
220.778	0.002
220.660	0.002
220.543	0.002
220.426	0.002
220.308	0.002
220.191	0.002
220.074	0.002
219.958	0.002
219.841	0.002
219.724	0.002
219.608	0.002
219.492	0.002
219.375	0.002
219.259	0.002
219.143	0.002
219.027	0.002
218.912	0.002
218.796	0.002
218.681	0.002
218.565	0.002
218.450	0.002
218.335	0.002
218.220	0.002
218.105	0.002
217.991	0.002
217.876	0.002
217.761	0.002
217.647	0.002
217.533	0.002
217.419	0.002
217.305	0.002
217.191	0.002
217.077	0.002
216.963	0.002
216.850	0.002
216.736	0.002
216.623	0.002
216.510	0.002
216.397	0.002
216.284	0.002
216.171	0.002
216.058	0.002
215.946	0.002
215.833	0.002
215.721	0.002
215.609	0.002
215.497	0.002
215.385	0.002
215.273	0.002
215.161	0.002
215.049	0.002
214.938	0.002
214.826	0.002
214.715	0.002
214.604	0.002
214.493	0.002
214.382	0.002
214.271	0.002
214.160	0.002
214.050	0.002
213.939	0.002
213.829	0.002
213.718	0.002
213.608	0.002
213.498	0.002
213.388	0.002
213.278	0.002
213.169	0.002
213.059	0.002
212.950	0.002
212.840	0.002
212.731	0.002
212.622	0.002
212.513	0.002
212.404	0.002
212.295	0.002
212.186	0.002
212.078	0.002
211.969	0.002
211.861	0.002
211.753	0.002
211.645	0.002
211.536	0.002
211.429	0.002
211.321	0.002
211.213	0.002
211.105	0.002
210.998	0.002
210.891	0.002
210.783	0.002
210.676	0.002
210.569	0.002
210.462	0.002
210.355	0.002
210.249	0.002
210.142	0.002
210.035	0.002
209.929	0.002
209.823	0.002
209.717	0.002
209.611	0.002
209.505	0.002
209.399	0.002
209.293	0.002
209.187	0.002
209.082	0.002
208.976	0.002
208.871	0.002
208.766	0.002
208.661	0.002
208.556	0.002
208.451	0.002
208.346	0.002
208.241	0.002
208.137	0.002
208.032	0.002
207.928	0.002
207.823	0.002
207.719	0.002
207.615	0.002
207.511	0.002
207.407	0.002
207.304	0.002
207.200	0.002
207.096	0.002
206.993	0.002
206.890	0.002
206.786	0.002
206.683	0.002
206.580	0.002
206.477	0.002
206.375	0.002
206.272	0.002
206.169	0.002
206.067	0.002
205.964	0.002
205.862	0.002
205.760	0.002
205.658	0.002
205.556	0.002
205.454	0.002
205.352	0.002
205.250	0.002
205.149	0.002
205.047	0.002
204.946	0.002
204.844	0.002
204.743	0.002
204.642	0.002
204.541	0.002
204.440	0.002
204.339	0.002
204.239	0.002
204.138	0.002
204.037	0.002
203.937	0.002
203.837	0.002
203.736	0.002
203.636	0.002
203.536	0.002
203.436	0.002
203.337	0.002
203.237	0.002
203.137	0.002
203.038	0.002
202.938	0.002
202.839	0.002
202.740	0.002
202.641	0.002
202.542	0.002
202.443	0.002
202.344	0.002
202.245	0.002
202.146	0.002
202.048	0.002
201.949	0.002
201.851	0.002
201.753	0.002
201.655	0.002
201.556	0.002
201.458	0.002
201.361	0.002
201.263	0.002
201.165	0.002
201.067	0.002
200.970	0.002
200.873	0.002
200.775	0.002
200.678	0.002
200.581	0.002
200.484	0.002
200.387	0.002
200.290	0.002
200.193	0.002
200.097	0.002
200.000	0.002
199.904	0.002
199.807	0.002
199.711	0.002
199.615	0.002
199.519	0.002
199.423	0.002
199.327	0.002
199.231	0.002
199.135	0.002
199.039	0.002
198.944	0.002
198.848	0.002
198.753	0.002
198.658	0.002
198.563	0.002
198.467	0.002
198.372	0.002
198.278	0.002
198.183	0.002
198.088	0.002
197.993	0.002
197.899	0.002
197.804	0.002
197.710	0.002
197.616	0.002
197.521	0.002
197.427	0.002
197.333	0.002
197.239	0.002
197.146	0.002
197.052	0.002
196.958	0.002
196.865	0.002
196.771	0.002
196.678	0.002
196.584	0.002
196.491	0.002
196.398	0.002
196.305	0.002
196.212	0.002
196.119	0.002
196.026	0.002
195.934	0.002
195.841	0.002
195.749	0.002
195.656	0.002
195.564	0.002
195.472	0.002
195.380	0.002
195.287	0.002
195.195	0.002
195.104	0.002
195.012	0.002
194.920	0.002
194.828	0.002
194.737	0.002
194.645	0.002
194.554	0.002
194.463	0.002
194.371	0.002
194.280	0.002
194.189	0.002
194.098	0.002
194.007	0.002
193.917	0.002
193.826	0.002
193.735	0.002
193.645	0.002
193.554	0.002
193.464	0.002
193.374	0.002
193.284	0.002
193.193	0.002
193.103	0.002
193.014	0.002
192.924	0.002
192.834	0.002
192.744	0.002
192.655	0.002
192.565	0.002
192.476	0.002
192.386	0.002
192.297	0.002
192.208	0.002
192.119	0.002
192.030	0.002
191.941	0.002
191.852	0.002
191.763	0.002
191.674	0.002
191.586	0.002
191.497	0.002
191.409	0.002
191.320	0.002
191.232	0.001
191.144	0.002
191.056	0.002
190.968	0.002
190.880	0.002
190.792	0.001
190.704	0.002
190.616	0.002
190.529	0.002
190.441	0.002
190.354	0.001
190.266	0.002
190.179	0.002
190.092	0.002
190.005	0.001
189.918	0.001
189.831	0.002
189.744	0.002
189.657	0.002
189.570	0.001
189.483	0.001
189.397	0.002
189.310	0.002
189.224	0.002
189.137	0.001
189.051	0.001
188.965	0.002
188.879	0.002
188.793	0.002
188.707	0.001
188.621	0.002
188.535	0.002
188.449	0.002
188.364	0.001
188.278	0.001
188.193	0.002
188.107	0.002
188.022	0.002
187.937	0.001
187.851	0.001
187.766	0.002
187.681	0.002
187.596	0.002
187.511	0.001
187.427	0.001
187.342	0.002
187.257	0.002
187.173	0.001
187.088	0.001
187.004	0.001
186.919	0.002
186.835	0.002
186.751	0.001
186.667	0.001
186.583	0.001
186.499	0.002
186.415	0.002
186.331	0.001
186.247	0.001
186.164	0.001
186.080	0.002
185.996	0.002
185.913	0.001
185.830	0.001
185.746	0.002
185.663	0.002
185.580	0.001
185.497	0.001
185.414	0.001
185.331	0.002
185.248	0.002
185.165	0.001
185.083	0.001
185.000	0.001
184.917	0.002
184.835	0.002
184.753	0.001
184.670	0.001
184.588	0.001
184.506	0.002
184.424	0.002
184.342	0.001
184.260	0.001
184.178	0.001
184.096	0.002
184.014	0.001
183.933	0.001
183.851	0.001
183.769	0.001
183.688	0.002
183.607	0.001
183.525	0.001
183.444	0.001
183.363	0.001
183.282	0.001
183.201	0.001
183.120	0.001
183.039	0.001
182.958	0.001
182.877	0.001
182.797	0.001
182.716	0.001
182.636	0.001
182.555	0.001
182.475	0.001
182.394	0.001
182.314	0.001
182.234	0.001
182.154	0.001
182.074	0.001
181.994	0.001
181.914	0.001
181.834	0.001
181.754	0.001
181.675	0.001
181.595	0.001
181.516	0.001
181.436	0.001
181.357	0.001
181.277	0.001
181.198	0.001
181.119	0.001
181.040	0.001
180.961	0.001
180.882	0.001
180.803	0.001
180.724	0.001
180.645	0.001
180.566	0.001
180.488	0.001
180.409	0.001
180.331	0.001
180.252	0.001
180.174	0.001
180.096	0.001
180.017	0.001
179.939	0.001
179.861	0.001
179.783	0.001
179.705	0.001
179.627	0.001
179.549	0.001
179.472	0.001
179.394	0.001
179.316	0.001
179.239	0.001
179.161	0.001
179.084	0.001
179.006	0.001
178.929	0.001
178.852	0.001
178.775	0.001
178.698	0.001
178.621	0.001
178.544	0.001
178.467	0.001
178.390	0.001
178.313	0.001
178.237	0.001
178.160	0.001
178.083	0.001
178.007	0.001
177.930	0.001
177.854	0.001
177.778	0.001
177.702	0.001
177.625	0.001
177.549	0.001
177.473	0.001
177.397	0.001
177.321	0.001
177.246	0.001
177.170	0.001
177.094	0.001
177.018	0.001
176.943	0.001
176.867	0.001
176.792	0.001
176.716	0.001
176.641	0.001
176.566	0.001
176.491	0.001
176.415	0.001
176.340	0.001
176.265	0.001
176.190	0.001
176.116	0.001
176.041	0.001
175.966	0.001
175.891	0.001
175.817	0.001
175.742	0.001
175.668	0.001
175.593	0.001
175.519	0.001
175.445	0.001
175.370	0.001
175.296	0.001
175.222	0.001
175.148	0.001
175.074	0.001
175.000	0.001
174.926	0.001
174.852	0.001
174.779	0.001
174.705	0.001
174.631	0.001
174.558	0.001
174.484	0.001
174.411	0.001
174.337	0.001
174.264	0.001
174.191	0.001
174.118	0.001
174.045	0.001
173.971	0.001
173.898	0.001
173.826	0.001
173.753	0.001
173.680	0.001
173.607	0.001
173.534	0.001
173.462	0.001
173.389	0.001
173.317	0.001
173.244	0.001
173.172	0.001
173.099	0.001
173.027	0.001
172.955	0.001
172.883	0.001
172.811	0.001
172.739	0.001
172.667	0.001
172.595	0.001
172.523	0.001
172.451	0.001
172.379	0.001
172.308	0.001
172.236	0.001
172.165	0.001
172.093	0.001
172.022	0.001
171.950	0.001
171.879	0.001
171.808	0.001
171.736	0.001
171.665	0.001
171.594	0.001
171.523	0.001
171.452	0.001
171.381	0.001
171.310	0.001
171.240	0.001
171.169	0.001
171.098	0.001
171.028	0.001
170.957	0.001
170.887	0.001
170.816	0.001
170.746	0.001
170.675	0.001
170.605	0.001
170.535	0.001
170.465	0.001
170.395	0.001
170.325	0.001
170.255	0.001
170.185	0.001
170.115	0.001
170.045	0.001
169.975	0.001
169.906	0.001
169.836	0.001
169.766	0.001
169.697	0.001
169.628	0.001
169.558	0.001
169.489	0.001
169.419	0.001
169.350	0.001
169.281	0.001
169.212	0.001
169.143	0.001
169.074	0.001
169.005	0.001
168.936	0.001
168.867	0.001
168.798	0.001
168.730	0.001
168.661	0.001
168.592	0.001
168.524	0.001
168.455	0.001
168.387	0.001
168.318	0.001
168.250	0.001
168.182	0.001
168.114	0.001
168.045	0.001
167.977	0.001
167.909	0.001
167.841	0.001
167.773	0.001
167.705	0.001
167.638	0.001
167.570	0.001
167.502	0.001
167.434	0.001
167.367	0.001
167.299	0.001
167.232	0.001
167.164	0.001
167.097	0.001
167.029	0.001
166.962	0.001
166.895	0.001
166.828	0.001
166.761	0.001
166.693	0.001
166.626	0.001
166.559	0.001
166.493	0.001
166.426	0.001
166.359	0.001
166.292	0.001
166.225	0.001
166.159	0.001
166.092	0.001
166.026	0.001
165.959	0.001
165.893	0.001
165.826	0.001
165.760	0.001
165.694	0.001
165.627	0.001
165.561	0.001
165.495	0.001
165.429	0.001
165.363	0.001
165.297	0.001
165.231	0.001
165.165	0.001
165.100	0.001
165.034	0.001
164.968	0.001
164.903	0.001
164.837	0.001
164.771	0.001
164.706	0.001
164.640	0.001
164.575	0.001
164.510	0.001
164.444	0.001
164.379	0.001
164.314	0.001
164.249	0.001
164.184	0.001
164.119	0.001
164.054	0.001
163.989	0.001
163.924	0.001
163.859	0.001
163.794	0.001
163.730	0.001
163.665	0.001
163.600	0.001
163.536	0.001
163.471	0.001
163.407	0.001
163.343	0.001
163.278	0.001
163.214	0.001
163.150	0.001
163.085	0.001
163.021	0.001
162.957	0.001
162.893	0.001
162.829	0.001
162.765	0.001
162.701	0.001
162.637	0.001
162.574	0.001
162.510	0.001
162.446	0.001
162.382	0.001
162.319	0.001
162.255	0.001
162.192	0.001
162.128	0.001
162.065	0.001
162.002	0.001
161.938	0.001
161.875	0.001
161.812	0.001
161.749	0.001
161.686	0.001
161.622	0.001
161.559	0.001
161.496	0.001
161.434	0.001
161.371	0.001
161.308	0.001
161.245	0.001
161.182	0.001
161.120	0.001
161.057	0.001
160.995	0.001
160.932	0.001
160.870	0.001
160.807	0.001
160.745	0.001
160.682	0.001
160.620	0.001
160.558	0.001
160.496	0.001
160.434	0.001
160.372	0.001
160.309	0.001
160.247	0.001
160.186	0.001
160.124	0.001
160.062	0.001
160.000	0.001
159.938	0.001
159.877	0.001
159.815	0.001
159.753	0.001
159.692	0.001
159.630	0.001
159.569	0.001
159.507	0.001
159.446	0.001
159.385	0.001
159.323	0.001
159.262	0.001
159.201	0.001
159.140	0.001
159.079	0.001
159.018	0.001
158.957	0.001
158.896	0.001
158.835	0.001
158.774	0.001
158.713	0.001
158.652	0.001
158.592	0.001
158.531	0.001
158.470	0.001
158.410	0.001
158.349	0.001
158.289	0.001
158.228	0.001
158.168	0.001
158.108	0.001
158.047	0.001
157.987	0.001
157.927	0.001
157.867	0.001
157.807	0.001
157.746	0.001
157.686	0.001
157.626	0.001
157.567	0.001
157.507	0.001
157.447	0.001
157.387	0.001
157.327	0.001
157.268	0.001
157.208	0.001
157.148	0.001
157.089	0.001
157.029	0.001
156.970	0.001
156.910	0.001
156.851	0.001
156.792	0.001
156.732	0.001
156.673	0.001
156.614	0.001
156.555	0.001
156.495	0.001
156.436	0.001
156.377	0.001
156.318	0.001
156.259	0.001
156.201	0.001
156.142	0.001
156.083	0.001
156.024	0.001
155.965	0.001
155.907	0.001
155.848	0.001
155.789	0.001
155.731	0.001
155.672	0.001
155.614	0.001
155.556	0.001
155.497	0.001
155.439	0.001
155.381	0.001
155.322	0.001
155.264	0.001
155.206	0.001
155.148	0.001
155.090	0.001
155.032	0.001
154.974	0.001
154.916	0.001
154.858	0.001
154.800	0.001
154.742	0.001
154.685	0.001
154.627	0.001
154.569	0.001
154.512	0.001
154.454	0.001
154.396	0.001
154.339	0.001
154.281	0.001
154.224	0.001
154.167	0.001
154.109	0.001
154.052	0.001
153.995	0.001
153.938	0.001
153.880	0.001
153.823	0.001
153.766	0.001
153.709	0.001
153.652	0.001
153.595	0.001
153.538	0.001
153.481	0.001
153.425	0.001
153.368	0.001
153.311	0.001
153.254	0.001
153.198	0.001
153.141	0.001
153.085	0.001
153.028	0.001
152.972	0.001
152.915	0.001
152.859	0.001
152.802	0.001
152.746	0.001
152.690	0.001
152.634	0.001
152.577	0.001
152.521	0.001
152.465	0.001
152.409	0.001
152.353	0.001
152.297	0.001
152.241	0.001
152.185	0.001
152.129	0.001
152.073	0.001
152.018	0.001
151.962	0.001
151.906	0.001
151.850	0.001
151.795	0.001
151.739	0.001
151.684	0.001
151.628	0.001
151.573	0.001
151.517	0.001
151.462	0.001
151.407	0.001
151.351	0.001
151.296	0.001
151.241	0.001
151.186	0.001
151.131	0.001
151.075	0.001
151.020	0.001
150.965	0.001
150.910	0.001
150.855	0.001
150.801	0.001
150.746	0.001
150.691	0.001
150.636	0.001
150.581	0.001
150.527	0.001
150.472	0.001
150.417	0.001
150.363	0.001
150.308	0.001
150.254	0.001
150.199	0.001
150.145	0.001
150.091	0.001
150.036	0.001
149.982	0.001
149.928	0.001
149.873	0.001
149.819	0.001
149.765	0.001
149.711	0.001
149.657	0.001
149.603	0.001
149.549	0.001
149.495	0.001
149.441	0.001
149.387	0.001
149.333	0.001
149.280	0.001
149.226	0.001
149.172	0.001
149.118	0.001
149.065	0.001
149.011	0.001
148.958	0.001
148.904	0.001
148.851	0.001
148.797	0.001
148.744	0.001
148.690	0.001
148.637	0.001
148.584	0.001
148.530	0.001
148.477	0.001
148.424	0.001
148.371	0.001
148.318	0.001
148.265	0.001
148.212	0.001
148.159	0.001
148.106	0.001
148.053	0.001
148.000	0.001
147.947	0.001
147.894	0.001
147.842	0.001
147.789	0.001
147.736	0.001
147.684	0.001
147.631	0.001
147.578	0.001
147.526	0.001
147.473	0.001
147.421	0.001
147.368	0.001
147.316	0.001
147.264	0.001
147.211	0.001
147.159	0.001
147.107	0.001
147.055	0.001
147.002	0.001
146.950	0.001
146.898	0.001
146.846	0.001
146.794	0.001
146.742	0.001
146.690	0.001
146.638	0.001
146.586	0.001
146.535	0.001
146.483	0.001
146.431	0.001
146.379	0.001
146.328	0.001
146.276	0.001
146.224	0.001
146.173	0.001
146.121	0.001
146.070	0.001
146.018	0.001
145.967	0.001
145.915	0.001
145.864	0.001
145.813	0.001
145.762	0.001
145.710	0.001
145.659	0.001
145.608	0.001
145.557	0.001
145.506	0.001
145.455	0.001
145.404	0.001
145.353	0.001
145.302	0.001
145.251	0.001
145.200	0.001
145.149	0.001
145.098	0.001
145.047	0.001
144.997	0.001
144.946	0.001
144.895	0.001
144.844	0.001
144.794	0.001
144.743	0.001
144.693	0.001
144.642	0.001
144.592	0.001
144.541	0.001
144.491	0.001
144.441	0.001
144.390	0.001
144.340	0.001
144.290	0.001
144.239	0.001
144.189	0.001
144.139	0.001
144.089	0.001
144.039	0.001
143.989	0.001
143.939	0.001
143.889	0.001
143.839	0.001
143.789	0.001
143.739	0.001
143.689	0.001
143.640	0.001
143.590	0.001
143.540	0.001
143.490	0.001
143.441	0.001
143.391	0.001
143.341	0.001
143.292	0.001
143.242	0.001
143.193	0.001
143.143	0.001
143.094	0.001
143.045	0.001
142.995	0.001
142.946	0.001
142.897	0.001
142.847	0.001
142.798	0.001
142.749	0.001
142.700	0.001
142.651	0.001
142.602	0.001
142.552	0.001
142.503	0.001
142.454	0.001
142.405	0.001
142.357	0.001
142.308	0.001
142.259	0.001
142.210	0.001
142.161	0.001
142.112	0.001
142.064	0.001
142.015	0.001
141.966	0.001
141.918	0.001
141.869	0.001
141.821	0.001
141.772	0.001
141.724	0.001
141.675	0.001
141.627	0.001
141.578	0.001
141.530	0.001
141.482	0.001
141.433	0.001
141.385	0.001
141.337	0.001
141.289	0.001
141.241	0.001
141.193	0.001
141.144	0.001
141.096	0.001
141.048	0.001
141.000	0.001
140.952	0.001
140.904	0.001
140.857	0.001
140.809	0.001
140.761	0.001
140.713	0.001
140.665	0.001
140.618	0.001
140.570	0.001
140.522	0.001
140.475	0.001
140.427	0.001
140.379	0.001
140.332	0.001
140.284	0.001
140.237	0.001
140.189	0.001
140.142	0.001
140.095	0.001
140.047	0.001
140.000	0.001
139.953	0.001
139.905	0.001
139.858	0.001
139.811	0.001
139.764	0.001
139.717	0.001
139.670	0.001
139.623	0.001
139.576	0.001
139.529	0.001
139.482	0.001
139.435	0.001
139.388	0.001
139.341	0.001
139.294	0.001
139.247	0.001
139.201	0.001
139.154	0.001
139.107	0.001
139.060	0.001
139.014	0.001
138.967	0.001
138.921	0.001
138.874	0.001
138.827	0.001
138.781	0.001
138.735	0.001
138.688	0.001
138.642	0.001
138.595	0.001
138.549	0.001
138.503	0.001
138.456	0.001
138.410	0.001
138.364	0.001
138.318	0.001
138.272	0.001
138.225	0.001
138.179	0.001
138.133	0.001
138.087	0.001
138.041	0.001
137.995	0.001
137.949	0.001
137.903	0.001
137.858	0.001
137.812	0.001
137.766	0.001
137.720	0.001
137.674	0.001
137.629	0.001
137.583	0.001
137.537	0.001
137.492	0.001
137.446	0.001
137.401	0.001
137.355	0.001
137.309	0.001
137.264	0.001
137.219	0.001
137.173	0.001
137.128	0.001
137.082	0.001
137.037	0.001
136.992	0.001
136.946	0.001
136.901	0.001
136.856	0.001
136.811	0.001
136.766	0.001
136.721	0.001
136.675	0.001
136.630	0.001
136.585	0.001
136.540	0.001
136.495	0.001
136.450	0.001
136.406	0.001
136.361	0.001
136.316	0.001
136.271	0.001
136.226	0.001
136.181	0.001
136.137	0.001
136.092	0.001
136.047	0.001
136.003	0.001
135.958	0.001
135.913	0.001
135.869	0.001
135.824	0.001
135.780	0.001
135.735	0.001
135.691	0.001
135.646	0.001
135.602	0.001
135.558	0.001
135.513	0.001
135.469	0.001
135.425	0.001
135.381	0.001
135.336	0.001
135.292	0.001
135.248	0.001
135.204	0.001
135.160	0.001
135.116	0.001
135.072	0.001
135.028	0.001
134.984	0.001
134.940	0.001
134.896	0.001
134.852	0.001
134.808	0.001
134.764	0.001
134.720	0.001
134.677	0.001
134.633	0.001
134.589	0.001
134.545	0.001
134.502	0.001
134.458	0.001
134.415	0.001
134.371	0.001
134.327	0.001
134.284	0.001
134.240	0.001
134.197	0.001
134.153	0.001
134.110	0.001
134.067	0.001
134.023	0.001
133.980	0.001
133.937	0.001
133.893	0.001
133.850	0.001
133.807	0.001
133.764	0.001
133.721	0.001
133.677	0.001
133.634	0.001
133.591	0.001
133.548	0.001
133.505	0.001
133.462	0.001
133.419	0.001
133.376	0.001
133.333	0.001
133.290	0.001
133.248	0.001
133.205	0.001
133.162	0.001
133.119	0.001
133.076	0.001
133.034	0.001
132.991	0.001
132.948	0.001
132.906	0.001
132.863	0.001
132.821	0.001
132.778	0.001
132.735	0.001
132.693	0.001
132.650	0.001
132.608	0.001
132.566	0.001
132.523	0.001
132.481	0.001
132.438	0.001
132.396	0.001
132.354	0.001
132.312	0.001
132.269	0.001
132.227	0.001
132.185	0.001
132.143	0.001
132.101	0.001
132.059	0.001
132.017	0.001
131.975	0.001
131.933	0.001
131.891	0.001
131.849	0.001
131.807	0.001
131.765	0.001
131.723	0.001
131.681	0.001
131.639	0.001
131.597	0.001
131.556	0.001
131.514	0.001
131.472	0.001
131.430	0.001
131.389	0.001
131.347	0.001
131.305	0.001
131.264	0.001
131.222	0.001
131.181	0.001
131.139	0.001
131.098	0.001
131.056	0.001
131.015	0.001
130.973	0.001
130.932	0.001
130.891	0.001
130.849	0.001
130.808	0.001
130.767	0.001
130.726	0.001
130.684	0.001
130.643	0.001
130.602	0.001
130.561	0.001
130.520	0.001
130.479	0.001
130.438	0.001
130.396	0.001
130.355	0.001
130.314	0.001
130.273	0.001
130.233	0.001
130.192	0.001
130.151	0.001
130.110	0.001
130.069	0.001
130.028	0.001
129.987	0.001
129.947	0.001
129.906	0.001
129.865	0.001
129.825	0.001
129.784	0.001
129.743	0.001
129.703	0.001
129.662	0.001
129.622	0.001
129.581	0.001
129.540	0.001
129.500	0.001
129.460	0.001
129.419	0.001
129.379	0.001
129.338	0.001
129.298	0.001
129.258	0.001
129.217	0.001
129.177	0.001
129.137	0.001
129.097	0.001
129.056	0.001
129.016	0.001
128.976	0.001
128.936	0.001
128.896	0.001
128.856	0.001
128.816	0.001
128.776	0.001
128.736	0.001
128.696	0.001
128.656	0.001
128.616	0.001
128.576	0.001
128.536	0.001
128.496	0.001
128.456	0.001
128.416	0.001
128.377	0.001
128.337	0.001
128.297	0.001
128.258	0.001
128.218	0.001
128.178	0.001
128.139	0.001
128.099	0.001
128.059	0.001
128.020	0.001
127.980	0.001
127.941	0.001
127.901	0.001
127.862	0.001
127.822	0.001
127.783	0.001
127.744	0.001
127.704	0.001
127.665	0.001
127.626	0.001
127.586	0.001
127.547	0.001
127.508	0.001
127.468	0.001
127.429	0.001
127.390	0.001
127.351	0.001
127.312	0.001
127.273	0.001
127.234	0.001
127.195	0.001
127.156	0.001
127.117	0.001
127.078	0.001
127.039	0.001
127.000	0.001
126.961	0.001
126.922	0.001
126.883	0.001
126.844	0.001
126.805	0.001
126.767	0.001
126.728	0.001
126.689	0.001
126.650	0.001
126.612	0.001
126.573	0.001
126.534	0.001
126.496	0.001
126.457	0.001
126.419	0.001
126.380	0.001
126.341	0.001
126.303	0.001
126.264	0.001
126.226	0.001
126.188	0.001
126.149	0.001
126.111	0.001
126.072	0.001
126.034	0.001
125.996	0.001
125.957	0.001
125.919	0.001
125.881	0.001
125.843	0.001
125.804	0.001
125.766	0.001
125.728	0.001
125.690	0.001
125.652	0.001
125.614	0.001
125.576	0.001
125.538	0.001
125.500	0.001
125.462	0.001
125.424	0.001
125.386	0.001
125.348	0.001
125.310	0.001
125.272	0.001
125.234	0.001
125.196	0.001
125.159	0.001
125.121	0.001
125.083	0.001
125.045	0.001
125.008	0.001
124.970	0.001
124.932	0.001
124.895	0.001
124.857	0.001
124.819	0.001
124.782	0.001
124.744	0.001
124.707	0.001
124.669	0.001
124.632	0.001
124.594	0.001
124.557	0.001
124.519	0.001
124.482	0.001
124.444	0.001
124.407	0.001
124.370	0.001
124.332	0.001
124.295	0.001
124.258	0.001
124.221	0.001
124.183	0.001
124.146	0.001
124.109	0.001
124.072	0.001
124.035	0.001
123.998	0.001
123.961	0.001
123.923	0.001
123.886	0.001
123.849	0.001
123.812	0.001
123.775	0.001
123.738	0.001
123.701	0.001
123.665	0.001
123.628	0.001
123.591	0.001
123.554	0.001
123.517	0.001
123.480	0.001
123.444	0.001
123.407	0.001
123.370	0.001
123.333	0.001
123.297	0.001
123.260	0.001
123.223	0.001
123.187	0.001
123.150	0.001
123.113	0.001
123.077	0.001
123.040	0.001
123.004	0.001
122.967	0.001
122.931	0.001
122.894	0.001
122.858	0.001
122.822	0.001
122.785	0.001
122.749	0.001
122.712	0.001
122.676	0.001
122.640	0.001
122.604	0.001
122.567	0.001
122.531	0.001
122.495	0.001
122.459	0.001
122.422	0.001
122.386	0.001
122.350	0.001
122.314	0.001
122.278	0.001
122.242	0.001
122.206	0.001
122.170	0.001
122.134	0.001
122.098	0.001
122.062	0.001
122.026	0.001
121.990	0.001
121.954	0.001
121.918	0.001
121.882	0.001
121.847	0.001
121.811	0.001
121.775	0.001
121.739	0.001
121.703	0.001
121.668	0.001
121.632	0.001
121.596	0.001
121.561	0.001
121.525	0.001
121.489	0.001
121.454	0.001
121.418	0.001
121.383	0.001
121.347	0.001
121.311	0.001
121.276	0.001
121.240	0.001
121.205	0.001
121.170	0.001
121.134	0.001
121.099	0.001
121.063	0.001
121.028	0.001
120.993	0.001
120.957	0.001
120.922	0.001
120.887	0.001
120.852	0.001
120.816	0.001
120.781	0.001
120.746	0.001
120.711	0.001
120.676	0.001
120.640	0.001
120.605	0.001
120.570	0.001
120.535	0.001
120.500	0.001
120.465	0.001
120.430	0.001
120.395	0.001
120.360	0.001
120.325	0.001
120.290	0.001
120.255	0.001
120.220	0.001
120.186	0.001
120.151	0.001
120.116	0.001
120.081	0.001
120.046	0.001
120.012	0.001
119.977	0.001
119.942	0.001
119.907	0.001
119.873	0.001
119.838	0.001
119.803	0.001
119.769	0.001
119.734	0.001
119.700	0.001
119.665	0.001
119.630	0.001
119.596	0.001
119.561	0.001
119.527	0.001
119.493	0.001
119.458	0.001
119.424	0.001
119.389	0.001
119.355	0.001
119.320	0.001
119.286	0.001
119.252	0.001
119.217	0.001
119.183	0.001
119.149	0.001
119.115	0.001
119.080	0.001
119.046	0.001
119.012	0.001
118.978	0.001
118.944	0.001
118.910	0.001
118.876	0.001
118.841	0.001
118.807	0.001
118.773	0.001
118.739	0.001
118.705	0.001
118.671	0.001
118.637	0.001
118.603	0.001
118.569	0.001
118.535	0.001
118.502	0.001
118.468	0.001
118.434	0.001
118.400	0.001
118.366	0.001
118.332	0.001
118.299	0.001
118.265	0.001
118.231	0.001
118.197	0.001
118.164	0.001
118.130	0.001
118.096	0.001
118.063	0.001
118.029	0.001
117.995	0.001
117.962	0.001
117.928	0.001
117.895	0.001
117.861	0.001
117.828	0.001
117.794	0.001
117.761	0.001
117.727	0.001
117.694	0.001
117.660	0.001
117.627	0.001
117.594	0.001
117.560	0.001
117.527	0.001
117.494	0.001
117.460	0.001
117.427	0.001
117.394	0.001
117.361	0.001
117.327	0.001
117.294	0.001
117.261	0.001
117.228	0.001
117.195	0.001
117.161	0.001
117.128	0.001
117.095	0.001
117.062	0.001
117.029	0.001
116.996	0.001
116.963	0.001
116.930	0.001
116.897	0.001
116.864	0.001
116.831	0.001
116.798	0.001
116.765	0.001
116.732	0.001
116.700	0.001
116.667	0.001
116.634	0.001
116.601	0.001
116.568	0.001
116.535	0.001
116.503	0.001
116.470	0.001
116.437	0.001
116.404	0.001
116.372	0.001
116.339	0.001
116.306	0.001
116.274	0.001
116.241	0.001
116.209	0.001
116.176	0.001
116.143	0.001
116.111	0.001
116.078	0.001
116.046	0.001
116.013	0.001
115.981	0.001
115.949	0.001
115.916	0.001
115.884	0.001
115.851	0.001
115.819	0.001
115.787	0.001
115.754	0.001
115.722	0.001
115.690	0.001
115.657	0.001
115.625	0.001
115.593	0.001
115.561	0.001
115.528	0.001
115.496	0.001
115.464	0.001
115.432	0.001
115.400	0.001
115.367	0.001
115.335	0.001
115.303	0.001
115.271	0.001
115.239	0.001
115.207	0.001
115.175	0.001
115.143	0.001
115.111	0.001
115.079	0.001
115.047	0.001
115.015	0.001
114.983	0.001
114.951	0.001
114.920	0.001
114.888	0.001
114.856	0.001
114.824	0.001
114.792	0.001
114.760	0.001
114.729	0.001
114.697	0.001
114.665	0.001
114.633	0.001
114.602	0.001
114.570	0.001
114.538	0.001
114.507	0.001
114.475	0.001
114.444	0.001
114.412	0.001
114.380	0.001
114.349	0.001
114.317	0.001
114.286	0.001
114.254	0.001
114.223	0.001
114.191	0.001
114.160	0.001
114.128	0.001
114.097	0.001
114.066	0.001
114.034	0.001
114.003	0.001
113.971	0.001
113.940	0.001
113.909	0.001
113.877	0.001
113.846	0.001
113.815	0.001
113.784	0.001
113.752	0.001
113.721	0.001
113.690	0.001
113.659	0.001
113.628	0.001
113.596	0.001
113.565	0.001
113.534	0.001
113.503	0.001
113.472	0.001
113.441	0.001
113.410	0.001
113.379	0.001
113.348	0.001
113.317	0.001
113.286	0.001
113.255	0.001
113.224	0.001
113.193	0.001
113.162	0.001
113.131	0.001
113.100	0.001
113.070	0.001
113.039	0.001
113.008	0.001
112.977	0.001
112.946	0.001
112.916	0.001
112.885	0.001
112.854	0.001
112.823	0.001
112.793	0.001
112.762	0.001
112.731	0.001
112.701	0.001
112.670	0.001
112.639	0.001
112.609	0.001
112.578	0.001
112.548	0.001
112.517	0.001
112.486	0.001
112.456	0.001
112.425	0.001
112.395	0.001
112.364	0.001
112.334	0.001
112.304	0.001
112.273	0.001
112.243	0.001
112.212	0.001
112.182	0.001
112.152	0.001
112.121	0.001
112.091	0.001
112.061	0.001
112.030	0.001
112.000	0.001
111.970	0.001
111.939	0.001
111.909	0.001
111.879	0.001
111.849	0.001
111.819	0.001
111.789	0.001
111.758	0.001
111.728	0.001
111.698	0.001
111.668	0.001
111.638	0.001
111.608	0.001
111.578	0.001
111.548	0.001
111.518	0.001
111.488	0.001
111.458	0.001
111.428	0.001
111.398	0.001
111.368	0.001
111.338	0.001
111.308	0.001
111.278	0.001
111.248	0.001
111.218	0.001
111.189	0.001
111.159	0.001
111.129	0.001
111.099	0.001
111.069	0.001
111.040	0.001
111.010	0.001
110.980	0.001
110.950	0.001
110.921	0.001
110.891	0.001
110.861	0.001
110.832	0.001
110.802	0.001
110.773	0.001
110.743	0.001
110.713	0.001
110.684	0.001
110.654	0.001
110.625	0.001
110.595	0.001
110.566	0.001
110.536	0.001
110.507	0.001
110.477	0.001
110.448	0.001
110.418	0.001
110.389	0.001
110.360	0.001
110.330	0.001
110.301	0.001
110.271	0.001
110.242	0.001
110.213	0.001
110.183	0.001
110.154	0.001
110.125	0.001
110.096	0.001
110.066	0.001
110.037	0.001
110.008	0.001
109.979	0.001
109.950	0.001
109.920	0.001
109.891	0.001
109.862	0.001
109.833	0.001
109.804	0.001
109.775	0.001
109.746	0.001
109.717	0.001
109.688	0.001
109.659	0.001
109.630	0.001
109.601	0.001
109.572	0.001
109.543	0.001
109.514	0.001
109.485	0.001
109.456	0.001
109.427	0.001
109.398	0.001
109.369	0.001
109.340	0.001
109.312	0.001
109.283	0.001
109.254	0.001
109.225	0.001
109.196	0.001
109.168	0.001
109.139	0.001
109.110	0.001
109.081	0.001
109.053	0.001
109.024	0.001
108.995	0.001
108.967	0.001
108.938	0.001
108.909	0.001
108.881	0.001
108.852	0.001
108.824	0.001
108.795	0.001
108.766	0.001
108.738	0.001
108.709	0.001
108.681	0.001
108.652	0.001
108.624	0.001
108.595	0.001
108.567	0.001
108.539	0.001
108.510	0.001
108.482	0.001
108.453	0.001
108.425	0.001
108.397	0.001
108.368	0.001
108.340	0.001
108.312	0.001
108.283	0.001
108.255	0.001
108.227	0.001
108.198	0.001
108.170	0.001
108.142	0.001
108.114	0.001
108.086	0.001
108.057	0.001
108.029	0.001
108.001	0.001
107.973	0.001
107.945	0.001
107.917	0.001
107.889	0.001
107.860	0.001
107.832	0.001
107.804	0.001
107.776	0.001
107.748	0.001
107.720	0.001
107.692	0.001
107.664	0.001
107.636	0.001
107.608	0.001
107.580	0.001
107.553	0.001
107.525	0.001
107.497	0.001
107.469	0.001
107.441	0.001
107.413	0.001
107.385	0.001
107.358	0.001
107.330	0.001
107.302	0.001
107.274	0.001
107.246	0.001
107.219	0.001
107.191	0.001
107.163	0.001
107.135	0.001
107.108	0.001
107.080	0.001
107.052	0.001
107.025	0.001
106.997	0.001
106.970	0.001
106.942	0.001
106.914	0.001
106.887	0.001
106.859	0.001
106.832	0.001
106.804	0.001
106.777	0.001
106.749	0.001
106.722	0.001
106.694	0.001
106.667	0.001
106.639	0.001
106.612	0.001
106.584	0.001
106.557	0.001
106.530	0.001
106.502	0.001
106.475	0.001
106.447	0.001
106.420	0.001
106.393	0.001
106.366	0.001
106.338	0.001
106.311	0.001
106.284	0.001
106.256	0.001
106.229	0.001
106.202	0.001
106.175	0.001
106.148	0.001
106.120	0.001
106.093	0.001
106.066	0.001
106.039	0.001
106.012	0.001
105.985	0.001
105.958	0.001
105.930	0.001
105.903	0.001
105.876	0.001
105.849	0.001
105.822	0.001
105.795	0.001
105.768	0.001
105.741	0.001
105.714	0.001
105.687	0.001
105.660	0.001
105.633	0.001
105.607	0.001
105.580	0.001
105.553	0.001
105.526	0.001
105.499	0.001
105.472	0.001
105.445	0.001
105.418	0.001
105.392	0.001
105.365	0.001
105.338	0.001
105.311	0.001
105.285	0.001
105.258	0.001
105.231	0.001
105.204	0.001
105.178	0.001
105.151	0.001
105.124	0.001
105.098	0.001
105.071	0.001
105.044	0.001
105.018	0.001
104.991	0.001
104.965	0.001
104.938	0.001
104.911	0.001
104.885	0.001
104.858	0.001
104.832	0.001
104.805	0.001
104.779	0.001
104.752	0.001
104.726	0.001
104.699	0.001
104.673	0.001
104.646	0.001
104.620	0.001
104.594	0.001
104.567	0.001
104.541	0.001
104.515	0.001
104.488	0.001
104.462	0.001
104.435	0.001
104.409	0.001
104.383	0.001
104.357	0.001
104.330	0.001
104.304	0.001
104.278	0.001
104.252	0.001
104.225	0.001
104.199	0.001
104.173	0.001
104.147	0.001
104.121	0.001
104.094	0.001
104.068	0.001
104.042	0.001
104.016	0.001
103.990	0.001
103.964	0.001
103.938	0.001
103.912	0.001
103.886	0.001
103.860	0.001
103.834	0.001
103.808	0.001
103.782	0.001
103.756	0.001
103.730	0.001
103.704	0.001
103.678	0.001
103.652	0.001
103.626	0.001
103.600	0.001
103.574	0.001
103.548	0.001
103.522	0.001
103.497	0.001
103.471	0.001
103.445	0.001
103.419	0.001
103.393	0.001
103.367	0.001
103.342	0.001
103.316	0.001
103.290	0.001
103.264	0.001
103.239	0.001
103.213	0.001
103.187	0.001
103.162	0.001
103.136	0.001
103.110	0.001
103.085	0.001
103.059	0.001
103.033	0.001
103.008	0.001
102.982	0.001
102.957	0.001
102.931	0.001
102.905	0.001
102.880	0.001
102.854	0.001
102.829	0.001
102.803	0.001
102.778	0.001
102.752	0.001
102.727	0.001
102.701	0.001
102.676	0.001
102.650	0.001
102.625	0.001
102.600	0.001
102.574	0.001
102.549	0.001
102.524	0.001
102.498	0.001
102.473	0.001
102.447	0.001
102.422	0.001
102.397	0.001
102.372	0.001
102.346	0.001
102.321	0.001
102.296	0.001
102.270	0.001
102.245	0.001
102.220	0.001
102.195	0.001
102.170	0.001
102.144	0.001
102.119	0.001
102.094	0.001
102.069	0.001
102.044	0.001
102.019	0.001
101.994	0.001
101.969	0.001
101.943	0.001
101.918	0.001
101.893	0.001
101.868	0.001
101.843	0.001
101.818	0.001
101.793	0.001
101.768	0.001
101.743	0.001
101.718	0.001
101.693	0.001
101.668	0.001
101.643	0.001
101.618	0.001
101.594	0.001
101.569	0.001
101.544	0.001
101.519	0.001
101.494	0.001
101.469	0.001
101.444	0.001
101.419	0.001
101.395	0.001
101.370	0.001
101.345	0.001
101.320	0.001
101.296	0.001
101.271	0.001
101.246	0.001
101.221	0.001
101.197	0.001
101.172	0.001
101.147	0.001
101.122	0.001
101.098	0.001
101.073	0.001
101.049	0.001
101.024	0.001
100.999	0.001
100.975	0.001
100.950	0.001
100.925	0.001
100.901	0.001
100.876	0.001
100.852	0.001
100.827	0.001
100.803	0.001
100.778	0.001
100.754	0.001
100.729	0.001
100.705	0.001
100.680	0.001
100.656	0.001
100.631	0.001
100.607	0.001
100.583	0.001
100.558	0.001
100.534	0.001
100.509	0.001
100.485	0.001
100.461	0.001
100.436	0.001
100.412	0.001
100.388	0.001
100.363	0.001
100.339	0.001
100.315	0.001
100.290	0.001
100.266	0.001
100.242	0.001
100.218	0.001
100.193	0.001
100.169	0.001
100.145	0.001
100.121	0.001
100.097	0.001
100.072	0.001
100.048	0.001
100.024	0.001
100.000	0.001
100.000	0.001
100.000	0.001
100.000	0.001
100.000	0.001
100.000	0.001
100.000	0.001
100.000	0.001
100.000	0.001
100.000	0.001
100.000	0.001
100.000	0.001
100.000	0.001
100.000	0.001
100.000	0.001
100.000	0.001
100.000	0.001
100.000	0.001
100.000	0.001
100.000	0.001
100.000	0.001
100.000	0.001
100.000	0.001
100.000	0.001
100.000	0.001
100.000	0.001
100.000	0.001
100.000	0.001
100.000	0.001
100.000	0.001
100.000	0.001
100.000	0.001
100.000	0.001
100.000	0.001
100.000	0.001
100.000	0.001
100.000	0.001
100.000	0.001
100.000	0.001
100.000	0.001
100.000	0.001
100.000	0.001
100.000	0.001
100.000	0.001
100.000	0.001
100.000	0.001
100.000	0.001
100.000	0.001
100.000	0.001
100.000	0.001
100.000	0.001
100.000	0.001
100.000	0.001
100.000	0.001
100.000	0.001
100.000	0.001
100.000	0.001
100.000	0.001
100.000	0.001
100.000	0.001
100.000	0.001
100.000	0.001
100.000	0.001
100.000	0.001
100.000	0.001
100.000	0.001
100.000	0.001
100.000	0.001
100.000	0.001
100.000	0.001
100.000	0.001
100.000	0.001
100.000	0.001
100.000	0.001
100.000	0.001
100.000	0.001
100.000	0.001
100.000	0.001
100.000	0.001
100.000	0.001
100.000	0.001
100.000	0.001
100.000	0.001
100.000	0.001
100.000	0.001
100.000	0.001
100.000	0.001
100.000	0.001
100.000	0.001
100.000	0.001
100.000	0.001
100.000	0.001
100.000	0.001
100.000	0.001
100.000	0.001
100.000	0.001
100.000	0.001
100.000	0.001
100.000	0.001
100.000	0.001
100.000	0.001
100.000	0.001
100.000	0.001
100.000	0.001
100.000	0.001
100.000	0.001
100.000	0.001
100.000	0.001
100.000	0.001
100.000	0.001
100.000	0.001
100.000	0.001
100.000	0.001
100.000	0.001
100.000	0.001
100.000	0.001
100.000	0.001
100.000	0.001
100.000	0.001
100.000	0.001
100.000	0.001
100.000	0.001
100.000	0.001
100.000	0.001
100.000	0.001
100.000	0.001
100.000	0.001
100.000	0.001
100.000	0.001
100.000	0.001
100.000	0.001
100.000	0.001
100.000	0.001
100.000	0.001
100.000	0.001
100.000	0.001
100.000	0.001
100.000	0.001
100.000	0.001
100.000	0.001
100.000	0.001
100.000	0.001
100.000	0.001
100.000	0.001
100.000	0.001
100.000	0.001
100.000	0.001
100.000	0.001
100.000	0.001
100.000	0.001
100.000	0.001
100.000	0.001
100.000	0.001
100.000	0.001
100.000	0.001
100.000	0.001
100.000	0.001
100.000	0.001
100.000	0.001
100.000	0.001
100.000	0.001
100.000	0.001
100.000	0.001
100.000	0.001
100.000	0.001
100.000	0.001
100.000	0.001
100.000	0.001
100.000	0.001
100.000	0.001
100.000	0.001
100.000	0.001
100.000	0.001
100.000	0.001
100.000	0.001
100.000	0.001
100.000	0.001
100.000	0.001
100.000	0.001
100.000	0.001
100.000	0.001
100.000	0.001
100.000	0.001
100.000	0.001
100.000	0.001
100.000	0.001
100.000	0.001
100.000	0.001
100.000	0.001
100.000	0.001
100.000	0.001
100.000	0.001
100.000	0.001
100.000	0.001
100.000	0.001
100.000	0.001
100.000	0.001
100.000	0.001
100.000	0.001
100.000	0.001
100.000	0.001
100.000	0.001
100.000	0.001
100.000	0.001
100.000	0.001
100.000	0.001
100.000	0.001
100.000	0.001
100.000	0.001
100.000	0.001
100.000	0.001
100.000	0.001
100.000	0.001
100.000	0.001
100.000	0.001
100.000	0.001
100.000	0.001
100.000	0.001
100.000	0.001
100.000	0.001
100.000	0.001
100.000	0.001
100.000	0.001
100.000	0.001
100.000	0.001
100.000	0.001
100.000	0.001
100.000	0.001
100.000	0.001
100.000	0.001
100.000	0.001
100.000	0.001
100.000	0.001
100.000	0.001
100.000	0.001
100.000	0.001
100.000	0.001
100.000	0.001
100.000	0.001
100.000	0.001
100.000	0.001
100.000	0.001
100.000	0.001
100.000	0.001
100.000	0.001
100.000	0.001
100.000	0.001
100.000	0.001
100.000	0.001
100.000	0.001
100.000	0.001
100.000	0.001
100.000	0.001
100.000	0.001
100.000	0.001
100.000	0.001
100.000	0.001
100.000	0.001
100.000	0.001
100.000	0.001
100.000	0.001
100.000	0.001
100.000	0.001
100.000	0.001
100.000	0.001
100.000	0.001
100.000	0.001
100.000	0.001
100.000	0.001
100.000	0.001
100.000	0.001
100.000	0.001
100.000	0.001
100.000	0.001
100.000	0.001
100.000	0.001
100.000	0.001
100.000	0.001
100.000	0.001
100.000	0.001
100.000	0.001
100.000	0.001
100.000	0.001
100.000	0.001
100.000	0.001
100.000	0.001
100.000	0.001
100.000	0.001
100.000	0.001
100.000	0.001
100.000	0.001
100.000	0.001
100.000	0.001
100.000	0.001
100.000	0.001
100.000	0.001
100.000	0.001
100.000	0.001
100.000	0.001
100.000	0.001
100.000	0.001
100.000	0.001
100.000	0.001
100.000	0.001
100.000	0.001
100.000	0.001
100.000	0.001
100.000	0.001
100.000	0.001
100.000	0.001
100.000	0.001
100.000	0.001
100.000	0.001
100.000	0.001
100.000	0.001
100.000	0.001
100.000	0.001
100.000	0.001
100.000	0.001
100.000	0.001
100.000	0.001
100.000	0.001
100.000	0.001
100.000	0.001
100.000	0.001
100.000	0.001
100.000	0.001
100.000	0.001
100.000	0.001
100.000	0.001
100.000	0.001
100.000	0.001
100.000	0.001
100.000	0.001
100.000	0.001
100.000	0.001
100.000	0.001
100.000	0.001
100.000	0.001
100.000	0.001
100.000	0.001
100.000	0.001
100.000	0.001
100.000	0.001
100.000	0.001
100.000	0.001
100.000	0.001
100.000	0.001
100.000	0.001
100.000	0.001
100.000	0.001
100.000	0.001
100.000	0.001
100.000	0.001
100.000	0.001
100.000	0.001
100.000	0.001
100.000	0.001
100.000	0.001
100.000	0.001
100.000	0.001
100.000	0.001
100.000	0.001
100.000	0.001
100.000	0.001
100.000	0.001
100.000	0.001
100.000	0.001
100.000	0.001
100.000	0.001
100.000	0.001
100.000	0.001
100.000	0.001
100.000	0.001
100.000	0.001
100.000	0.001
100.000	0.001
100.000	0.001
100.000	0.001
100.000	0.001
100.000	0.001
100.000	0.001
100.000	0.001
100.000	0.001
100.000	0.001
100.000	0.001
100.000	0.001
100.000	0.001
100.000	0.001
100.000	0.001
100.000	0.001
100.000	0.001
100.000	0.001
100.000	0.001
100.000	0.001
100.000	0.001
100.000	0.001
100.000	0.001
100.000	0.001
100.000	0.001
100.000	0.001
100.000	0.001
100.000	0.001
100.000	0.001
100.000	0.001
100.000	0.001
100.000	0.001
100.000	0.001
100.000	0.001
100.000	0.001
100.000	0.001
100.000	0.001
100.000	0.001
100.000	0.001
100.000	0.001
100.000	0.001
100.000	0.001
100.000	0.001
100.000	0.001
100.000	0.001
100.000	0.001
100.000	0.001
100.000	0.001
100.000	0.001
100.000	0.001
100.000	0.001
100.000	0.001
100.000	0.001
100.000	0.001
100.000	0.001
100.000	0.001
100.000	0.001
100.000	0.001
100.000	0.001
100.000	0.001
100.000	0.001
100.000	0.001
100.000	0.001
100.000	0.001
100.000	0.001
100.000	0.001
100.000	0.001
100.000	0.001
100.000	0.001
100.000	0.001
100.000	0.001
100.000	0.001
100.000	0.001
100.000	0.001
100.000	0.001
100.000	0.001
100.000	0.001
100.000	0.001
100.000	0.001
100.000	0.001
100.000	0.001
100.000	0.001
100.000	0.001
100.000	0.001
100.000	0.001
100.000	0.001
100.000	0.001
100.000	0.001
100.000	0.001
100.000	0.001
100.000	0.001
100.000	0.001
100.000	0.001
100.000	0.001
100.000	0.001
100.000	0.001
100.000	0.001
100.000	0.001
100.000	0.001
100.000	0.001
100.000	0.001
100.000	0.001
100.000	0.001
100.000	0.001
100.000	0.001
100.000	0.001
100.000	0.001
100.000	0.001
100.000	0.001
100.000	0.001
100.000	0.001
100.000	0.001
100.000	0.001
100.000	0.001
100.000	0.001
100.000	0.001
100.000	0.001
100.000	0.001
100.000	0.001
100.000	0.001
100.000	0.001
100.000	0.001
100.000	0.001
100.000	0.001
100.000	0.001
100.000	0.001
100.000	0.001
100.000	0.001
100.000	0.001
100.000	0.001
100.000	0.001
100.000	0.001
100.000	0.001
100.000	0.001
100.000	0.001
100.000	0.001
100.000	0.001
100.000	0.001
100.000	0.001
100.000	0.001
100.000	0.001
100.000	0.001
100.000	0.001
100.000	0.001
100.000	0.001
100.000	0.001
100.000	0.001
100.000	0.001
100.000	0.001
100.000	0.001
100.000	0.001
100.000	0.001
100.000	0.001
100.000	0.001
100.000	0.001
100.000	0.001
100.000	0.001
100.000	0.001
100.000	0.001
100.000	0.001
100.000	0.001
100.000	0.001
100.000	0.001
100.000	0.001
100.000	0.001
100.000	0.001
100.000	0.001
100.000	0.001
100.000	0.001
100.000	0.001
100.000	0.001
100.000	0.001
100.000	0.001
100.000	0.001
100.000	0.001
100.000	0.001
100.000	0.001
100.000	0.001
100.000	0.001
100.000	0.001
100.000	0.001
100.000	0.001
100.000	0.001
100.000	0.001
100.000	0.001
100.000	0.001
100.000	0.001
100.000	0.001
100.000	0.001
100.000	0.001
100.000	0.001
100.000	0.001
100.000	0.001
100.000	0.001
100.000	0.001
100.000	0.001
100.000	0.001
100.000	0.001
100.000	0.001
100.000	0.001
100.000	0.001
100.000	0.001
100.000	0.001
100.000	0.001
100.000	0.001
100.000	0.001
100.000	0.001
100.000	0.001
100.000	0.001
100.000	0.001
100.000	0.001
100.000	0.001
100.000	0.001
100.000	0.001
100.000	0.001
100.000	0.001
100.000	0.001
100.000	0.001
100.000	0.001
100.000	0.001
100.000	0.001
100.000	0.001
100.000	0.001
100.000	0.001
100.000	0.001
100.000	0.001
100.000	0.001
100.000	0.001
100.000	0.001
100.000	0.001
100.000	0.001
100.000	0.001
100.000	0.001
100.000	0.001
100.000	0.001
100.000	0.001
100.000	0.001
100.000	0.001
100.000	0.001
100.000	0.001
100.000	0.001
100.000	0.001
100.000	0.001
100.000	0.001
100.000	0.001
100.000	0.001
100.000	0.001
100.000	0.001
100.000	0.001
100.000	0.001
100.000	0.001
100.000	0.001
100.000	0.001
100.000	0.001
100.000	0.001
100.000	0.001
100.000	0.001
100.000	0.001
100.000	0.001
100.000	0.001
100.000	0.001
100.000	0.001
100.000	0.001
100.000	0.001
100.000	0.001
100.000	0.001
100.000	0.001
100.000	0.001
100.000	0.001
100.000	0.001
100.000	0.001
100.000	0.001
100.000	0.001
100.000	0.001
100.000	0.001
100.000	0.001
100.000	0.001
100.000	0.001
100.000	0.001
100.000	0.001
100.000	0.001
100.000	0.001
100.000	0.001
100.000	0.001
100.000	0.001
100.000	0.001
100.000	0.001
100.000	0.001
100.000	0.001
100.000	0.001
100.000	0.001
100.000	0.001
100.000	0.001
100.000	0.001
100.000	0.001
100.000	0.001
100.000	0.001
100.000	0.001
100.000	0.001
100.000	0.001
100.000	0.001
100.000	0.001
100.000	0.001
100.000	0.001
100.000	0.001
100.000	0.001
100.000	0.001
100.000	0.001
100.000	0.001
100.000	0.001
100.000	0.001
100.000	0.001
100.000	0.001
100.000	0.001
100.000	0.001
100.000	0.001
100.000	0.001
100.000	0.001
100.000	0.001
100.000	0.001
100.000	0.001
100.000	0.001
100.000	0.001
100.000	0.001
100.000	0.001
100.000	0.001
100.000	0.001
100.000	0.001
100.000	0.001
100.000	0.001
100.000	0.001
100.000	0.001
100.000	0.001
100.000	0.001
100.000	0.001
100.000	0.001
100.000	0.001
100.000	0.001
100.000	0.001
100.000	0.001
100.000	0.001
100.000	0.001
100.000	0.001
100.000	0.001
100.000	0.001
100.000	0.001
100.000	0.001
100.000	0.001
100.000	0.001
100.000	0.001
100.000	0.001
100.000	0.001
100.000	0.001
100.000	0.001
100.000	0.001
100.000	0.001
100.000	0.001
100.000	0.001
100.000	0.001
100.000	0.001
100.000	0.001
100.000	0.001
100.000	0.001
100.000	0.001
100.000	0.001
100.000	0.001
100.000	0.001
100.000	0.001
100.000	0.001
100.000	0.001
100.000	0.001
100.000	0.001
100.000	0.001
100.000	0.001
100.000	0.001
100.000	0.001
100.000	0.001
100.000	0.001
100.000	0.001
100.000	0.001
100.000	0.001
100.000	0.001
100.000	0.001
100.000	0.001
100.000	0.001
100.000	0.001
100.000	0.001
100.000	0.001
100.000	0.001
100.000	0.001
100.000	0.001
100.000	0.001
100.000	0.001
100.000	0.001
100.000	0.001
100.000	0.001
100.000	0.001
100.000	0.001
100.000	0.001
100.000	0.001
100.000	0.001
100.000	0.001
100.000	0.001
100.000	0.001
100.000	0.001
100.000	0.001
100.000	0.001
100.000	0.001
100.000	0.001
100.000	0.001
100.000	0.001
100.000	0.001
100.000	0.001
100.000	0.001
100.000	0.001
100.000	0.001
100.000	0.001
100.000	0.001
100.000	0.001
100.000	0.001
100.000	0.001
100.000	0.001
100.000	0.001
100.000	0.001
100.000	0.001
100.000	0.001
100.000	0.001
100.000	0.001
100.000	0.001
100.000	0.001
100.000	0.001
100.000	0.001
100.000	0.001
100.000	0.001
100.000	0.001
100.000	0.001
100.000	0.001
100.000	0.001
100.000	0.001
100.000	0.001
100.000	0.001
100.000	0.001
100.000	0.001
100.000	0.001
100.000	0.001
100.000	0.001
100.000	0.001
100.000	0.001
100.000	0.001
100.000	0.001
100.000	0.001
100.000	0.001
100.000	0.001
100.000	0.001
100.000	0.001
100.000	0.001
100.000	0.001
100.000	0.001
100.000	0.001
100.000	0.001
100.000	0.001
100.000	0.001
100.000	0.001
100.000	0.001
100.000	0.001
100.000	0.001
100.000	0.001
100.000	0.001
100.000	0.001
100.000	0.001
100.000	0.001
100.000	0.001
100.000	0.001
100.000	0.001
100.000	0.001
100.000	0.001
100.000	0.001
100.000	0.001
100.000	0.001
100.000	0.001
100.000	0.001
