5000.000	343.761
5000.000	0.392
5000.000	0.039
5000.000	0.182
5000.000	0.389
5000.000	0.067
5000.000	0.049
5000.000	0.065
5000.000	0.125
5000.000	0.057
5000.000	0.056
5000.000	0.097
5000.000	0.056
5000.000	0.028
5000.000	0.037
5000.000	0.002
5000.000	0.035
5000.000	0.034
5000.000	0.023
5000.000	0.010
5000.000	0.001
5000.000	0.023
5000.000	0.006
5000.000	0.002
5000.000	0.004
5000.000	0.020
5000.000	0.011
5000.000	0.004
5000.000	0.004
5000.000	0.008
5000.000	0.012
5000.000	0.006
5000.000	0.003
5000.000	0.004
5000.000	0.003
5000.000	0.004
5000.000	0.001
5000.000	0.015
5000.000	0.004
5000.000	0.004
5000.000	0.000
5000.000	0.001
5000.000	0.001
5000.000	0.001
5000.000	0.003
5000.000	0.003
5000.000	0.003
5000.000	0.001
5000.000	0.008
5000.000	0.002
5000.000	0.003
5000.000	0.001
5000.000	0.002
5000.000	0.003
5000.000	0.001
5000.000	0.005
5000.000	0.001
5000.000	0.003
5000.000	0.003
5000.000	0.003
5000.000	0.002
5000.000	0.000
5000.000	0.003
5000.000	0.001
5000.000	0.001
5000.000	0.001
5000.000	0.002
5000.000	0.004
5000.000	0.002
5000.000	0.002
5000.000	0.000
5000.000	0.001
5000.000	0.000
5000.000	0.001
5000.000	0.001
5000.000	0.001
5000.000	0.001
5000.000	0.000
5000.000	0.001
5000.000	0.000
5000.000	0.000
5000.000	0.000
5000.000	0.000
4992.771	0.000
4933.333	0.000
4875.294	0.001
4818.605	0.000
4763.218	0.001
4709.091	0.000
4656.180	0.001
4604.444	0.000
4553.846	0.001
4504.348	0.001
4455.914	0.000
4408.511	0.002
4362.105	0.000
4316.667	0.001
4272.165	0.000
4228.571	0.002
4185.859	0.000
4144.000	0.000
4102.970	0.000
4062.745	0.000
4023.301	0.000
3984.615	0.000
3946.667	0.001
3909.434	0.000
3872.897	0.000
3837.037	0.001
3801.835	0.000
3767.273	0.001
3733.333	0.000
3700.000	0.001
3667.257	0.001
3635.088	0.001
3603.478	0.001
3572.414	0.001
3541.880	0.000
3511.864	0.001
3482.353	0.001
3453.333	0.001
3424.793	0.001
3396.721	0.000
3369.106	0.001
3341.935	0.001
3315.200	0.000
3288.889	0.000
3262.992	0.000
3237.500	0.000
3212.403	0.001
3187.692	0.000
3163.359	0.000
3139.394	0.000
3115.789	0.000
3092.537	0.000
3069.630	0.000
3047.059	0.000
3024.818	0.000
3002.899	0.000
2981.295	0.000
2960.000	0.000
2939.007	0.000
2918.310	0.001
2897.902	0.000
2877.778	0.001
2857.931	0.001
2838.356	0.001
2819.048	0.001
2800.000	0.001
2781.208	0.001
2762.667	0.001
2744.371	0.001
2726.316	0.000
2708.497	0.000
2690.909	0.000
2673.548	0.000
2656.410	0.001
2639.490	0.000
2622.785	0.001
2606.289	0.000
2590.000	0.000
2573.913	0.000
2558.025	0.000
2542.331	0.000
2526.829	0.000
2511.515	0.000
2496.386	0.000
2481.437	0.002
2466.667	0.002
2452.071	0.006
2437.647	0.007
2423.392	0.005
2409.302	0.016
2395.376	0.008
2381.609	0.023
2368.000	0.005
2354.545	0.014
2341.243	0.003
2328.090	0.015
2315.084	0.011
2302.222	0.025
2289.503	0.013
2276.923	0.032
2264.481	0.032
2252.174	0.065
2240.000	0.069
2227.957	0.018
2216.043	0.038
2204.255	0.002
2192.593	0.001
2181.053	0.025
2169.634	0.097
2158.333	0.044
2147.150	0.241
2136.082	0.077
2125.128	0.137
2114.286	0.294
2103.553	0.116
2092.929	0.581
2082.412	0.054
2072.000	0.778
2061.692	0.039
2051.485	0.652
2041.379	0.044
2031.373	0.417
2021.463	0.098
2011.650	0.303
2001.932	0.157
1992.308	0.259
1982.775	0.189
1973.333	0.307
1963.981	0.274
1954.717	0.350
1945.540	0.415
1936.449	0.314
1927.442	0.586
1918.519	0.256
1909.677	0.526
1900.917	0.295
1892.237	0.458
1883.636	0.370
1875.113	0.336
1866.667	0.440
1858.296	0.296
1850.000	0.498
1841.778	0.344
1833.628	0.491
1825.551	0.545
1817.544	0.485
1809.607	0.683
1801.739	0.530
1793.939	0.634
1786.207	0.610
1778.541	0.560
1770.940	0.659
1763.404	0.574
1755.932	0.598
1748.523	0.664
1741.176	0.572
1733.891	0.714
1726.667	0.608
1719.502	0.670
1712.397	0.777
1705.350	0.610
1698.361	0.891
1691.429	0.634
1684.553	0.875
1677.733	0.767
1670.968	0.763
1664.257	0.878
1657.600	0.677
1650.996	0.875
1644.444	0.677
1637.945	0.803
1631.496	0.715
1625.098	0.745
1618.750	0.763
1612.451	0.749
1606.202	0.779
1600.000	0.784
1593.846	0.837
1587.739	0.765
1581.679	0.884
1575.665	0.743
1569.697	0.876
1563.774	0.758
1557.895	0.807
1552.060	0.784
1546.269	0.726
1540.520	0.805
1534.815	0.698
1529.151	0.758
1523.529	0.712
1517.949	0.723
1512.409	0.727
1506.909	0.702
1501.449	0.722
1496.029	0.707
1490.647	0.719
1485.305	0.693
1480.000	0.729
1474.733	0.637
1469.504	0.726
1464.311	0.615
1459.155	0.667
1454.035	0.626
1448.951	0.580
1443.902	0.610
1438.889	0.515
1433.910	0.561
1428.966	0.481
1424.055	0.462
1419.178	0.466
1414.334	0.377
1409.524	0.410
1404.746	0.348
1400.000	0.393
1395.286	0.403
1390.604	0.473
1385.953	0.488
1381.333	0.521
1376.744	0.514
1372.185	0.591
1367.657	0.490
1363.158	0.525
1358.689	0.520
1354.248	0.500
1349.837	0.567
1345.455	0.499
1341.100	0.571
1336.774	0.520
1332.476	0.524
1328.205	0.558
1323.962	0.494
1319.745	0.554
1315.556	0.490
1311.392	0.517
1307.256	0.473
1303.145	0.507
1299.060	0.469
1295.000	0.496
1290.966	0.464
1286.957	0.459
1282.972	0.485
1279.012	0.406
1275.077	0.518
1271.166	0.376
1267.278	0.506
1263.415	0.385
1259.574	0.447
1255.758	0.420
1251.964	0.391
1248.193	0.432
1244.444	0.359
1240.719	0.435
1237.015	0.348
1233.333	0.418
1229.674	0.338
1226.036	0.418
1222.419	0.331
1218.824	0.388
1215.249	0.334
1211.696	0.363
1208.163	0.365
1204.651	0.306
1201.159	0.390
1197.688	0.281
1194.236	0.383
1190.805	0.285
1187.393	0.341
1184.000	0.307
1180.627	0.309
1177.273	0.311
1173.938	0.290
1170.621	0.315
1167.324	0.269
1164.045	0.314
1160.784	0.256
1157.542	0.310
1154.318	0.235
1151.111	0.299
1147.922	0.241
1144.751	0.269
1141.598	0.269
1138.462	0.227
1135.342	0.274
1132.240	0.208
1129.155	0.275
1126.087	0.204
1123.035	0.244
1120.000	0.215
1116.981	0.225
1113.978	0.214
1110.992	0.214
1108.021	0.219
1105.067	0.195
1102.128	0.229
1099.204	0.176
1096.296	0.233
1093.404	0.166
1090.526	0.218
1087.664	0.176
1084.817	0.187
1081.984	0.188
1079.167	0.167
1076.364	0.196
1073.575	0.163
1070.801	0.178
1068.041	0.155
1065.296	0.173
1062.564	0.150
1059.847	0.163
1057.143	0.144
1054.453	0.158
1051.777	0.143
1049.114	0.142
1046.465	0.154
1043.829	0.123
1041.206	0.159
1038.596	0.114
1036.000	0.146
1033.416	0.120
1030.846	0.135
1028.288	0.126
1025.743	0.121
1023.210	0.122
1020.690	0.123
1018.182	0.113
1015.686	0.118
1013.203	0.112
1010.732	0.106
1008.273	0.112
1005.825	0.092
1003.390	0.113
1000.966	0.095
998.554	0.104
996.154	0.095
993.765	0.093
991.388	0.096
989.021	0.089
986.667	0.084
984.323	0.095
981.991	0.078
979.669	0.090
977.358	0.083
975.059	0.080
972.770	0.082
970.492	0.074
968.224	0.076
965.967	0.071
963.721	0.074
961.485	0.068
959.259	0.071
957.044	0.065
954.839	0.066
952.644	0.061
950.459	0.070
948.284	0.058
946.119	0.065
943.964	0.057
941.818	0.059
939.683	0.061
937.557	0.051
935.440	0.060
933.333	0.051
931.236	0.052
929.148	0.052
927.069	0.050
925.000	0.046
922.940	0.054
920.889	0.042
918.847	0.050
916.814	0.042
914.790	0.046
912.775	0.048
910.769	0.038
908.772	0.046
906.783	0.036
904.803	0.041
902.832	0.042
900.870	0.037
898.915	0.041
896.970	0.032
895.032	0.038
893.103	0.035
891.183	0.034
889.270	0.034
887.366	0.033
885.470	0.031
883.582	0.034
881.702	0.027
879.830	0.029
877.966	0.028
876.110	0.027
874.262	0.033
872.421	0.027
870.588	0.030
868.763	0.026
866.946	0.028
865.136	0.027
863.333	0.024
861.538	0.027
859.751	0.021
857.971	0.022
856.198	0.022
854.433	0.022
852.675	0.023
850.924	0.021
849.180	0.022
847.444	0.021
845.714	0.020
843.992	0.021
842.276	0.022
840.568	0.019
838.866	0.021
837.172	0.018
835.484	0.019
833.803	0.017
832.129	0.017
830.461	0.020
828.800	0.016
827.146	0.018
825.498	0.018
823.857	0.018
822.222	0.018
820.594	0.015
818.972	0.016
817.357	0.016
815.748	0.016
814.145	0.017
812.549	0.013
810.959	0.016
809.375	0.014
807.797	0.011
806.226	0.014
804.660	0.012
803.101	0.014
801.547	0.012
800.000	0.013
798.459	0.015
796.923	0.011
795.393	0.012
793.870	0.013
792.352	0.009
790.840	0.015
789.333	0.009
787.833	0.014
786.338	0.012
784.848	0.010
783.365	0.012
781.887	0.010
780.414	0.010
778.947	0.010
777.486	0.010
776.030	0.009
774.579	0.010
773.134	0.009
771.695	0.011
770.260	0.009
768.831	0.011
767.407	0.009
765.989	0.010
764.576	0.009
763.168	0.008
761.765	0.010
760.367	0.007
758.974	0.009
757.587	0.007
756.204	0.008
754.827	0.008
753.455	0.008
752.087	0.007
750.725	0.008
749.367	0.007
748.014	0.008
746.667	0.006
745.324	0.007
743.986	0.006
742.652	0.005
741.324	0.007
740.000	0.006
738.681	0.006
737.367	0.005
736.057	0.005
734.752	0.006
733.451	0.005
732.155	0.006
730.864	0.004
729.577	0.004
728.295	0.004
727.018	0.005
725.744	0.004
724.476	0.005
723.211	0.004
721.951	0.004
720.696	0.003
719.444	0.003
718.198	0.004
716.955	0.003
715.717	0.003
714.483	0.002
713.253	0.004
712.027	0.002
710.806	0.003
709.589	0.002
708.376	0.002
707.167	0.002
705.963	0.002
704.762	0.002
703.565	0.002
702.373	0.002
701.184	0.002
700.000	0.002
698.820	0.001
697.643	0.001
696.471	0.001
695.302	0.001
694.137	0.001
692.977	0.001
691.820	0.001
690.667	0.001
689.517	0.000
688.372	0.001
687.231	0.001
686.093	0.001
684.959	0.000
683.828	0.001
682.702	0.000
681.579	0.001
680.460	0.000
679.344	0.000
678.232	0.001
677.124	0.000
676.020	0.000
674.919	0.000
673.821	0.000
672.727	0.000
671.637	0.000
670.550	0.000
669.467	0.000
668.387	0.000
667.311	0.001
666.238	0.000
665.169	0.000
664.103	0.000
663.040	0.000
661.981	0.000
660.925	0.000
659.873	0.000
658.824	0.000
657.778	0.000
656.735	0.000
655.696	0.000
654.660	0.000
653.628	0.000
652.598	0.000
651.572	0.000
650.549	0.000
649.530	0.000
648.513	0.000
647.500	0.000
646.490	0.000
645.483	0.000
644.479	0.000
643.478	0.000
642.481	0.000
641.486	0.000
640.495	0.000
639.506	0.000
638.521	0.000
637.538	0.000
636.559	0.000
635.583	0.000
634.609	0.000
633.639	0.000
632.672	0.003
631.707	0.000
630.746	0.000
629.787	0.000
628.832	0.000
627.879	0.000
626.929	0.000
625.982	0.000
625.038	0.000
624.096	0.000
623.158	0.000
622.222	0.000
621.289	0.000
620.359	0.000
619.432	0.000
618.507	0.000
617.586	0.000
616.667	0.000
615.750	0.000
614.837	0.000
613.926	0.000
613.018	0.000
612.112	0.000
611.209	0.000
610.309	0.000
609.412	0.000
608.517	0.000
607.625	0.000
606.735	0.000
605.848	0.000
604.964	0.000
604.082	0.000
603.202	0.000
602.326	0.000
601.451	0.000
600.580	0.000
599.711	0.000
598.844	0.000
597.980	0.000
597.118	0.000
596.259	0.000
595.402	0.000
594.548	0.000
593.696	0.000
592.847	0.000
592.000	0.000
591.155	0.000
590.313	0.000
589.474	0.000
588.636	0.000
587.801	0.000
586.969	0.000
586.139	0.000
585.311	0.000
584.485	0.000
583.662	0.000
582.841	0.000
582.022	0.000
581.206	0.000
580.392	0.000
579.580	0.000
578.771	0.000
577.964	0.000
577.159	0.000
576.356	0.000
575.556	0.000
574.757	0.000
573.961	0.000
573.167	0.000
572.376	0.000
571.586	0.000
570.799	0.000
570.014	0.000
569.231	0.000
568.450	0.000
567.671	0.000
566.895	0.000
566.120	0.000
565.348	0.000
564.578	0.000
563.810	0.000
563.043	0.000
562.280	0.000
561.518	0.000
560.758	0.000
560.000	0.000
559.244	0.000
558.491	0.000
557.739	0.000
556.989	0.000
556.242	0.000
555.496	0.000
554.752	0.000
554.011	0.000
553.271	0.000
552.533	0.000
551.798	0.000
551.064	0.000
550.332	0.000
549.602	0.000
548.874	0.000
548.148	0.000
547.424	0.000
546.702	0.000
545.982	0.000
545.263	0.000
544.547	0.000
543.832	0.000
543.119	0.000
542.408	0.000
541.699	0.000
540.992	0.000
540.287	0.000
539.583	0.000
538.882	0.000
538.182	0.000
537.484	0.000
536.788	0.000
536.093	0.000
535.401	0.000
534.710	0.000
534.021	0.000
533.333	0.000
532.648	0.000
531.964	0.000
531.282	0.000
530.602	0.000
529.923	0.000
529.246	0.000
528.571	0.000
527.898	0.000
527.226	0.000
526.557	0.000
525.888	0.000
525.222	0.000
524.557	0.000
523.894	0.000
523.232	0.000
522.573	0.000
521.914	0.000
521.258	0.000
520.603	0.000
519.950	0.000
519.298	0.000
518.648	0.000
518.000	0.000
517.353	0.000
516.708	0.000
516.065	0.000
515.423	0.000
514.783	0.000
514.144	0.000
513.507	0.000
512.871	0.000
512.237	0.000
511.605	0.000
510.974	0.000
510.345	0.000
509.717	0.000
509.091	0.000
508.466	0.000
507.843	0.000
507.222	0.000
506.601	0.000
505.983	0.000
505.366	0.000
504.750	0.000
504.136	0.000
503.524	0.000
502.913	0.000
502.303	0.000
501.695	0.000
501.088	0.000
500.483	0.000
499.879	0.000
499.277	0.000
498.676	0.000
498.077	0.000
497.479	0.000
496.882	0.000
496.287	0.000
495.694	0.000
495.102	0.000
494.511	0.000
493.921	0.000
493.333	0.000
492.747	0.000
492.162	0.000
491.578	0.000
490.995	0.000
490.414	0.000
489.835	0.000
489.256	0.000
488.679	0.000
488.104	0.000
487.529	0.000
486.957	0.000
486.385	0.000
485.815	0.000
485.246	0.000
484.678	0.000
484.112	0.000
483.547	0.000
482.984	0.000
482.421	0.001
481.860	0.000
481.301	0.000
480.742	0.000
480.185	0.000
479.630	0.000
479.075	0.000
478.522	0.000
477.970	0.000
477.419	0.000
476.870	0.000
476.322	0.000
475.775	0.000
475.229	0.000
474.685	0.000
474.142	0.000
473.600	0.000
473.059	0.000
472.520	0.000
471.982	0.000
471.445	0.000
470.909	0.000
470.375	0.000
469.841	0.000
469.309	0.000
468.778	0.001
468.249	0.000
467.720	0.000
467.193	0.000
466.667	0.000
466.142	0.001
465.618	0.001
465.095	0.001
464.574	0.001
464.054	0.000
463.535	0.000
463.017	0.000
462.500	0.000
461.984	0.000
461.470	0.000
460.957	0.000
460.444	0.000
459.933	0.001
459.424	0.001
458.915	0.000
458.407	0.000
457.901	0.000
457.395	0.000
456.891	0.000
456.388	0.000
455.886	0.000
455.385	0.000
454.885	0.000
454.386	0.000
453.888	0.000
453.392	0.000
452.896	0.001
452.402	0.000
451.908	0.000
451.416	0.000
450.925	0.000
450.435	0.000
449.946	0.000
449.458	0.000
448.971	0.000
448.485	0.000
448.000	0.000
447.516	0.000
447.033	0.001
446.552	0.000
446.071	0.000
445.591	0.000
445.113	0.000
444.635	0.000
444.159	0.000
443.683	0.000
443.209	0.000
442.735	0.001
442.263	0.001
441.791	0.000
441.321	0.000
440.851	0.001
440.383	0.001
439.915	0.001
439.449	0.000
438.983	0.000
438.519	0.000
438.055	0.000
437.592	0.000
437.131	0.000
436.670	0.000
436.211	0.000
435.752	0.001
435.294	0.000
434.837	0.001
434.382	0.000
433.927	0.000
433.473	0.001
433.020	0.000
432.568	0.000
432.117	0.000
431.667	0.000
431.217	0.000
430.769	0.000
430.322	0.000
429.876	0.000
429.430	0.000
428.986	0.001
428.542	0.001
428.099	0.001
427.657	0.000
427.216	0.002
426.777	0.004
426.337	0.003
425.899	0.005
425.462	0.002
425.026	0.004
424.590	0.001
424.156	0.001
423.722	0.000
423.289	0.000
422.857	0.002
422.426	0.002
421.996	0.000
421.567	0.002
421.138	0.000
420.711	0.001
420.284	0.000
419.858	0.001
419.433	0.001
419.009	0.001
418.586	0.001
418.163	0.001
417.742	0.002
417.321	0.000
416.901	0.001
416.482	0.001
416.064	0.002
415.647	0.000
415.230	0.000
414.815	0.000
414.400	0.001
413.986	0.000
413.573	0.001
413.161	0.001
412.749	0.000
412.338	0.001
411.928	0.000
411.519	0.001
411.111	0.002
410.704	0.000
410.297	0.000
409.891	0.000
409.486	0.001
409.082	0.000
408.679	0.001
408.276	0.003
407.874	0.001
407.473	0.000
407.073	0.001
406.673	0.000
406.275	0.000
405.877	0.002
405.479	0.001
405.083	0.000
404.688	0.001
404.293	0.001
403.899	0.002
403.505	0.000
403.113	0.000
402.721	0.002
402.330	0.000
401.940	0.001
401.550	0.000
401.162	0.000
400.774	0.002
400.386	0.000
400.000	0.000
399.614	0.000
399.229	0.000
398.845	0.000
398.462	0.000
398.079	0.000
397.697	0.000
397.315	0.000
396.935	0.001
396.555	0.001
396.176	0.000
395.798	0.000
395.420	0.000
395.043	0.000
394.667	0.000
394.291	0.000
393.916	0.001
393.542	0.001
393.169	0.001
392.796	0.000
392.424	0.001
392.053	0.000
391.682	0.001
391.313	0.000
390.943	0.000
390.575	0.000
390.207	0.001
389.840	0.001
389.474	0.001
389.108	0.000
388.743	0.000
388.379	0.000
388.015	0.000
387.652	0.000
387.290	0.000
386.928	0.000
386.567	0.000
386.207	0.001
385.847	0.000
385.488	0.000
385.130	0.001
384.773	0.001
384.416	0.000
384.059	0.001
383.704	0.000
383.349	0.000
382.994	0.000
382.641	0.000
382.288	0.000
381.935	0.000
381.584	0.001
381.233	0.000
380.882	0.000
380.533	0.000
380.183	0.000
379.835	0.000
379.487	0.000
379.140	0.000
378.793	0.000
378.447	0.001
378.102	0.000
377.758	0.000
377.413	0.000
377.070	0.000
376.727	0.000
376.385	0.000
376.044	0.000
375.703	0.000
375.362	0.000
375.023	0.000
374.684	0.000
374.345	0.000
374.007	0.000
373.670	0.000
373.333	0.000
372.997	0.000
372.662	0.000
372.327	0.000
371.993	0.000
371.659	0.000
371.326	0.000
370.994	0.000
370.662	0.000
370.331	0.000
370.000	0.000
369.670	0.000
369.340	0.000
369.012	0.000
368.683	0.000
368.356	0.000
368.028	0.000
367.702	0.000
367.376	0.000
367.050	0.000
366.726	0.000
366.401	0.000
366.078	0.000
365.755	0.000
365.432	0.000
365.110	0.000
364.789	0.000
364.468	0.000
364.148	0.000
363.828	0.000
363.509	0.000
363.190	0.000
362.872	0.000
362.555	0.000
362.238	0.000
361.921	0.000
361.606	0.000
361.290	0.000
360.976	0.000
360.661	0.000
360.348	0.000
360.035	0.000
359.722	0.000
359.410	0.000
359.099	0.000
358.788	0.000
358.478	0.000
358.168	0.000
357.858	0.000
357.550	0.000
357.241	0.000
356.934	0.000
356.627	0.000
356.320	0.000
356.014	0.000
355.708	0.000
355.403	0.000
355.099	0.000
354.795	0.000
354.491	0.000
354.188	0.000
353.886	0.000
353.584	0.000
353.282	0.000
352.981	0.000
352.681	0.000
352.381	0.000
352.082	0.000
351.783	0.000
351.484	0.000
351.186	0.000
350.889	0.000
350.592	0.000
350.296	0.000
350.000	0.000
349.705	0.000
349.410	0.000
349.115	0.000
348.822	0.000
348.528	0.000
348.235	0.000
347.943	0.000
347.651	0.000
347.360	0.000
347.069	0.000
346.778	0.000
346.488	0.000
346.199	0.000
345.910	0.000
345.621	0.000
345.333	0.000
345.046	0.000
344.759	0.000
344.472	0.000
344.186	0.000
343.900	0.000
343.615	0.000
343.331	0.000
343.046	0.000
342.763	0.000
342.479	0.000
342.197	0.000
341.914	0.000
341.632	0.000
341.351	0.000
341.070	0.000
340.789	0.000
340.509	0.000
340.230	0.000
339.951	0.000
339.672	0.000
339.394	0.000
339.116	0.000
338.839	0.000
338.562	0.000
338.286	0.000
338.010	0.000
337.734	0.000
337.459	0.000
337.185	0.000
336.911	0.000
336.637	0.000
336.364	0.000
336.091	0.000
335.818	0.000
335.547	0.000
335.275	0.000
335.004	0.000
334.733	0.000
334.463	0.000
334.194	0.000
333.924	0.000
333.655	0.000
333.387	0.000
333.119	0.000
332.851	0.000
332.584	0.000
332.318	0.000
332.051	0.000
331.785	0.000
331.520	0.000
331.255	0.000
330.990	0.000
330.726	0.000
330.463	0.000
330.199	0.000
329.936	0.000
329.674	0.000
329.412	0.000
329.150	0.000
328.889	0.000
328.628	0.000
328.368	0.000
328.108	0.000
327.848	0.000
327.589	0.000
327.330	0.000
327.072	0.000
326.814	0.000
326.556	0.000
326.299	0.000
326.042	0.000
325.786	0.000
325.530	0.000
325.275	0.000
325.020	0.000
324.765	0.000
324.511	0.000
324.257	0.000
324.003	0.000
323.750	0.000
323.497	0.000
323.245	0.000
322.993	0.000
322.741	0.000
322.490	0.000
322.240	0.000
321.989	0.000
321.739	0.000
321.490	0.000
321.240	0.000
320.991	0.000
320.743	0.000
320.495	0.000
320.247	0.000
320.000	0.000
319.753	0.000
319.507	0.000
319.260	0.000
319.015	0.000
318.769	0.000
318.524	0.000
318.280	0.000
318.035	0.000
317.791	0.000
317.548	0.000
317.305	0.000
317.062	0.000
316.820	0.000
316.578	0.000
316.336	0.000
316.095	0.000
315.854	0.000
315.613	0.000
315.373	0.000
315.133	0.000
314.894	0.000
314.655	0.000
314.416	0.000
314.177	0.000
313.939	0.000
313.702	0.000
313.464	0.000
313.228	0.000
312.991	0.000
312.755	0.000
312.519	0.000
312.283	0.000
312.048	0.000
311.813	0.000
311.579	0.000
311.345	0.000
311.111	0.000
310.878	0.000
310.645	0.000
310.412	0.000
310.180	0.000
309.948	0.000
309.716	0.000
309.485	0.000
309.254	0.000
309.023	0.000
308.793	0.000
308.563	0.000
308.333	0.000
308.104	0.000
307.875	0.000
307.647	0.000
307.418	0.000
307.191	0.000
306.963	0.000
306.736	0.000
306.509	0.000
306.282	0.000
306.056	0.000
305.830	0.000
305.605	0.000
305.380	0.000
305.155	0.000
304.930	0.000
304.706	0.000
304.482	0.000
304.258	0.000
304.035	0.000
303.812	0.000
303.590	0.000
303.367	0.000
303.146	0.000
302.924	0.000
302.703	0.000
302.482	0.000
302.261	0.000
302.041	0.000
301.821	0.000
301.601	0.000
301.382	0.000
301.163	0.000
300.944	0.000
300.726	0.000
300.508	0.000
300.290	0.000
300.072	0.000
299.855	0.000
299.638	0.000
299.422	0.000
299.206	0.000
298.990	0.000
298.774	0.000
298.559	0.000
298.344	0.000
298.129	0.000
297.915	0.000
297.701	0.000
297.487	0.000
297.274	0.000
297.061	0.000
296.848	0.000
296.636	0.000
296.423	0.000
296.212	0.000
296.000	0.000
295.789	0.000
295.578	0.000
295.367	0.000
295.157	0.000
294.947	0.000
294.737	0.000
294.527	0.000
294.318	0.000
294.109	0.000
293.901	0.000
293.692	0.000
293.484	0.000
293.277	0.000
293.069	0.000
292.862	0.000
292.655	0.000
292.449	0.000
292.243	0.000
292.037	0.000
291.831	0.000
291.626	0.000
291.421	0.000
291.216	0.000
291.011	0.000
290.807	0.000
290.603	0.000
290.399	0.000
290.196	0.000
289.993	0.000
289.790	0.000
289.588	0.000
289.385	0.000
289.184	0.000
288.982	0.000
288.780	0.000
288.579	0.000
288.379	0.000
288.178	0.000
287.978	0.000
287.778	0.000
287.578	0.000
287.379	0.000
287.179	0.000
286.981	0.000
286.782	0.000
286.584	0.000
286.386	0.000
286.188	0.000
285.990	0.000
285.793	0.000
285.596	0.000
285.399	0.000
285.203	0.000
285.007	0.000
284.811	0.000
284.615	0.000
284.420	0.000
284.225	0.000
284.030	0.000
283.836	0.000
283.641	0.000
283.447	0.000
283.254	0.000
283.060	0.000
282.867	0.000
282.674	0.000
282.481	0.000
282.289	0.000
282.097	0.000
281.905	0.000
281.713	0.000
281.522	0.000
281.331	0.000
281.140	0.000
280.949	0.000
280.759	0.000
280.569	0.000
280.379	0.000
280.189	0.000
280.000	0.000
279.811	0.000
279.622	0.000
279.434	0.000
279.245	0.000
279.057	0.000
278.869	0.000
278.682	0.000
278.495	0.000
278.308	0.000
278.121	0.000
277.934	0.000
277.748	0.000
277.562	0.000
277.376	0.000
277.191	0.000
277.005	0.000
276.820	0.000
276.636	0.000
276.451	0.000
276.267	0.000
276.083	0.000
275.899	0.000
275.715	0.000
275.532	0.000
275.349	0.000
275.166	0.000
274.983	0.000
274.801	0.000
274.619	0.000
274.437	0.000
274.255	0.000
274.074	0.000
273.893	0.000
273.712	0.000
273.531	0.000
273.351	0.000
273.171	0.000
272.991	0.000
272.811	0.000
272.632	0.000
272.452	0.000
272.273	0.000
272.095	0.000
271.916	0.000
271.738	0.000
271.560	0.000
271.382	0.000
271.204	0.000
271.027	0.000
270.850	0.000
270.673	0.000
270.496	0.000
270.320	0.000
270.143	0.000
269.967	0.000
269.792	0.000
269.616	0.000
269.441	0.000
269.266	0.000
269.091	0.000
268.916	0.000
268.742	0.000
268.568	0.000
268.394	0.000
268.220	0.000
268.047	0.000
267.873	0.000
267.700	0.000
267.527	0.000
267.355	0.000
267.182	0.000
267.010	0.000
266.838	0.000
266.667	0.000
266.495	0.000
266.324	0.000
266.153	0.000
265.982	0.000
265.811	0.000
265.641	0.000
265.471	0.000
265.301	0.000
265.131	0.000
264.962	0.000
264.792	0.000
264.623	0.000
264.454	0.000
264.286	0.000
264.117	0.000
263.949	0.000
263.781	0.000
263.613	0.000
263.446	0.000
263.278	0.000
263.111	0.000
262.944	0.000
262.777	0.000
262.611	0.000
262.445	0.000
262.278	0.000
262.113	0.000
261.947	0.000
261.781	0.000
261.616	0.000
261.451	0.000
261.286	0.000
261.122	0.000
260.957	0.000
260.793	0.000
260.629	0.000
260.465	0.000
260.302	0.000
260.138	0.000
259.975	0.000
259.812	0.000
259.649	0.000
259.487	0.000
259.324	0.000
259.162	0.000
259.000	0.000
258.838	0.000
258.677	0.000
258.515	0.000
258.354	0.000
258.193	0.000
258.032	0.000
257.872	0.000
257.711	0.000
257.551	0.000
257.391	0.000
257.232	0.000
257.072	0.000
256.913	0.000
256.753	0.000
256.594	0.000
256.436	0.000
256.277	0.000
256.119	0.000
255.960	0.000
255.802	0.000
255.645	0.000
255.487	0.000
255.330	0.000
255.172	0.000
255.015	0.000
254.859	0.000
254.702	0.000
254.545	0.000
254.389	0.000
254.233	0.000
254.077	0.000
253.922	0.000
253.766	0.000
253.611	0.000
253.456	0.000
253.301	0.000
253.146	0.000
252.991	0.000
252.837	0.000
252.683	0.000
252.529	0.000
252.375	0.000
252.222	0.000
252.068	0.000
251.915	0.000
251.762	0.000
251.609	0.000
251.456	0.000
251.304	0.000
251.152	0.000
250.999	0.000
250.847	0.000
250.696	0.000
250.544	0.000
250.393	0.000
250.242	0.000
250.091	0.000
249.940	0.000
249.789	0.000
249.639	0.000
249.488	0.000
249.338	0.000
249.188	0.000
249.038	0.000
248.889	0.000
248.739	0.000
248.590	0.000
248.441	0.000
248.292	0.000
248.144	0.000
247.995	0.000
247.847	0.000
247.699	0.000
247.551	0.000
247.403	0.000
247.255	0.000
247.108	0.000
246.961	0.000
246.814	0.000
246.667	0.000
246.520	0.000
246.373	0.000
246.227	0.000
246.081	0.000
245.935	0.000
245.789	0.000
245.643	0.000
245.498	0.000
245.352	0.000
245.207	0.000
245.062	0.000
244.917	0.000
244.773	0.000
244.628	0.000
244.484	0.000
244.340	0.000
244.196	0.000
244.052	0.000
243.908	0.000
243.765	0.000
243.621	0.000
243.478	0.000
243.335	0.000
243.192	0.000
243.050	0.000
242.907	0.000
242.765	0.000
242.623	0.000
242.481	0.000
242.339	0.000
242.198	0.000
242.056	0.000
241.915	0.000
241.774	0.000
241.633	0.000
241.492	0.000
241.351	0.000
241.211	0.000
241.070	0.000
240.930	0.000
240.790	0.000
240.650	0.000
240.511	0.000
240.371	0.000
240.232	0.000
240.093	0.000
239.954	0.000
239.815	0.000
239.676	0.000
239.538	0.000
239.399	0.000
239.261	0.000
239.123	0.000
238.985	0.000
238.847	0.000
238.710	0.000
238.572	0.000
238.435	0.000
238.298	0.000
238.161	0.000
238.024	0.000
237.887	0.000
237.751	0.000
237.615	0.000
237.479	0.000
237.342	0.000
237.207	0.000
237.071	0.000
236.935	0.000
236.800	0.000
236.665	0.000
236.530	0.000
236.395	0.000
236.260	0.000
236.125	0.000
235.991	0.000
235.857	0.000
235.722	0.000
235.588	0.000
235.455	0.000
235.321	0.000
235.187	0.000
235.054	0.000
234.921	0.000
234.788	0.000
234.655	0.000
234.522	0.000
234.389	0.000
234.257	0.000
234.124	0.000
233.992	0.000
233.860	0.000
233.728	0.000
233.596	0.000
233.465	0.000
233.333	0.000
233.202	0.000
233.071	0.000
232.940	0.000
232.809	0.000
232.678	0.000
232.548	0.000
232.417	0.000
232.287	0.000
232.157	0.000
232.027	0.000
231.897	0.000
231.767	0.000
231.638	0.000
231.508	0.000
231.379	0.000
231.250	0.000
231.121	0.000
230.992	0.000
230.864	0.000
230.735	0.000
230.607	0.000
230.478	0.000
230.350	0.000
230.222	0.000
230.094	0.000
229.967	0.000
229.839	0.000
229.712	0.000
229.584	0.000
229.457	0.000
229.330	0.000
229.204	0.000
229.077	0.000
228.950	0.000
228.824	0.000
228.698	0.000
228.571	0.000
228.445	0.000
228.320	0.000
228.194	0.000
228.068	0.000
227.943	0.000
227.817	0.000
227.692	0.000
227.567	0.000
227.442	0.000
227.318	0.000
227.193	0.000
227.068	0.000
226.944	0.000
226.820	0.000
226.696	0.000
226.572	0.000
226.448	0.000
226.324	0.000
226.201	0.000
226.077	0.000
225.954	0.000
225.831	0.000
225.708	0.000
225.585	0.000
225.462	0.000
225.340	0.000
225.217	0.000
225.095	0.000
224.973	0.000
224.851	0.000
224.729	0.000
224.607	0.000
224.485	0.000
224.364	0.000
224.242	0.000
224.121	0.000
224.000	0.000
223.879	0.000
223.758	0.000
223.637	0.000
223.517	0.000
223.396	0.000
223.276	0.000
223.156	0.000
223.036	0.000
222.916	0.000
222.796	0.000
222.676	0.000
222.556	0.000
222.437	0.000
222.318	0.000
222.198	0.000
222.079	0.000
221.960	0.000
221.842	0.000
221.723	0.000
221.604	0.000
221.486	0.000
221.368	0.000
221.249	0.000
221.131	0.000
221.013	0.000
220.896	0.000
220.778	0.000
220.660	0.000
220.543	0.000
220.426	0.000
220.308	0.000
220.191	0.000
220.074	0.000
219.958	0.000
219.841	0.000
219.724	0.000
219.608	0.000
219.492	0.000
219.375	0.000
219.259	0.000
219.143	0.000
219.027	0.000
218.912	0.000
218.796	0.000
218.681	0.000
218.565	0.000
218.450	0.000
218.335	0.000
218.220	0.000
218.105	0.000
217.991	0.000
217.876	0.000
217.761	0.000
217.647	0.000
217.533	0.000
217.419	0.000
217.305	0.000
217.191	0.000
217.077	0.000
216.963	0.000
216.850	0.000
216.736	0.000
216.623	0.000
216.510	0.000
216.397	0.000
216.284	0.000
216.171	0.000
216.058	0.000
215.946	0.000
215.833	0.000
215.721	0.000
215.609	0.000
215.497	0.000
215.385	0.000
215.273	0.000
215.161	0.000
215.049	0.000
214.938	0.000
214.826	0.000
214.715	0.000
214.604	0.000
214.493	0.000
214.382	0.000
214.271	0.000
214.160	0.000
214.050	0.000
213.939	0.000
213.829	0.000
213.718	0.000
213.608	0.000
213.498	0.000
213.388	0.000
213.278	0.000
213.169	0.000
213.059	0.000
212.950	0.000
212.840	0.000
212.731	0.000
212.622	0.000
212.513	0.000
212.404	0.000
212.295	0.000
212.186	0.000
212.078	0.000
211.969	0.000
211.861	0.000
211.753	0.000
211.645	0.000
211.536	0.000
211.429	0.000
211.321	0.000
211.213	0.000
211.105	0.000
210.998	0.000
210.891	0.000
210.783	0.000
210.676	0.000
210.569	0.000
210.462	0.000
210.355	0.000
210.249	0.000
210.142	0.000
210.035	0.000
209.929	0.000
209.823	0.000
209.717	0.000
209.611	0.000
209.505	0.000
209.399	0.000
209.293	0.000
209.187	0.000
209.082	0.000
208.976	0.000
208.871	0.000
208.766	0.000
208.661	0.000
208.556	0.000
208.451	0.000
208.346	0.000
208.241	0.000
208.137	0.000
208.032	0.000
207.928	0.000
207.823	0.000
207.719	0.000
207.615	0.000
207.511	0.000
207.407	0.000
207.304	0.000
207.200	0.000
207.096	0.000
206.993	0.000
206.890	0.000
206.786	0.000
206.683	0.000
206.580	0.000
206.477	0.000
206.375	0.000
206.272	0.000
206.169	0.000
206.067	0.000
205.964	0.000
205.862	0.000
205.760	0.000
205.658	0.000
205.556	0.000
205.454	0.000
205.352	0.000
205.250	0.000
205.149	0.000
205.047	0.000
204.946	0.000
204.844	0.000
204.743	0.000
204.642	0.000
204.541	0.000
204.440	0.000
204.339	0.000
204.239	0.000
204.138	0.000
204.037	0.000
203.937	0.000
203.837	0.000
203.736	0.000
203.636	0.000
203.536	0.000
203.436	0.000
203.337	0.000
203.237	0.000
203.137	0.000
203.038	0.000
202.938	0.000
202.839	0.000
202.740	0.000
202.641	0.000
202.542	0.000
202.443	0.000
202.344	0.000
202.245	0.000
202.146	0.000
202.048	0.000
201.949	0.000
201.851	0.000
201.753	0.000
201.655	0.000
201.556	0.000
201.458	0.000
201.361	0.000
201.263	0.000
201.165	0.000
201.067	0.000
200.970	0.000
200.873	0.000
200.775	0.000
200.678	0.000
200.581	0.000
200.484	0.000
200.387	0.000
200.290	0.000
200.193	0.000
200.097	0.000
200.000	0.000
199.904	0.000
199.807	0.000
199.711	0.000
199.615	0.000
199.519	0.000
199.423	0.000
199.327	0.000
199.231	0.000
199.135	0.000
199.039	0.000
198.944	0.000
198.848	0.000
198.753	0.000
198.658	0.000
198.563	0.000
198.467	0.000
198.372	0.000
198.278	0.000
198.183	0.000
198.088	0.000
197.993	0.000
197.899	0.000
197.804	0.000
197.710	0.000
197.616	0.000
197.521	0.000
197.427	0.000
197.333	0.000
197.239	0.000
197.146	0.000
197.052	0.000
196.958	0.000
196.865	0.000
196.771	0.000
196.678	0.000
196.584	0.000
196.491	0.000
196.398	0.000
196.305	0.000
196.212	0.000
196.119	0.000
196.026	0.000
195.934	0.000
195.841	0.000
195.749	0.000
195.656	0.000
195.564	0.000
195.472	0.000
195.380	0.000
195.287	0.000
195.195	0.000
195.104	0.000
195.012	0.000
194.920	0.000
194.828	0.000
194.737	0.000
194.645	0.000
194.554	0.000
194.463	0.000
194.371	0.000
194.280	0.000
194.189	0.000
194.098	0.000
194.007	0.000
193.917	0.000
193.826	0.000
193.735	0.000
193.645	0.000
193.554	0.000
193.464	0.000
193.374	0.000
193.284	0.000
193.193	0.000
193.103	0.000
193.014	0.000
192.924	0.000
192.834	0.000
192.744	0.000
192.655	0.000
192.565	0.000
192.476	0.000
192.386	0.000
192.297	0.000
192.208	0.000
192.119	0.000
192.030	0.000
191.941	0.000
191.852	0.000
191.763	0.000
191.674	0.000
191.586	0.000
191.497	0.000
191.409	0.000
191.320	0.000
191.232	0.000
191.144	0.000
191.056	0.000
190.968	0.000
190.880	0.000
190.792	0.000
190.704	0.000
190.616	0.000
190.529	0.000
190.441	0.000
190.354	0.000
190.266	0.000
190.179	0.000
190.092	0.000
190.005	0.000
189.918	0.000
189.831	0.000
189.744	0.000
189.657	0.000
189.570	0.000
189.483	0.000
189.397	0.000
189.310	0.000
189.224	0.000
189.137	0.000
189.051	0.000
188.965	0.000
188.879	0.000
188.793	0.000
188.707	0.000
188.621	0.000
188.535	0.000
188.449	0.000
188.364	0.000
188.278	0.000
188.193	0.000
188.107	0.000
188.022	0.000
187.937	0.000
187.851	0.000
187.766	0.000
187.681	0.000
187.596	0.000
187.511	0.000
187.427	0.000
187.342	0.000
187.257	0.000
187.173	0.000
187.088	0.000
187.004	0.000
186.919	0.000
186.835	0.000
186.751	0.000
186.667	0.000
186.583	0.000
186.499	0.000
186.415	0.000
186.331	0.000
186.247	0.000
186.164	0.000
186.080	0.000
185.996	0.000
185.913	0.000
185.830	0.000
185.746	0.000
185.663	0.000
185.580	0.000
185.497	0.000
185.414	0.000
185.331	0.000
185.248	0.000
185.165	0.000
185.083	0.000
185.000	0.000
184.917	0.000
184.835	0.000
184.753	0.000
184.670	0.000
184.588	0.000
184.506	0.000
184.424	0.000
184.342	0.000
184.260	0.000
184.178	0.000
184.096	0.000
184.014	0.000
183.933	0.000
183.851	0.000
183.769	0.000
183.688	0.000
183.607	0.000
183.525	0.000
183.444	0.000
183.363	0.000
183.282	0.000
183.201	0.000
183.120	0.000
183.039	0.000
182.958	0.000
182.877	0.000
182.797	0.000
182.716	0.000
182.636	0.000
182.555	0.000
182.475	0.000
182.394	0.000
182.314	0.000
182.234	0.000
182.154	0.000
182.074	0.000
181.994	0.000
181.914	0.000
181.834	0.000
181.754	0.000
181.675	0.000
181.595	0.000
181.516	0.000
181.436	0.000
181.357	0.000
181.277	0.000
181.198	0.000
181.119	0.000
181.040	0.000
180.961	0.000
180.882	0.000
180.803	0.000
180.724	0.000
180.645	0.000
180.566	0.000
180.488	0.000
180.409	0.000
180.331	0.000
180.252	0.000
180.174	0.000
180.096	0.000
180.017	0.000
179.939	0.000
179.861	0.000
179.783	0.000
179.705	0.000
179.627	0.000
179.549	0.000
179.472	0.000
179.394	0.000
179.316	0.000
179.239	0.000
179.161	0.000
179.084	0.000
179.006	0.000
178.929	0.000
178.852	0.000
178.775	0.000
178.698	0.000
178.621	0.000
178.544	0.000
178.467	0.000
178.390	0.000
178.313	0.000
178.237	0.000
178.160	0.000
178.083	0.000
178.007	0.000
177.930	0.000
177.854	0.000
177.778	0.000
177.702	0.000
177.625	0.000
177.549	0.000
177.473	0.000
177.397	0.000
177.321	0.000
177.246	0.000
177.170	0.000
177.094	0.000
177.018	0.000
176.943	0.000
176.867	0.000
176.792	0.000
176.716	0.000
176.641	0.000
176.566	0.000
176.491	0.000
176.415	0.000
176.340	0.000
176.265	0.000
176.190	0.000
176.116	0.000
176.041	0.000
175.966	0.000
175.891	0.000
175.817	0.000
175.742	0.000
175.668	0.000
175.593	0.000
175.519	0.000
175.445	0.000
175.370	0.000
175.296	0.000
175.222	0.000
175.148	0.000
175.074	0.000
175.000	0.000
174.926	0.000
174.852	0.000
174.779	0.000
174.705	0.000
174.631	0.000
174.558	0.000
174.484	0.000
174.411	0.000
174.337	0.000
174.264	0.000
174.191	0.000
174.118	0.000
174.045	0.000
173.971	0.000
173.898	0.000
173.826	0.000
173.753	0.000
173.680	0.000
173.607	0.000
173.534	0.000
173.462	0.000
173.389	0.000
173.317	0.000
173.244	0.000
173.172	0.000
173.099	0.000
173.027	0.000
172.955	0.000
172.883	0.000
172.811	0.000
172.739	0.000
172.667	0.000
172.595	0.000
172.523	0.000
172.451	0.000
172.379	0.000
172.308	0.000
172.236	0.000
172.165	0.000
172.093	0.000
172.022	0.000
171.950	0.000
171.879	0.000
171.808	0.000
171.736	0.000
171.665	0.000
171.594	0.000
171.523	0.000
171.452	0.000
171.381	0.000
171.310	0.000
171.240	0.000
171.169	0.000
171.098	0.000
171.028	0.000
170.957	0.000
170.887	0.000
170.816	0.000
170.746	0.000
170.675	0.000
170.605	0.000
170.535	0.000
170.465	0.000
170.395	0.000
170.325	0.000
170.255	0.000
170.185	0.000
170.115	0.000
170.045	0.000
169.975	0.000
169.906	0.000
169.836	0.000
169.766	0.000
169.697	0.000
169.628	0.000
169.558	0.000
169.489	0.000
169.419	0.000
169.350	0.000
169.281	0.000
169.212	0.000
169.143	0.000
169.074	0.000
169.005	0.000
168.936	0.000
168.867	0.000
168.798	0.000
168.730	0.000
168.661	0.000
168.592	0.000
168.524	0.000
168.455	0.000
168.387	0.000
168.318	0.000
168.250	0.000
168.182	0.000
168.114	0.000
168.045	0.000
167.977	0.000
167.909	0.000
167.841	0.000
167.773	0.000
167.705	0.000
167.638	0.000
167.570	0.000
167.502	0.000
167.434	0.000
167.367	0.000
167.299	0.000
167.232	0.000
167.164	0.000
167.097	0.000
167.029	0.000
166.962	0.000
166.895	0.000
166.828	0.000
166.761	0.000
166.693	0.000
166.626	0.000
166.559	0.000
166.493	0.000
166.426	0.000
166.359	0.000
166.292	0.000
166.225	0.000
166.159	0.000
166.092	0.000
166.026	0.000
165.959	0.000
165.893	0.000
165.826	0.000
165.760	0.000
165.694	0.000
165.627	0.000
165.561	0.000
165.495	0.000
165.429	0.000
165.363	0.000
165.297	0.000
165.231	0.000
165.165	0.000
165.100	0.000
165.034	0.000
164.968	0.000
164.903	0.000
164.837	0.000
164.771	0.000
164.706	0.000
164.640	0.000
164.575	0.000
164.510	0.000
164.444	0.000
164.379	0.000
164.314	0.000
164.249	0.000
164.184	0.000
164.119	0.000
164.054	0.000
163.989	0.000
163.924	0.000
163.859	0.000
163.794	0.000
163.730	0.000
163.665	0.000
163.600	0.000
163.536	0.000
163.471	0.000
163.407	0.000
163.343	0.000
163.278	0.000
163.214	0.000
163.150	0.000
163.085	0.000
163.021	0.000
162.957	0.000
162.893	0.000
162.829	0.000
162.765	0.000
162.701	0.000
162.637	0.000
162.574	0.000
162.510	0.000
162.446	0.000
162.382	0.000
162.319	0.000
162.255	0.000
162.192	0.000
162.128	0.000
162.065	0.000
162.002	0.000
161.938	0.000
161.875	0.000
161.812	0.000
161.749	0.000
161.686	0.000
161.622	0.000
161.559	0.000
161.496	0.000
161.434	0.000
161.371	0.000
161.308	0.000
161.245	0.000
161.182	0.000
161.120	0.000
161.057	0.000
160.995	0.000
160.932	0.000
160.870	0.000
160.807	0.000
160.745	0.000
160.682	0.000
160.620	0.000
160.558	0.000
160.496	0.000
160.434	0.000
160.372	0.000
160.309	0.000
160.247	0.000
160.186	0.000
160.124	0.000
160.062	0.000
160.000	0.000
159.938	0.000
159.877	0.000
159.815	0.000
159.753	0.000
159.692	0.000
159.630	0.000
159.569	0.000
159.507	0.000
159.446	0.000
159.385	0.000
159.323	0.000
159.262	0.000
159.201	0.000
159.140	0.000
159.079	0.000
159.018	0.000
158.957	0.000
158.896	0.000
158.835	0.000
158.774	0.000
158.713	0.000
158.652	0.000
158.592	0.000
158.531	0.000
158.470	0.000
158.410	0.000
158.349	0.000
158.289	0.000
158.228	0.000
158.168	0.000
158.108	0.000
158.047	0.000
157.987	0.000
157.927	0.000
157.867	0.000
157.807	0.000
157.746	0.000
157.686	0.000
157.626	0.000
157.567	0.000
157.507	0.000
157.447	0.000
157.387	0.000
157.327	0.000
157.268	0.000
157.208	0.000
157.148	0.000
157.089	0.000
157.029	0.000
156.970	0.000
156.910	0.000
156.851	0.000
156.792	0.000
156.732	0.000
156.673	0.000
156.614	0.000
156.555	0.000
156.495	0.000
156.436	0.000
156.377	0.000
156.318	0.000
156.259	0.000
156.201	0.000
156.142	0.000
156.083	0.000
156.024	0.000
155.965	0.000
155.907	0.000
155.848	0.000
155.789	0.000
155.731	0.000
155.672	0.000
155.614	0.000
155.556	0.000
155.497	0.000
155.439	0.000
155.381	0.000
155.322	0.000
155.264	0.000
155.206	0.000
155.148	0.000
155.090	0.000
155.032	0.000
154.974	0.000
154.916	0.000
154.858	0.000
154.800	0.000
154.742	0.000
154.685	0.000
154.627	0.000
154.569	0.000
154.512	0.000
154.454	0.000
154.396	0.000
154.339	0.000
154.281	0.000
154.224	0.000
154.167	0.000
154.109	0.000
154.052	0.000
153.995	0.000
153.938	0.000
153.880	0.000
153.823	0.000
153.766	0.000
153.709	0.000
153.652	0.000
153.595	0.000
153.538	0.000
153.481	0.000
153.425	0.000
153.368	0.000
153.311	0.000
153.254	0.000
153.198	0.000
153.141	0.000
153.085	0.000
153.028	0.000
152.972	0.000
152.915	0.000
152.859	0.000
152.802	0.000
152.746	0.000
152.690	0.000
152.634	0.000
152.577	0.000
152.521	0.000
152.465	0.000
152.409	0.000
152.353	0.000
152.297	0.000
152.241	0.000
152.185	0.000
152.129	0.000
152.073	0.000
152.018	0.000
151.962	0.000
151.906	0.000
151.850	0.000
151.795	0.000
151.739	0.000
151.684	0.000
151.628	0.000
151.573	0.000
151.517	0.000
151.462	0.000
151.407	0.000
151.351	0.000
151.296	0.000
151.241	0.000
151.186	0.000
151.131	0.000
151.075	0.000
151.020	0.000
150.965	0.000
150.910	0.000
150.855	0.000
150.801	0.000
150.746	0.000
150.691	0.000
150.636	0.000
150.581	0.000
150.527	0.000
150.472	0.000
150.417	0.000
150.363	0.000
150.308	0.000
150.254	0.000
150.199	0.000
150.145	0.000
150.091	0.000
150.036	0.000
149.982	0.000
149.928	0.000
149.873	0.000
149.819	0.000
149.765	0.000
149.711	0.000
149.657	0.000
149.603	0.000
149.549	0.000
149.495	0.000
149.441	0.000
149.387	0.000
149.333	0.000
149.280	0.000
149.226	0.000
149.172	0.000
149.118	0.000
149.065	0.000
149.011	0.000
148.958	0.000
148.904	0.000
148.851	0.000
148.797	0.000
148.744	0.000
148.690	0.000
148.637	0.000
148.584	0.000
148.530	0.000
148.477	0.000
148.424	0.000
148.371	0.000
148.318	0.000
148.265	0.000
148.212	0.000
148.159	0.000
148.106	0.000
148.053	0.000
148.000	0.000
147.947	0.000
147.894	0.000
147.842	0.000
147.789	0.000
147.736	0.000
147.684	0.000
147.631	0.000
147.578	0.000
147.526	0.000
147.473	0.000
147.421	0.000
147.368	0.000
147.316	0.000
147.264	0.000
147.211	0.000
147.159	0.000
147.107	0.000
147.055	0.000
147.002	0.000
146.950	0.000
146.898	0.000
146.846	0.000
146.794	0.000
146.742	0.000
146.690	0.000
146.638	0.000
146.586	0.000
146.535	0.000
146.483	0.000
146.431	0.000
146.379	0.000
146.328	0.000
146.276	0.000
146.224	0.000
146.173	0.000
146.121	0.000
146.070	0.000
146.018	0.000
145.967	0.000
145.915	0.000
145.864	0.000
145.813	0.000
145.762	0.000
145.710	0.000
145.659	0.000
145.608	0.000
145.557	0.000
145.506	0.000
145.455	0.000
145.404	0.000
145.353	0.000
145.302	0.000
145.251	0.000
145.200	0.000
145.149	0.000
145.098	0.000
145.047	0.000
144.997	0.000
144.946	0.000
144.895	0.000
144.844	0.000
144.794	0.000
144.743	0.000
144.693	0.000
144.642	0.000
144.592	0.000
144.541	0.000
144.491	0.000
144.441	0.000
144.390	0.000
144.340	0.000
144.290	0.000
144.239	0.000
144.189	0.000
144.139	0.000
144.089	0.000
144.039	0.000
143.989	0.000
143.939	0.000
143.889	0.000
143.839	0.000
143.789	0.000
143.739	0.000
143.689	0.000
143.640	0.000
143.590	0.000
143.540	0.000
143.490	0.000
143.441	0.000
143.391	0.000
143.341	0.000
143.292	0.000
143.242	0.000
143.193	0.000
143.143	0.000
143.094	0.000
143.045	0.000
142.995	0.000
142.946	0.000
142.897	0.000
142.847	0.000
142.798	0.000
142.749	0.000
142.700	0.000
142.651	0.000
142.602	0.000
142.552	0.000
142.503	0.000
142.454	0.000
142.405	0.000
142.357	0.000
142.308	0.000
142.259	0.000
142.210	0.000
142.161	0.000
142.112	0.000
142.064	0.000
142.015	0.000
141.966	0.000
141.918	0.000
141.869	0.000
141.821	0.000
141.772	0.000
141.724	0.000
141.675	0.000
141.627	0.000
141.578	0.000
141.530	0.000
141.482	0.000
141.433	0.000
141.385	0.000
141.337	0.000
141.289	0.000
141.241	0.000
141.193	0.000
141.144	0.000
141.096	0.000
141.048	0.000
141.000	0.000
140.952	0.000
140.904	0.000
140.857	0.000
140.809	0.000
140.761	0.000
140.713	0.000
140.665	0.000
140.618	0.000
140.570	0.000
140.522	0.000
140.475	0.000
140.427	0.000
140.379	0.000
140.332	0.000
140.284	0.000
140.237	0.000
140.189	0.000
140.142	0.000
140.095	0.000
140.047	0.000
140.000	0.000
139.953	0.000
139.905	0.000
139.858	0.000
139.811	0.000
139.764	0.000
139.717	0.000
139.670	0.000
139.623	0.000
139.576	0.000
139.529	0.000
139.482	0.000
139.435	0.000
139.388	0.000
139.341	0.000
139.294	0.000
139.247	0.000
139.201	0.000
139.154	0.000
139.107	0.000
139.060	0.000
139.014	0.000
138.967	0.000
138.921	0.000
138.874	0.000
138.827	0.000
138.781	0.000
138.735	0.000
138.688	0.000
138.642	0.000
138.595	0.000
138.549	0.000
138.503	0.000
138.456	0.000
138.410	0.000
138.364	0.000
138.318	0.000
138.272	0.000
138.225	0.000
138.179	0.000
138.133	0.000
138.087	0.000
138.041	0.000
137.995	0.000
137.949	0.000
137.903	0.000
137.858	0.000
137.812	0.000
137.766	0.000
137.720	0.000
137.674	0.000
137.629	0.000
137.583	0.000
137.537	0.000
137.492	0.000
137.446	0.000
137.401	0.000
137.355	0.000
137.309	0.000
137.264	0.000
137.219	0.000
137.173	0.000
137.128	0.000
137.082	0.000
137.037	0.000
136.992	0.000
136.946	0.000
136.901	0.000
136.856	0.000
136.811	0.000
136.766	0.000
136.721	0.000
136.675	0.000
136.630	0.000
136.585	0.000
136.540	0.000
136.495	0.000
136.450	0.000
136.406	0.000
136.361	0.000
136.316	0.000
136.271	0.000
136.226	0.000
136.181	0.000
136.137	0.000
136.092	0.000
136.047	0.000
136.003	0.000
135.958	0.000
135.913	0.000
135.869	0.000
135.824	0.000
135.780	0.000
135.735	0.000
135.691	0.000
135.646	0.000
135.602	0.000
135.558	0.000
135.513	0.000
135.469	0.000
135.425	0.000
135.381	0.000
135.336	0.000
135.292	0.000
135.248	0.000
135.204	0.000
135.160	0.000
135.116	0.000
135.072	0.000
135.028	0.000
134.984	0.000
134.940	0.000
134.896	0.000
134.852	0.000
134.808	0.000
134.764	0.000
134.720	0.000
134.677	0.000
134.633	0.000
134.589	0.000
134.545	0.000
134.502	0.000
134.458	0.000
134.415	0.000
134.371	0.000
134.327	0.000
134.284	0.000
134.240	0.000
134.197	0.000
134.153	0.000
134.110	0.000
134.067	0.000
134.023	0.000
133.980	0.000
133.937	0.000
133.893	0.000
133.850	0.000
133.807	0.000
133.764	0.000
133.721	0.000
133.677	0.000
133.634	0.000
133.591	0.000
133.548	0.000
133.505	0.000
133.462	0.000
133.419	0.000
133.376	0.000
133.333	0.000
133.290	0.000
133.248	0.000
133.205	0.000
133.162	0.000
133.119	0.000
133.076	0.000
133.034	0.000
132.991	0.000
132.948	0.000
132.906	0.000
132.863	0.000
132.821	0.000
132.778	0.000
132.735	0.000
132.693	0.000
132.650	0.000
132.608	0.000
132.566	0.000
132.523	0.000
132.481	0.000
132.438	0.000
132.396	0.000
132.354	0.000
132.312	0.000
132.269	0.000
132.227	0.000
132.185	0.000
132.143	0.000
132.101	0.000
132.059	0.000
132.017	0.000
131.975	0.000
131.933	0.000
131.891	0.000
131.849	0.000
131.807	0.000
131.765	0.000
131.723	0.000
131.681	0.000
131.639	0.000
131.597	0.000
131.556	0.000
131.514	0.000
131.472	0.000
131.430	0.000
131.389	0.000
131.347	0.000
131.305	0.000
131.264	0.000
131.222	0.000
131.181	0.000
131.139	0.000
131.098	0.000
131.056	0.000
131.015	0.000
130.973	0.000
130.932	0.000
130.891	0.000
130.849	0.000
130.808	0.000
130.767	0.000
130.726	0.000
130.684	0.000
130.643	0.000
130.602	0.000
130.561	0.000
130.520	0.000
130.479	0.000
130.438	0.000
130.396	0.000
130.355	0.000
130.314	0.000
130.273	0.000
130.233	0.000
130.192	0.000
130.151	0.000
130.110	0.000
130.069	0.000
130.028	0.000
129.987	0.000
129.947	0.000
129.906	0.000
129.865	0.000
129.825	0.000
129.784	0.000
129.743	0.000
129.703	0.000
129.662	0.000
129.622	0.000
129.581	0.000
129.540	0.000
129.500	0.000
129.460	0.000
129.419	0.000
129.379	0.000
129.338	0.000
129.298	0.000
129.258	0.000
129.217	0.000
129.177	0.000
129.137	0.000
129.097	0.000
129.056	0.000
129.016	0.000
128.976	0.000
128.936	0.000
128.896	0.000
128.856	0.000
128.816	0.000
128.776	0.000
128.736	0.000
128.696	0.000
128.656	0.000
128.616	0.000
128.576	0.000
128.536	0.000
128.496	0.000
128.456	0.000
128.416	0.000
128.377	0.000
128.337	0.000
128.297	0.000
128.258	0.000
128.218	0.000
128.178	0.000
128.139	0.000
128.099	0.000
128.059	0.000
128.020	0.000
127.980	0.000
127.941	0.000
127.901	0.000
127.862	0.000
127.822	0.000
127.783	0.000
127.744	0.000
127.704	0.000
127.665	0.000
127.626	0.000
127.586	0.000
127.547	0.000
127.508	0.000
127.468	0.000
127.429	0.000
127.390	0.000
127.351	0.000
127.312	0.000
127.273	0.000
127.234	0.000
127.195	0.000
127.156	0.000
127.117	0.000
127.078	0.000
127.039	0.000
127.000	0.000
126.961	0.000
126.922	0.000
126.883	0.000
126.844	0.000
126.805	0.000
126.767	0.000
126.728	0.000
126.689	0.000
126.650	0.000
126.612	0.000
126.573	0.000
126.534	0.000
126.496	0.000
126.457	0.000
126.419	0.000
126.380	0.000
126.341	0.000
126.303	0.000
126.264	0.000
126.226	0.000
126.188	0.000
126.149	0.000
126.111	0.000
126.072	0.000
126.034	0.000
125.996	0.000
125.957	0.000
125.919	0.000
125.881	0.000
125.843	0.000
125.804	0.000
125.766	0.000
125.728	0.000
125.690	0.000
125.652	0.000
125.614	0.000
125.576	0.000
125.538	0.000
125.500	0.000
125.462	0.000
125.424	0.000
125.386	0.000
125.348	0.000
125.310	0.000
125.272	0.000
125.234	0.000
125.196	0.000
125.159	0.000
125.121	0.000
125.083	0.000
125.045	0.000
125.008	0.000
124.970	0.000
124.932	0.000
124.895	0.000
124.857	0.000
124.819	0.000
124.782	0.000
124.744	0.000
124.707	0.000
124.669	0.000
124.632	0.000
124.594	0.000
124.557	0.000
124.519	0.000
124.482	0.000
124.444	0.000
124.407	0.000
124.370	0.000
124.332	0.000
124.295	0.000
124.258	0.000
124.221	0.000
124.183	0.000
124.146	0.000
124.109	0.000
124.072	0.000
124.035	0.000
123.998	0.000
123.961	0.000
123.923	0.000
123.886	0.000
123.849	0.000
123.812	0.000
123.775	0.000
123.738	0.000
123.701	0.000
123.665	0.000
123.628	0.000
123.591	0.000
123.554	0.000
123.517	0.000
123.480	0.000
123.444	0.000
123.407	0.000
123.370	0.000
123.333	0.000
123.297	0.000
123.260	0.000
123.223	0.000
123.187	0.000
123.150	0.000
123.113	0.000
123.077	0.000
123.040	0.000
123.004	0.000
122.967	0.000
122.931	0.000
122.894	0.000
122.858	0.000
122.822	0.000
122.785	0.000
122.749	0.000
122.712	0.000
122.676	0.000
122.640	0.000
122.604	0.000
122.567	0.000
122.531	0.000
122.495	0.000
122.459	0.000
122.422	0.000
122.386	0.000
122.350	0.000
122.314	0.000
122.278	0.000
122.242	0.000
122.206	0.000
122.170	0.000
122.134	0.000
122.098	0.000
122.062	0.000
122.026	0.000
121.990	0.000
121.954	0.000
121.918	0.000
121.882	0.000
121.847	0.000
121.811	0.000
121.775	0.000
121.739	0.000
121.703	0.000
121.668	0.000
121.632	0.000
121.596	0.000
121.561	0.000
121.525	0.000
121.489	0.000
121.454	0.000
121.418	0.000
121.383	0.000
121.347	0.000
121.311	0.000
121.276	0.000
121.240	0.000
121.205	0.000
121.170	0.000
121.134	0.000
121.099	0.000
121.063	0.000
121.028	0.000
120.993	0.000
120.957	0.000
120.922	0.000
120.887	0.000
120.852	0.000
120.816	0.000
120.781	0.000
120.746	0.000
120.711	0.000
120.676	0.000
120.640	0.000
120.605	0.000
120.570	0.000
120.535	0.000
120.500	0.000
120.465	0.000
120.430	0.000
120.395	0.000
120.360	0.000
120.325	0.000
120.290	0.000
120.255	0.000
120.220	0.000
120.186	0.000
120.151	0.000
120.116	0.000
120.081	0.000
120.046	0.000
120.012	0.000
119.977	0.000
119.942	0.000
119.907	0.000
119.873	0.000
119.838	0.000
119.803	0.000
119.769	0.000
119.734	0.000
119.700	0.000
119.665	0.000
119.630	0.000
119.596	0.000
119.561	0.000
119.527	0.000
119.493	0.000
119.458	0.000
119.424	0.000
119.389	0.000
119.355	0.000
119.320	0.000
119.286	0.000
119.252	0.000
119.217	0.000
119.183	0.000
119.149	0.000
119.115	0.000
119.080	0.000
119.046	0.000
119.012	0.000
118.978	0.000
118.944	0.000
118.910	0.000
118.876	0.000
118.841	0.000
118.807	0.000
118.773	0.000
118.739	0.000
118.705	0.000
118.671	0.000
118.637	0.000
118.603	0.000
118.569	0.000
118.535	0.000
118.502	0.000
118.468	0.000
118.434	0.000
118.400	0.000
118.366	0.000
118.332	0.000
118.299	0.000
118.265	0.000
118.231	0.000
118.197	0.000
118.164	0.000
118.130	0.000
118.096	0.000
118.063	0.000
118.029	0.000
117.995	0.000
117.962	0.000
117.928	0.000
117.895	0.000
117.861	0.000
117.828	0.000
117.794	0.000
117.761	0.000
117.727	0.000
117.694	0.000
117.660	0.000
117.627	0.000
117.594	0.000
117.560	0.000
117.527	0.000
117.494	0.000
117.460	0.000
117.427	0.000
117.394	0.000
117.361	0.000
117.327	0.000
117.294	0.000
117.261	0.000
117.228	0.000
117.195	0.000
117.161	0.000
117.128	0.000
117.095	0.000
117.062	0.000
117.029	0.000
116.996	0.000
116.963	0.000
116.930	0.000
116.897	0.000
116.864	0.000
116.831	0.000
116.798	0.000
116.765	0.000
116.732	0.000
116.700	0.000
116.667	0.000
116.634	0.000
116.601	0.000
116.568	0.000
116.535	0.000
116.503	0.000
116.470	0.000
116.437	0.000
116.404	0.000
116.372	0.000
116.339	0.000
116.306	0.000
116.274	0.000
116.241	0.000
116.209	0.000
116.176	0.000
116.143	0.000
116.111	0.000
116.078	0.000
116.046	0.000
116.013	0.000
115.981	0.000
115.949	0.000
115.916	0.000
115.884	0.000
115.851	0.000
115.819	0.000
115.787	0.000
115.754	0.000
115.722	0.000
115.690	0.000
115.657	0.000
115.625	0.000
115.593	0.000
115.561	0.000
115.528	0.000
115.496	0.000
115.464	0.000
115.432	0.000
115.400	0.000
115.367	0.000
115.335	0.000
115.303	0.000
115.271	0.000
115.239	0.000
115.207	0.000
115.175	0.000
115.143	0.000
115.111	0.000
115.079	0.000
115.047	0.000
115.015	0.000
114.983	0.000
114.951	0.000
114.920	0.000
114.888	0.000
114.856	0.000
114.824	0.000
114.792	0.000
114.760	0.000
114.729	0.000
114.697	0.000
114.665	0.000
114.633	0.000
114.602	0.000
114.570	0.000
114.538	0.000
114.507	0.000
114.475	0.000
114.444	0.000
114.412	0.000
114.380	0.000
114.349	0.000
114.317	0.000
114.286	0.000
114.254	0.000
114.223	0.000
114.191	0.000
114.160	0.000
114.128	0.000
114.097	0.000
114.066	0.000
114.034	0.000
114.003	0.000
113.971	0.000
113.940	0.000
113.909	0.000
113.877	0.000
113.846	0.000
113.815	0.000
113.784	0.000
113.752	0.000
113.721	0.000
113.690	0.000
113.659	0.000
113.628	0.000
113.596	0.000
113.565	0.000
113.534	0.000
113.503	0.000
113.472	0.000
113.441	0.000
113.410	0.000
113.379	0.000
113.348	0.000
113.317	0.000
113.286	0.000
113.255	0.000
113.224	0.000
113.193	0.000
113.162	0.000
113.131	0.000
113.100	0.000
113.070	0.000
113.039	0.000
113.008	0.000
112.977	0.000
112.946	0.000
112.916	0.000
112.885	0.000
112.854	0.000
112.823	0.000
112.793	0.000
112.762	0.000
112.731	0.000
112.701	0.000
112.670	0.000
112.639	0.000
112.609	0.000
112.578	0.000
112.548	0.000
112.517	0.000
112.486	0.000
112.456	0.000
112.425	0.000
112.395	0.000
112.364	0.000
112.334	0.000
112.304	0.000
112.273	0.000
112.243	0.000
112.212	0.000
112.182	0.000
112.152	0.000
112.121	0.000
112.091	0.000
112.061	0.000
112.030	0.000
112.000	0.000
111.970	0.000
111.939	0.000
111.909	0.000
111.879	0.000
111.849	0.000
111.819	0.000
111.789	0.000
111.758	0.000
111.728	0.000
111.698	0.000
111.668	0.000
111.638	0.000
111.608	0.000
111.578	0.000
111.548	0.000
111.518	0.000
111.488	0.000
111.458	0.000
111.428	0.000
111.398	0.000
111.368	0.000
111.338	0.000
111.308	0.000
111.278	0.000
111.248	0.000
111.218	0.000
111.189	0.000
111.159	0.000
111.129	0.000
111.099	0.000
111.069	0.000
111.040	0.000
111.010	0.000
110.980	0.000
110.950	0.000
110.921	0.000
110.891	0.000
110.861	0.000
110.832	0.000
110.802	0.000
110.773	0.000
110.743	0.000
110.713	0.000
110.684	0.000
110.654	0.000
110.625	0.000
110.595	0.000
110.566	0.000
110.536	0.000
110.507	0.000
110.477	0.000
110.448	0.000
110.418	0.000
110.389	0.000
110.360	0.000
110.330	0.000
110.301	0.000
110.271	0.000
110.242	0.000
110.213	0.000
110.183	0.000
110.154	0.000
110.125	0.000
110.096	0.000
110.066	0.000
110.037	0.000
110.008	0.000
109.979	0.000
109.950	0.000
109.920	0.000
109.891	0.000
109.862	0.000
109.833	0.000
109.804	0.000
109.775	0.000
109.746	0.000
109.717	0.000
109.688	0.000
109.659	0.000
109.630	0.000
109.601	0.000
109.572	0.000
109.543	0.000
109.514	0.000
109.485	0.000
109.456	0.000
109.427	0.000
109.398	0.000
109.369	0.000
109.340	0.000
109.312	0.000
109.283	0.000
109.254	0.000
109.225	0.000
109.196	0.000
109.168	0.000
109.139	0.000
109.110	0.000
109.081	0.000
109.053	0.000
109.024	0.000
108.995	0.000
108.967	0.000
108.938	0.000
108.909	0.000
108.881	0.000
108.852	0.000
108.824	0.000
108.795	0.000
108.766	0.000
108.738	0.000
108.709	0.000
108.681	0.000
108.652	0.000
108.624	0.000
108.595	0.000
108.567	0.000
108.539	0.000
108.510	0.000
108.482	0.000
108.453	0.000
108.425	0.000
108.397	0.000
108.368	0.000
108.340	0.000
108.312	0.000
108.283	0.000
108.255	0.000
108.227	0.000
108.198	0.000
108.170	0.000
108.142	0.000
108.114	0.000
108.086	0.000
108.057	0.000
108.029	0.000
108.001	0.000
107.973	0.000
107.945	0.000
107.917	0.000
107.889	0.000
107.860	0.000
107.832	0.000
107.804	0.000
107.776	0.000
107.748	0.000
107.720	0.000
107.692	0.000
107.664	0.000
107.636	0.000
107.608	0.000
107.580	0.000
107.553	0.000
107.525	0.000
107.497	0.000
107.469	0.000
107.441	0.000
107.413	0.000
107.385	0.000
107.358	0.000
107.330	0.000
107.302	0.000
107.274	0.000
107.246	0.000
107.219	0.000
107.191	0.000
107.163	0.000
107.135	0.000
107.108	0.000
107.080	0.000
107.052	0.000
107.025	0.000
106.997	0.000
106.970	0.000
106.942	0.000
106.914	0.000
106.887	0.000
106.859	0.000
106.832	0.000
106.804	0.000
106.777	0.000
106.749	0.000
106.722	0.000
106.694	0.000
106.667	0.000
106.639	0.000
106.612	0.000
106.584	0.000
106.557	0.000
106.530	0.000
106.502	0.000
106.475	0.000
106.447	0.000
106.420	0.000
106.393	0.000
106.366	0.000
106.338	0.000
106.311	0.000
106.284	0.000
106.256	0.000
106.229	0.000
106.202	0.000
106.175	0.000
106.148	0.000
106.120	0.000
106.093	0.000
106.066	0.000
106.039	0.000
106.012	0.000
105.985	0.000
105.958	0.000
105.930	0.000
105.903	0.000
105.876	0.000
105.849	0.000
105.822	0.000
105.795	0.000
105.768	0.000
105.741	0.000
105.714	0.000
105.687	0.000
105.660	0.000
105.633	0.000
105.607	0.000
105.580	0.000
105.553	0.000
105.526	0.000
105.499	0.000
105.472	0.000
105.445	0.000
105.418	0.000
105.392	0.000
105.365	0.000
105.338	0.000
105.311	0.000
105.285	0.000
105.258	0.000
105.231	0.000
105.204	0.000
105.178	0.000
105.151	0.000
105.124	0.000
105.098	0.000
105.071	0.000
105.044	0.000
105.018	0.000
104.991	0.000
104.965	0.000
104.938	0.000
104.911	0.000
104.885	0.000
104.858	0.000
104.832	0.000
104.805	0.000
104.779	0.000
104.752	0.000
104.726	0.000
104.699	0.000
104.673	0.000
104.646	0.000
104.620	0.000
104.594	0.000
104.567	0.000
104.541	0.000
104.515	0.000
104.488	0.000
104.462	0.000
104.435	0.000
104.409	0.000
104.383	0.000
104.357	0.000
104.330	0.000
104.304	0.000
104.278	0.000
104.252	0.000
104.225	0.000
104.199	0.000
104.173	0.000
104.147	0.000
104.121	0.000
104.094	0.000
104.068	0.000
104.042	0.000
104.016	0.000
103.990	0.000
103.964	0.000
103.938	0.000
103.912	0.000
103.886	0.000
103.860	0.000
103.834	0.000
103.808	0.000
103.782	0.000
103.756	0.000
103.730	0.000
103.704	0.000
103.678	0.000
103.652	0.000
103.626	0.000
103.600	0.000
103.574	0.000
103.548	0.000
103.522	0.000
103.497	0.000
103.471	0.000
103.445	0.000
103.419	0.000
103.393	0.000
103.367	0.000
103.342	0.000
103.316	0.000
103.290	0.000
103.264	0.000
103.239	0.000
103.213	0.000
103.187	0.000
103.162	0.000
103.136	0.000
103.110	0.000
103.085	0.000
103.059	0.000
103.033	0.000
103.008	0.000
102.982	0.000
102.957	0.000
102.931	0.000
102.905	0.000
102.880	0.000
102.854	0.000
102.829	0.000
102.803	0.000
102.778	0.000
102.752	0.000
102.727	0.000
102.701	0.000
102.676	0.000
102.650	0.000
102.625	0.000
102.600	0.000
102.574	0.000
102.549	0.000
102.524	0.000
102.498	0.000
102.473	0.000
102.447	0.000
102.422	0.000
102.397	0.000
102.372	0.000
102.346	0.000
102.321	0.000
102.296	0.000
102.270	0.000
102.245	0.000
102.220	0.000
102.195	0.000
102.170	0.000
102.144	0.000
102.119	0.000
102.094	0.000
102.069	0.000
102.044	0.000
102.019	0.000
101.994	0.000
101.969	0.000
101.943	0.000
101.918	0.000
101.893	0.000
101.868	0.000
101.843	0.000
101.818	0.000
101.793	0.000
101.768	0.000
101.743	0.000
101.718	0.000
101.693	0.000
101.668	0.000
101.643	0.000
101.618	0.000
101.594	0.000
101.569	0.000
101.544	0.000
101.519	0.000
101.494	0.000
101.469	0.000
101.444	0.000
101.419	0.000
101.395	0.000
101.370	0.000
101.345	0.000
101.320	0.000
101.296	0.000
101.271	0.000
101.246	0.000
101.221	0.000
101.197	0.000
101.172	0.000
101.147	0.000
101.122	0.000
101.098	0.000
101.073	0.000
101.049	0.000
101.024	0.000
100.999	0.000
100.975	0.000
100.950	0.000
100.925	0.000
100.901	0.000
100.876	0.000
100.852	0.000
100.827	0.000
100.803	0.000
100.778	0.000
100.754	0.000
100.729	0.000
100.705	0.000
100.680	0.000
100.656	0.000
100.631	0.000
100.607	0.000
100.583	0.000
100.558	0.000
100.534	0.000
100.509	0.000
100.485	0.000
100.461	0.000
100.436	0.000
100.412	0.000
100.388	0.000
100.363	0.000
100.339	0.000
100.315	0.000
100.290	0.000
100.266	0.000
100.242	0.000
100.218	0.000
100.193	0.000
100.169	0.000
100.145	0.000
100.121	0.000
100.097	0.000
100.072	0.000
100.048	0.000
100.024	0.000
100.000	0.000
100.000	0.000
100.000	0.000
100.000	0.000
100.000	0.000
100.000	0.000
100.000	0.000
100.000	0.000
100.000	0.000
100.000	0.000
100.000	0.000
100.000	0.000
100.000	0.000
100.000	0.000
100.000	0.000
100.000	0.000
100.000	0.000
100.000	0.000
100.000	0.000
100.000	0.000
100.000	0.000
100.000	0.000
100.000	0.000
100.000	0.000
100.000	0.000
100.000	0.000
100.000	0.000
100.000	0.000
100.000	0.000
100.000	0.000
100.000	0.000
100.000	0.000
100.000	0.000
100.000	0.000
100.000	0.000
100.000	0.000
100.000	0.000
100.000	0.000
100.000	0.000
100.000	0.000
100.000	0.000
100.000	0.000
100.000	0.000
100.000	0.000
100.000	0.000
100.000	0.000
100.000	0.000
100.000	0.000
100.000	0.000
100.000	0.000
100.000	0.000
100.000	0.000
100.000	0.000
100.000	0.000
100.000	0.000
100.000	0.000
100.000	0.000
100.000	0.000
100.000	0.000
100.000	0.000
100.000	0.000
100.000	0.000
100.000	0.000
100.000	0.000
100.000	0.000
100.000	0.000
100.000	0.000
100.000	0.000
100.000	0.000
100.000	0.000
100.000	0.000
100.000	0.000
100.000	0.000
100.000	0.000
100.000	0.000
100.000	0.000
100.000	0.000
100.000	0.000
100.000	0.000
100.000	0.000
100.000	0.000
100.000	0.000
100.000	0.000
100.000	0.000
100.000	0.000
100.000	0.000
100.000	0.000
100.000	0.000
100.000	0.000
100.000	0.000
100.000	0.000
100.000	0.000
100.000	0.000
100.000	0.000
100.000	0.000
100.000	0.000
100.000	0.000
100.000	0.000
100.000	0.000
100.000	0.000
100.000	0.000
100.000	0.000
100.000	0.000
100.000	0.000
100.000	0.000
100.000	0.000
100.000	0.000
100.000	0.000
100.000	0.000
100.000	0.000
100.000	0.000
100.000	0.000
100.000	0.000
100.000	0.000
100.000	0.000
100.000	0.000
100.000	0.000
100.000	0.000
100.000	0.000
100.000	0.000
100.000	0.000
100.000	0.000
100.000	0.000
100.000	0.000
100.000	0.000
100.000	0.000
100.000	0.000
100.000	0.000
100.000	0.000
100.000	0.000
100.000	0.000
100.000	0.000
100.000	0.000
100.000	0.000
100.000	0.000
100.000	0.000
100.000	0.000
100.000	0.000
100.000	0.000
100.000	0.000
100.000	0.000
100.000	0.000
100.000	0.000
100.000	0.000
100.000	0.000
100.000	0.000
100.000	0.000
100.000	0.000
100.000	0.000
100.000	0.000
100.000	0.000
100.000	0.000
100.000	0.000
100.000	0.000
100.000	0.000
100.000	0.000
100.000	0.000
100.000	0.000
100.000	0.000
100.000	0.000
100.000	0.000
100.000	0.000
100.000	0.000
100.000	0.000
100.000	0.000
100.000	0.000
100.000	0.000
100.000	0.000
100.000	0.000
100.000	0.000
100.000	0.000
100.000	0.000
100.000	0.000
100.000	0.000
100.000	0.000
100.000	0.000
100.000	0.000
100.000	0.000
100.000	0.000
100.000	0.000
100.000	0.000
100.000	0.000
100.000	0.000
100.000	0.000
100.000	0.000
100.000	0.000
100.000	0.000
100.000	0.000
100.000	0.000
100.000	0.000
100.000	0.000
100.000	0.000
100.000	0.000
100.000	0.000
100.000	0.000
100.000	0.000
100.000	0.000
100.000	0.000
100.000	0.000
100.000	0.000
100.000	0.000
100.000	0.000
100.000	0.000
100.000	0.000
100.000	0.000
100.000	0.000
100.000	0.000
100.000	0.000
100.000	0.000
100.000	0.000
100.000	0.000
100.000	0.000
100.000	0.000
100.000	0.000
100.000	0.000
100.000	0.000
100.000	0.000
100.000	0.000
100.000	0.000
100.000	0.000
100.000	0.000
100.000	0.000
100.000	0.000
100.000	0.000
100.000	0.000
100.000	0.000
100.000	0.000
100.000	0.000
100.000	0.000
100.000	0.000
100.000	0.000
100.000	0.000
100.000	0.000
100.000	0.000
100.000	0.000
100.000	0.000
100.000	0.000
100.000	0.000
100.000	0.000
100.000	0.000
100.000	0.000
100.000	0.000
100.000	0.000
100.000	0.000
100.000	0.000
100.000	0.000
100.000	0.000
100.000	0.000
100.000	0.000
100.000	0.000
100.000	0.000
100.000	0.000
100.000	0.000
100.000	0.000
100.000	0.000
100.000	0.000
100.000	0.000
100.000	0.000
100.000	0.000
100.000	0.000
100.000	0.000
100.000	0.000
100.000	0.000
100.000	0.000
100.000	0.000
100.000	0.000
100.000	0.000
100.000	0.000
100.000	0.000
100.000	0.000
100.000	0.000
100.000	0.000
100.000	0.000
100.000	0.000
100.000	0.000
100.000	0.000
100.000	0.000
100.000	0.000
100.000	0.000
100.000	0.000
100.000	0.000
100.000	0.000
100.000	0.000
100.000	0.000
100.000	0.000
100.000	0.000
100.000	0.000
100.000	0.000
100.000	0.000
100.000	0.000
100.000	0.000
100.000	0.000
100.000	0.000
100.000	0.000
100.000	0.000
100.000	0.000
100.000	0.000
100.000	0.000
100.000	0.000
100.000	0.000
100.000	0.000
100.000	0.000
100.000	0.000
100.000	0.000
100.000	0.000
100.000	0.000
100.000	0.000
100.000	0.000
100.000	0.000
100.000	0.000
100.000	0.000
100.000	0.000
100.000	0.000
100.000	0.000
100.000	0.000
100.000	0.000
100.000	0.000
100.000	0.000
100.000	0.000
100.000	0.000
100.000	0.000
100.000	0.000
100.000	0.000
100.000	0.000
100.000	0.000
100.000	0.000
100.000	0.000
100.000	0.000
100.000	0.000
100.000	0.000
100.000	0.000
100.000	0.000
100.000	0.000
100.000	0.000
100.000	0.000
100.000	0.000
100.000	0.000
100.000	0.000
100.000	0.000
100.000	0.000
100.000	0.000
100.000	0.000
100.000	0.000
100.000	0.000
100.000	0.000
100.000	0.000
100.000	0.000
100.000	0.000
100.000	0.000
100.000	0.000
100.000	0.000
100.000	0.000
100.000	0.000
100.000	0.000
100.000	0.000
100.000	0.000
100.000	0.000
100.000	0.000
100.000	0.000
100.000	0.000
100.000	0.000
100.000	0.000
100.000	0.000
100.000	0.000
100.000	0.000
100.000	0.000
100.000	0.000
100.000	0.000
100.000	0.000
100.000	0.000
100.000	0.000
100.000	0.000
100.000	0.000
100.000	0.000
100.000	0.000
100.000	0.000
100.000	0.000
100.000	0.000
100.000	0.000
100.000	0.000
100.000	0.000
100.000	0.000
100.000	0.000
100.000	0.000
100.000	0.000
100.000	0.000
100.000	0.000
100.000	0.000
100.000	0.000
100.000	0.000
100.000	0.000
100.000	0.000
100.000	0.000
100.000	0.000
100.000	0.000
100.000	0.000
100.000	0.000
100.000	0.000
100.000	0.000
100.000	0.000
100.000	0.000
100.000	0.000
100.000	0.000
100.000	0.000
100.000	0.000
100.000	0.000
100.000	0.000
100.000	0.000
100.000	0.000
100.000	0.000
100.000	0.000
100.000	0.000
100.000	0.000
100.000	0.000
100.000	0.000
100.000	0.000
100.000	0.000
100.000	0.000
100.000	0.000
100.000	0.000
100.000	0.000
100.000	0.000
100.000	0.000
100.000	0.000
100.000	0.000
100.000	0.000
100.000	0.000
100.000	0.000
100.000	0.000
100.000	0.000
100.000	0.000
100.000	0.000
100.000	0.000
100.000	0.000
100.000	0.000
100.000	0.000
100.000	0.000
100.000	0.000
100.000	0.000
100.000	0.000
100.000	0.000
100.000	0.000
100.000	0.000
100.000	0.000
100.000	0.000
100.000	0.000
100.000	0.000
100.000	0.000
100.000	0.000
100.000	0.000
100.000	0.000
100.000	0.000
100.000	0.000
100.000	0.000
100.000	0.000
100.000	0.000
100.000	0.000
100.000	0.000
100.000	0.000
100.000	0.000
100.000	0.000
100.000	0.000
100.000	0.000
100.000	0.000
100.000	0.000
100.000	0.000
100.000	0.000
100.000	0.000
100.000	0.000
100.000	0.000
100.000	0.000
100.000	0.000
100.000	0.000
100.000	0.000
100.000	0.000
100.000	0.000
100.000	0.000
100.000	0.000
100.000	0.000
100.000	0.000
100.000	0.000
100.000	0.000
100.000	0.000
100.000	0.000
100.000	0.000
100.000	0.000
100.000	0.000
100.000	0.000
100.000	0.000
100.000	0.000
100.000	0.000
100.000	0.000
100.000	0.000
100.000	0.000
100.000	0.000
100.000	0.000
100.000	0.000
100.000	0.000
100.000	0.000
100.000	0.000
100.000	0.000
100.000	0.000
100.000	0.000
100.000	0.000
100.000	0.000
100.000	0.000
100.000	0.000
100.000	0.000
100.000	0.000
100.000	0.000
100.000	0.000
100.000	0.000
100.000	0.000
100.000	0.000
100.000	0.000
100.000	0.000
100.000	0.000
100.000	0.000
100.000	0.000
100.000	0.000
100.000	0.000
100.000	0.000
100.000	0.000
100.000	0.000
100.000	0.000
100.000	0.000
100.000	0.000
100.000	0.000
100.000	0.000
100.000	0.000
100.000	0.000
100.000	0.000
100.000	0.000
100.000	0.000
100.000	0.000
100.000	0.000
100.000	0.000
100.000	0.000
100.000	0.000
100.000	0.000
100.000	0.000
100.000	0.000
100.000	0.000
100.000	0.000
100.000	0.000
100.000	0.000
100.000	0.000
100.000	0.000
100.000	0.000
100.000	0.000
100.000	0.000
100.000	0.000
100.000	0.000
100.000	0.000
100.000	0.000
100.000	0.000
100.000	0.000
100.000	0.000
100.000	0.000
100.000	0.000
100.000	0.000
100.000	0.000
100.000	0.000
100.000	0.000
100.000	0.000
100.000	0.000
100.000	0.000
100.000	0.000
100.000	0.000
100.000	0.000
100.000	0.000
100.000	0.000
100.000	0.000
100.000	0.000
100.000	0.000
100.000	0.000
100.000	0.000
100.000	0.000
100.000	0.000
100.000	0.000
100.000	0.000
100.000	0.000
100.000	0.000
100.000	0.000
100.000	0.000
100.000	0.000
100.000	0.000
100.000	0.000
100.000	0.000
100.000	0.000
100.000	0.000
100.000	0.000
100.000	0.000
100.000	0.000
100.000	0.000
100.000	0.000
100.000	0.000
100.000	0.000
100.000	0.000
100.000	0.000
100.000	0.000
100.000	0.000
100.000	0.000
100.000	0.000
100.000	0.000
100.000	0.000
100.000	0.000
100.000	0.000
100.000	0.000
100.000	0.000
100.000	0.000
100.000	0.000
100.000	0.000
100.000	0.000
100.000	0.000
100.000	0.000
100.000	0.000
100.000	0.000
100.000	0.000
100.000	0.000
100.000	0.000
100.000	0.000
100.000	0.000
100.000	0.000
100.000	0.000
100.000	0.000
100.000	0.000
100.000	0.000
100.000	0.000
100.000	0.000
100.000	0.000
100.000	0.000
100.000	0.000
100.000	0.000
100.000	0.000
100.000	0.000
100.000	0.000
100.000	0.000
100.000	0.000
100.000	0.000
100.000	0.000
100.000	0.000
100.000	0.000
100.000	0.000
100.000	0.000
100.000	0.000
100.000	0.000
100.000	0.000
100.000	0.000
100.000	0.000
100.000	0.000
100.000	0.000
100.000	0.000
100.000	0.000
100.000	0.000
100.000	0.000
100.000	0.000
100.000	0.000
100.000	0.000
100.000	0.000
100.000	0.000
100.000	0.000
100.000	0.000
100.000	0.000
100.000	0.000
100.000	0.000
100.000	0.000
100.000	0.000
100.000	0.000
100.000	0.000
100.000	0.000
100.000	0.000
100.000	0.000
100.000	0.000
100.000	0.000
100.000	0.000
100.000	0.000
100.000	0.000
100.000	0.000
100.000	0.000
100.000	0.000
100.000	0.000
100.000	0.000
100.000	0.000
100.000	0.000
100.000	0.000
100.000	0.000
100.000	0.000
100.000	0.000
100.000	0.000
100.000	0.000
100.000	0.000
100.000	0.000
100.000	0.000
100.000	0.000
100.000	0.000
100.000	0.000
100.000	0.000
100.000	0.000
100.000	0.000
100.000	0.000
100.000	0.000
100.000	0.000
100.000	0.000
100.000	0.000
100.000	0.000
100.000	0.000
100.000	0.000
100.000	0.000
100.000	0.000
100.000	0.000
100.000	0.000
100.000	0.000
100.000	0.000
100.000	0.000
100.000	0.000
100.000	0.000
100.000	0.000
100.000	0.000
100.000	0.000
100.000	0.000
100.000	0.000
100.000	0.000
100.000	0.000
100.000	0.000
100.000	0.000
100.000	0.000
100.000	0.000
100.000	0.000
100.000	0.000
100.000	0.000
100.000	0.000
100.000	0.000
100.000	0.000
100.000	0.000
100.000	0.000
100.000	0.000
100.000	0.000
100.000	0.000
100.000	0.000
100.000	0.000
100.000	0.000
100.000	0.000
100.000	0.000
100.000	0.000
100.000	0.000
100.000	0.000
100.000	0.000
100.000	0.000
100.000	0.000
100.000	0.000
100.000	0.000
100.000	0.000
100.000	0.000
100.000	0.000
100.000	0.000
100.000	0.000
100.000	0.000
100.000	0.000
100.000	0.000
100.000	0.000
100.000	0.000
100.000	0.000
100.000	0.000
100.000	0.000
100.000	0.000
100.000	0.000
100.000	0.000
100.000	0.000
100.000	0.000
100.000	0.000
100.000	0.000
100.000	0.000
100.000	0.000
100.000	0.000
100.000	0.000
100.000	0.000
100.000	0.000
100.000	0.000
100.000	0.000
100.000	0.000
100.000	0.000
100.000	0.000
100.000	0.000
100.000	0.000
100.000	0.000
100.000	0.000
100.000	0.000
100.000	0.000
100.000	0.000
100.000	0.000
100.000	0.000
100.000	0.000
100.000	0.000
100.000	0.000
100.000	0.000
100.000	0.000
100.000	0.000
100.000	0.000
100.000	0.000
100.000	0.000
100.000	0.000
100.000	0.000
100.000	0.000
100.000	0.000
100.000	0.000
100.000	0.000
100.000	0.000
100.000	0.000
100.000	0.000
100.000	0.000
100.000	0.000
100.000	0.000
100.000	0.000
100.000	0.000
100.000	0.000
100.000	0.000
100.000	0.000
100.000	0.000
100.000	0.000
100.000	0.000
100.000	0.000
100.000	0.000
100.000	0.000
100.000	0.000
100.000	0.000
100.000	0.000
100.000	0.000
100.000	0.000
100.000	0.000
100.000	0.000
100.000	0.000
100.000	0.000
100.000	0.000
100.000	0.000
100.000	0.000
100.000	0.000
100.000	0.000
100.000	0.000
100.000	0.000
100.000	0.000
100.000	0.000
100.000	0.000
100.000	0.000
100.000	0.000
100.000	0.000
100.000	0.000
100.000	0.000
100.000	0.000
100.000	0.000
100.000	0.000
100.000	0.000
100.000	0.000
100.000	0.000
100.000	0.000
100.000	0.000
