0.000	-0.021
2.000	-0.022
4.000	-0.023
6.000	-0.023
8.000	-0.024
10.000	-0.024
12.000	-0.025
14.000	-0.026
16.000	-0.026
18.000	-0.027
20.000	-0.027
22.000	-0.028
24.000	-0.025
26.000	-0.007
28.000	0.006
30.000	0.031
32.000	0.016
34.000	0.021
36.000	0.062
38.000	0.055
40.000	0.048
42.000	0.053
44.000	0.034
46.000	0.027
48.000	0.035
50.000	0.013
52.000	0.010
54.000	0.007
56.000	0.003
58.000	0.000
60.000	-0.027
62.000	-0.026
64.000	0.055
66.000	0.056
68.000	0.049
70.000	0.042
72.000	0.014
74.000	0.018
76.000	0.003
78.000	-0.046
80.000	-0.082
82.000	-0.064
84.000	-0.031
86.000	-0.042
88.000	-0.000
90.000	0.054
92.000	0.052
94.000	0.078
96.000	0.051
98.000	0.007
100.000	0.028
102.000	-0.012
104.000	-0.005
106.000	-0.064
108.000	-0.072
110.000	-0.050
112.000	-0.043
114.000	0.019
116.000	0.008
118.000	0.074
120.000	0.066
122.000	0.031
124.000	0.075
126.000	0.063
128.000	0.051
130.000	-0.025
132.000	-0.007
134.000	-0.015
136.000	-0.011
138.000	-0.063
140.000	-0.052
142.000	-0.012
144.000	0.022
146.000	0.014
148.000	0.082
150.000	0.064
152.000	0.045
154.000	0.060
156.000	-0.022
158.000	0.008
160.000	-0.017
162.000	-0.025
164.000	-0.047
166.000	-0.048
168.000	-0.006
170.000	0.014
172.000	0.018
174.000	0.038
176.000	0.067
178.000	0.037
180.000	0.029
182.000	0.026
184.000	-0.009
186.000	0.013
188.000	-0.048
190.000	-0.058
192.000	-0.030
194.000	0.002
196.000	0.004
198.000	0.036
200.000	0.032
202.000	0.047
204.000	0.045
206.000	0.072
208.000	0.028
210.000	0.005
212.000	-0.001
214.000	-0.032
216.000	-0.028
218.000	-0.038
220.000	-0.107
222.000	-0.041
224.000	-0.004
226.000	-0.030
228.000	0.004
230.000	0.019
232.000	0.069
234.000	0.072
236.000	0.065
238.000	0.029
240.000	-0.027
242.000	-0.015
244.000	-0.028
246.000	-0.003
248.000	-0.038
250.000	-0.009
252.000	0.037
254.000	-0.046
256.000	-0.014
258.000	0.033
260.000	0.008
262.000	0.021
264.000	0.011
266.000	0.021
268.000	0.019
270.000	-0.020
272.000	-0.024
274.000	-0.054
276.000	-0.028
278.000	-0.028
280.000	-0.000
282.000	0.005
284.000	0.005
286.000	0.009
288.000	0.062
290.000	0.036
292.000	0.034
294.000	-0.001
296.000	0.020
298.000	-0.009
300.000	0.023
302.000	-0.043
304.000	0.006
306.000	-0.016
308.000	0.016
310.000	0.003
312.000	0.047
314.000	0.026
316.000	0.009
318.000	0.004
320.000	0.021
322.000	0.025
324.000	-0.021
326.000	0.001
328.000	0.001
330.000	-0.027
332.000	-0.016
334.000	-0.009
336.000	-0.003
338.000	-0.023
340.000	0.001
342.000	0.007
344.000	0.014
346.000	0.004
348.000	0.022
350.000	-0.008
352.000	0.023
354.000	-0.010
356.000	-0.008
358.000	0.006
360.000	-0.026
362.000	-0.007
364.000	0.029
366.000	0.004
368.000	0.044
370.000	0.031
372.000	-0.004
374.000	-0.014
376.000	-0.003
378.000	-0.039
380.000	-0.053
382.000	-0.002
384.000	-0.031
386.000	-0.026
388.000	-0.044
390.000	0.010
392.000	-0.015
394.000	0.045
396.000	0.059
398.000	0.041
400.000	-0.002
402.000	0.011
404.000	0.049
406.000	0.030
408.000	-0.020
410.000	0.024
412.000	-0.021
414.000	0.005
416.000	0.028
418.000	0.020
420.000	-0.000
422.000	0.002
424.000	0.017
426.000	-0.026
428.000	-0.016
430.000	0.026
432.000	0.015
434.000	0.011
436.000	0.009
438.000	0.013
440.000	0.005
442.000	0.007
444.000	-0.014
446.000	-0.042
448.000	0.022
450.000	-0.004
452.000	0.021
454.000	0.021
456.000	0.018
458.000	0.011
460.000	-0.009
462.000	-0.033
464.000	-0.018
466.000	-0.026
468.000	0.024
470.000	-0.026
472.000	0.019
474.000	0.008
476.000	0.018
478.000	0.024
480.000	-0.038
482.000	-0.002
484.000	-0.005
486.000	-0.002
488.000	-0.008
490.000	-0.012
492.000	0.029
494.000	0.009
496.000	0.018
498.000	0.021
500.000	-0.064
502.000	-0.004
504.000	-0.007
506.000	0.018
508.000	0.011
510.000	0.006
512.000	-0.009
514.000	-0.011
516.000	-0.004
518.000	0.027
520.000	0.003
522.000	0.005
524.000	-0.003
526.000	0.001
528.000	-0.002
530.000	-0.026
532.000	0.068
534.000	0.026
536.000	0.001
538.000	-0.039
540.000	-0.018
542.000	-0.020
544.000	0.009
546.000	0.022
548.000	0.019
550.000	-0.005
552.000	0.018
554.000	-0.040
556.000	-0.023
558.000	0.003
560.000	-0.010
562.000	-0.010
564.000	-0.001
566.000	-0.000
568.000	-0.009
570.000	-0.026
572.000	-0.050
574.000	-0.036
576.000	-0.031
578.000	0.010
580.000	0.035
582.000	-0.006
584.000	-0.008
586.000	-0.009
588.000	-0.036
590.000	-0.013
592.000	-0.001
594.000	0.008
596.000	0.006
598.000	-0.037
600.000	-0.031
602.000	-0.000
604.000	0.055
606.000	0.030
608.000	0.012
610.000	0.011
612.000	-0.001
614.000	0.021
616.000	-0.001
618.000	-0.028
620.000	-0.006
622.000	0.029
624.000	0.039
626.000	0.005
628.000	-0.025
630.000	-0.016
632.000	-0.001
634.000	0.011
636.000	0.032
638.000	0.012
640.000	0.019
642.000	0.026
644.000	0.002
646.000	0.045
648.000	0.023
650.000	-0.003
652.000	-0.015
654.000	-0.001
656.000	-0.009
658.000	0.009
660.000	-0.023
662.000	0.003
664.000	0.010
666.000	-0.033
668.000	-0.019
670.000	0.016
672.000	0.019
674.000	0.005
676.000	-0.010
678.000	0.004
680.000	-0.002
682.000	0.001
684.000	-0.032
686.000	0.013
688.000	0.026
690.000	0.013
692.000	0.003
694.000	0.037
696.000	0.050
698.000	0.045
700.000	0.005
702.000	-0.004
704.000	0.021
706.000	-0.002
708.000	0.012
710.000	-0.007
712.000	0.016
714.000	0.034
716.000	-0.010
718.000	0.003
720.000	0.007
722.000	0.028
724.000	0.005
726.000	0.003
728.000	0.027
730.000	0.011
732.000	-0.006
734.000	-0.036
736.000	-0.045
738.000	-0.015
740.000	0.021
742.000	0.064
744.000	-0.044
746.000	0.001
748.000	0.011
750.000	-0.030
752.000	-0.046
754.000	0.001
756.000	0.012
758.000	-0.019
760.000	0.019
762.000	0.016
764.000	-0.002
766.000	-0.007
768.000	0.022
770.000	0.044
772.000	0.052
774.000	0.072
776.000	0.050
778.000	0.037
780.000	0.040
782.000	-0.037
784.000	-0.015
786.000	-0.020
788.000	-0.021
790.000	0.008
792.000	-0.017
794.000	0.053
796.000	0.028
798.000	0.015
800.000	0.008
802.000	0.011
804.000	0.025
806.000	0.034
808.000	-0.063
810.000	-0.097
812.000	-0.028
814.000	-0.010
816.000	-0.054
818.000	-0.029
820.000	0.004
822.000	0.023
824.000	-0.005
826.000	0.031
828.000	0.008
830.000	-0.009
832.000	0.029
834.000	0.022
836.000	-0.052
838.000	-0.091
840.000	-0.068
842.000	-0.033
844.000	-0.013
846.000	-0.025
848.000	0.043
850.000	0.025
852.000	0.028
854.000	0.053
856.000	0.042
858.000	0.029
860.000	-0.026
862.000	0.010
864.000	-0.025
866.000	-0.082
868.000	-0.039
870.000	-0.007
872.000	-0.003
874.000	-0.005
876.000	0.025
878.000	0.050
880.000	0.034
882.000	0.029
884.000	0.018
886.000	0.005
888.000	-0.021
890.000	-0.046
892.000	-0.065
894.000	-0.074
896.000	-0.039
898.000	0.006
900.000	0.029
902.000	0.024
904.000	0.039
906.000	0.073
908.000	0.089
910.000	0.073
912.000	-0.010
914.000	-0.047
916.000	-0.065
918.000	-0.039
920.000	-0.077
922.000	-0.042
924.000	-0.036
926.000	-0.028
928.000	0.000
930.000	0.043
932.000	0.053
934.000	0.053
936.000	0.058
938.000	0.023
940.000	-0.024
942.000	-0.076
944.000	-0.068
946.000	-0.050
948.000	-0.048
950.000	-0.030
952.000	0.002
954.000	0.049
956.000	0.085
958.000	0.124
960.000	0.079
962.000	0.029
964.000	0.015
966.000	-0.003
968.000	-0.055
970.000	-0.112
972.000	-0.121
974.000	-0.119
976.000	-0.076
978.000	-0.068
980.000	-0.025
982.000	0.073
984.000	0.085
986.000	0.082
988.000	0.072
990.000	0.042
992.000	-0.007
994.000	-0.051
996.000	-0.091
998.000	-0.116
1000.000	-0.109
1002.000	-0.049
1004.000	-0.016
1006.000	0.059
1008.000	0.100
1010.000	0.108
1012.000	0.116
1014.000	0.085
1016.000	0.074
1018.000	0.015
1020.000	-0.042
1022.000	-0.098
1024.000	-0.135
1026.000	-0.135
1028.000	-0.112
1030.000	-0.060
1032.000	0.053
1034.000	0.103
1036.000	0.150
1038.000	0.171
1040.000	0.143
1042.000	0.086
1044.000	0.033
1046.000	-0.075
1048.000	-0.146
1050.000	-0.169
1052.000	-0.253
1054.000	-0.188
1056.000	-0.047
1058.000	0.009
1060.000	0.084
1062.000	0.158
1064.000	0.221
1066.000	0.206
1068.000	0.181
1070.000	0.079
1072.000	-0.026
1074.000	-0.145
1076.000	-0.218
1078.000	-0.216
1080.000	-0.180
1082.000	-0.114
1084.000	0.001
1086.000	0.037
1088.000	0.182
1090.000	0.245
1092.000	0.284
1094.000	0.172
1096.000	0.044
1098.000	0.025
1100.000	-0.137
1102.000	-0.234
1104.000	-0.275
1106.000	-0.223
1108.000	-0.178
1110.000	-0.093
1112.000	0.019
1114.000	0.203
1116.000	0.295
1118.000	0.302
1120.000	0.276
1122.000	0.159
1124.000	0.017
1126.000	-0.123
1128.000	-0.269
1130.000	-0.331
1132.000	-0.343
1134.000	-0.262
1136.000	-0.122
1138.000	-0.003
1140.000	0.190
1142.000	0.311
1144.000	0.397
1146.000	0.407
1148.000	0.262
1150.000	0.091
1152.000	-0.176
1154.000	-0.300
1156.000	-0.419
1158.000	-0.423
1160.000	-0.429
1162.000	-0.262
1164.000	0.014
1166.000	0.212
1168.000	0.347
1170.000	0.484
1172.000	0.569
1174.000	0.368
1176.000	0.167
1178.000	-0.096
1180.000	-0.294
1182.000	-0.492
1184.000	-0.538
1186.000	-0.509
1188.000	-0.274
1190.000	-0.075
1192.000	0.180
1194.000	0.455
1196.000	0.593
1198.000	0.615
1200.000	0.542
1202.000	0.369
1204.000	0.056
1206.000	-0.174
1208.000	-0.558
1210.000	-0.656
1212.000	-0.616
1214.000	-0.505
1216.000	-0.215
1218.000	0.079
1220.000	0.391
1222.000	0.679
1224.000	0.749
1226.000	0.663
1228.000	0.464
1230.000	0.161
1232.000	-0.215
1234.000	-0.598
1236.000	-0.777
1238.000	-0.750
1240.000	-0.618
1242.000	-0.398
1244.000	-0.067
1246.000	0.362
1248.000	0.669
1250.000	0.881
1252.000	0.867
1254.000	0.623
1256.000	0.313
1258.000	-0.070
1260.000	-0.466
1262.000	-0.799
1264.000	-0.930
1266.000	-0.914
1268.000	-0.735
1270.000	-0.320
1272.000	0.164
1274.000	0.608
1276.000	0.910
1278.000	1.052
1280.000	0.899
1282.000	0.682
1284.000	0.299
1286.000	-0.310
1288.000	-0.750
1290.000	-0.994
1292.000	-1.065
1294.000	-0.854
1296.000	-0.510
1298.000	-0.109
1300.000	0.370
1302.000	0.910
1304.000	1.126
1306.000	1.140
1308.000	0.909
1310.000	0.455
1312.000	-0.035
1314.000	-0.491
1316.000	-0.905
1318.000	-1.155
1320.000	-1.141
1322.000	-0.834
1324.000	-0.328
1326.000	0.198
1328.000	0.693
1330.000	1.029
1332.000	1.203
1334.000	1.175
1336.000	0.829
1338.000	0.289
1340.000	-0.276
1342.000	-0.779
1344.000	-1.164
1346.000	-1.254
1348.000	-1.102
1350.000	-0.762
1352.000	-0.217
1354.000	0.405
1356.000	0.886
1358.000	1.249
1360.000	1.344
1362.000	1.205
1364.000	0.775
1366.000	0.022
1368.000	-0.555
1370.000	-1.009
1372.000	-1.307
1374.000	-1.313
1376.000	-1.150
1378.000	-0.931
1380.000	0.004
1382.000	0.558
1384.000	1.042
1386.000	1.296
1388.000	1.305
1390.000	1.021
1392.000	0.405
1394.000	-0.089
1396.000	-0.589
1398.000	-1.055
1400.000	-1.274
1402.000	-1.219
1404.000	-0.908
1406.000	-0.445
1408.000	0.144
1410.000	0.779
1412.000	1.193
1414.000	1.283
1416.000	1.180
1418.000	0.833
1420.000	0.343
1422.000	-0.203
1424.000	-0.754
1426.000	-1.132
1428.000	-1.283
1430.000	-1.146
1432.000	-0.800
1434.000	-0.274
1436.000	0.179
1438.000	0.717
1440.000	1.082
1442.000	1.163
1444.000	1.009
1446.000	0.722
1448.000	0.265
1450.000	-0.276
1452.000	-0.717
1454.000	-0.977
1456.000	-1.079
1458.000	-0.881
1460.000	-0.606
1462.000	-0.172
1464.000	0.315
1466.000	0.677
1468.000	0.929
1470.000	0.956
1472.000	0.927
1474.000	0.637
1476.000	0.143
1478.000	-0.292
1480.000	-0.652
1482.000	-0.877
1484.000	-0.891
1486.000	-0.805
1488.000	-0.576
1490.000	-0.143
1492.000	0.288
1494.000	0.616
1496.000	0.707
1498.000	0.786
1500.000	0.646
1502.000	0.424
1504.000	0.144
1506.000	-0.273
1508.000	-0.531
1510.000	-0.659
1512.000	-0.640
1514.000	-0.553
1516.000	-0.325
1518.000	-0.046
1520.000	0.116
1522.000	0.458
1524.000	0.569
1526.000	0.520
1528.000	0.398
1530.000	0.251
1532.000	0.043
1534.000	-0.203
1536.000	-0.313
1538.000	-0.433
1540.000	-0.443
1542.000	-0.311
1544.000	-0.132
1546.000	0.024
1548.000	0.214
1550.000	0.352
1552.000	0.367
1554.000	0.298
1556.000	0.230
1558.000	0.100
1560.000	-0.037
1562.000	-0.142
1564.000	-0.240
1566.000	-0.277
1568.000	-0.211
1570.000	-0.137
1572.000	0.014
1574.000	0.080
1576.000	0.196
1578.000	0.243
1580.000	0.190
1582.000	0.182
1584.000	0.026
1586.000	-0.004
1588.000	-0.083
1590.000	-0.168
1592.000	-0.158
1594.000	-0.143
1596.000	-0.107
1598.000	-0.010
1600.000	0.042
1602.000	0.101
1604.000	0.112
1606.000	0.138
1608.000	0.110
1610.000	0.059
1612.000	0.029
1614.000	-0.054
1616.000	-0.089
1618.000	-0.094
1620.000	-0.065
1622.000	-0.066
1624.000	-0.051
1626.000	0.041
1628.000	0.096
1630.000	0.104
1632.000	0.063
1634.000	0.045
1636.000	0.035
1638.000	0.015
1640.000	-0.039
1642.000	-0.079
1644.000	-0.083
1646.000	-0.099
1648.000	-0.047
1650.000	-0.016
1652.000	0.029
1654.000	0.054
1656.000	0.087
1658.000	0.092
1660.000	0.090
1662.000	0.028
1664.000	-0.051
1666.000	-0.062
1668.000	-0.082
1670.000	-0.082
1672.000	-0.084
1674.000	-0.066
1676.000	0.007
1678.000	0.052
1680.000	0.068
1682.000	0.087
1684.000	0.088
1686.000	0.034
1688.000	0.010
1690.000	-0.021
1692.000	-0.074
1694.000	-0.071
1696.000	-0.052
1698.000	-0.037
1700.000	-0.033
1702.000	0.029
1704.000	0.039
1706.000	0.037
1708.000	0.054
1710.000	0.068
1712.000	0.040
1714.000	-0.011
1716.000	-0.016
1718.000	-0.008
1720.000	-0.021
1722.000	-0.019
1724.000	-0.037
1726.000	-0.048
1728.000	-0.010
1730.000	0.011
1732.000	0.054
1734.000	0.075
1736.000	0.076
1738.000	0.039
1740.000	0.025
1742.000	0.014
1744.000	0.011
1746.000	-0.017
1748.000	-0.031
1750.000	-0.037
1752.000	-0.044
1754.000	0.039
1756.000	0.025
1758.000	0.031
1760.000	0.033
1762.000	0.060
1764.000	0.045
1766.000	0.038
1768.000	0.002
1770.000	-0.013
1772.000	-0.004
1774.000	-0.029
1776.000	-0.072
1778.000	-0.022
1780.000	0.019
1782.000	0.006
1784.000	0.054
1786.000	0.053
1788.000	0.030
1790.000	0.066
1792.000	0.060
1794.000	-0.011
1796.000	-0.058
1798.000	-0.016
1800.000	-0.006
1802.000	-0.015
1804.000	-0.041
1806.000	-0.007
1808.000	0.031
1810.000	-0.034
1812.000	-0.005
1814.000	0.071
1816.000	0.012
1818.000	0.017
1820.000	0.031
1822.000	-0.012
1824.000	-0.037
1826.000	0.022
1828.000	-0.053
1830.000	-0.015
1832.000	-0.011
1834.000	0.010
1836.000	0.043
1838.000	-0.036
1840.000	0.017
1842.000	-0.006
1844.000	0.020
1846.000	0.004
1848.000	0.036
1850.000	0.039
1852.000	-0.009
1854.000	0.028
1856.000	0.027
1858.000	-0.008
1860.000	0.018
1862.000	-0.015
1864.000	-0.002
1866.000	0.027
1868.000	0.030
1870.000	0.035
1872.000	0.020
1874.000	-0.007
1876.000	0.029
1878.000	-0.006
1880.000	-0.035
1882.000	-0.049
1884.000	-0.028
1886.000	-0.000
1888.000	0.018
1890.000	0.045
1892.000	0.025
1894.000	0.014
1896.000	0.045
1898.000	0.027
1900.000	0.032
1902.000	-0.012
1904.000	-0.067
1906.000	-0.035
1908.000	-0.046
1910.000	-0.005
1912.000	-0.001
1914.000	-0.002
1916.000	0.035
1918.000	0.001
1920.000	0.020
1922.000	0.059
1924.000	0.008
1926.000	-0.013
1928.000	0.023
1930.000	0.003
1932.000	-0.011
1934.000	-0.025
1936.000	0.001
1938.000	0.050
1940.000	0.050
1942.000	0.001
1944.000	0.018
1946.000	0.006
1948.000	0.019
1950.000	0.027
1952.000	-0.015
1954.000	-0.051
1956.000	0.030
1958.000	-0.009
1960.000	-0.040
1962.000	-0.051
1964.000	-0.017
1966.000	-0.012
1968.000	-0.009
1970.000	0.004
1972.000	0.045
1974.000	0.059
1976.000	0.023
1978.000	0.052
1980.000	0.035
1982.000	-0.001
1984.000	-0.003
1986.000	0.006
1988.000	-0.031
1990.000	-0.010
1992.000	-0.015
1994.000	-0.026
1996.000	-0.013
1998.000	0.021
2000.000	0.039
2002.000	0.050
2004.000	0.036
2006.000	0.011
2008.000	0.005
2010.000	0.001
2012.000	-0.001
2014.000	-0.000
2016.000	0.003
2018.000	0.001
2020.000	0.019
2022.000	-0.022
2024.000	-0.022
2026.000	-0.006
2028.000	-0.007
2030.000	-0.034
2032.000	0.025
2034.000	0.023
2036.000	0.010
2038.000	-0.032
2040.000	0.039
2042.000	-0.036
2044.000	-0.010
2046.000	0.028
2048.000	-0.031
2050.000	-0.003
2052.000	0.044
2054.000	0.056
2056.000	-0.006
2058.000	0.008
2060.000	0.045
2062.000	-0.004
2064.000	-0.005
2066.000	-0.004
2068.000	-0.037
2070.000	-0.039
2072.000	-0.005
2074.000	0.020
2076.000	0.007
2078.000	-0.016
2080.000	0.024
2082.000	0.023
2084.000	-0.001
2086.000	0.009
2088.000	-0.007
2090.000	-0.035
2092.000	-0.020
2094.000	-0.007
2096.000	-0.003
2098.000	0.020
2100.000	0.003
2102.000	-0.002
2104.000	-0.005
2106.000	-0.026
2108.000	0.005
2110.000	0.006
2112.000	-0.016
2114.000	0.018
2116.000	0.024
2118.000	0.011
2120.000	0.014
2122.000	0.021
2124.000	-0.012
2126.000	-0.011
2128.000	0.066
2130.000	0.037
2132.000	0.009
2134.000	-0.001
2136.000	-0.014
2138.000	-0.007
2140.000	-0.009
2142.000	0.027
2144.000	0.039
2146.000	0.080
2148.000	-0.018
2150.000	-0.001
2152.000	0.037
2154.000	0.043
2156.000	-0.010
2158.000	-0.021
2160.000	-0.003
2162.000	0.002
2164.000	-0.024
2166.000	-0.012
2168.000	-0.000
2170.000	-0.039
2172.000	-0.010
2174.000	0.003
2176.000	-0.025
2178.000	-0.038
2180.000	-0.054
2182.000	-0.027
2184.000	0.014
2186.000	-0.006
2188.000	-0.010
2190.000	-0.011
2192.000	0.018
2194.000	0.031
2196.000	0.001
2198.000	0.013
2200.000	-0.013
2202.000	0.008
2204.000	0.016
2206.000	0.022
2208.000	0.006
2210.000	-0.015
2212.000	0.007
2214.000	0.001
2216.000	-0.004
2218.000	0.024
2220.000	0.013
2222.000	-0.016
2224.000	0.019
2226.000	0.028
2228.000	-0.021
2230.000	-0.000
2232.000	-0.032
2234.000	0.004
2236.000	0.000
2238.000	-0.011
2240.000	0.008
2242.000	0.034
2244.000	0.029
2246.000	0.004
2248.000	0.003
2250.000	0.037
2252.000	0.046
2254.000	0.020
2256.000	-0.019
2258.000	-0.004
2260.000	0.006
2262.000	0.017
2264.000	-0.027
2266.000	-0.058
2268.000	-0.022
2270.000	0.030
2272.000	0.053
2274.000	0.026
2276.000	0.000
2278.000	0.006
2280.000	0.007
2282.000	0.002
2284.000	0.013
2286.000	0.024
2288.000	0.028
2290.000	0.018
2292.000	0.015
2294.000	-0.003
2296.000	-0.027
2298.000	-0.007
2300.000	0.030
2302.000	0.004
2304.000	-0.005
2306.000	0.017
2308.000	-0.018
2310.000	-0.052
2312.000	-0.061
2314.000	-0.041
2316.000	-0.059
2318.000	-0.020
2320.000	-0.020
2322.000	-0.018
2324.000	0.007
2326.000	0.027
2328.000	0.028
2330.000	0.016
2332.000	-0.003
2334.000	-0.043
2336.000	-0.033
2338.000	-0.005
2340.000	0.019
2342.000	0.014
2344.000	0.024
2346.000	0.010
2348.000	0.001
2350.000	-0.000
2352.000	0.023
2354.000	0.018
2356.000	-0.000
2358.000	-0.002
2360.000	-0.005
2362.000	-0.004
2364.000	0.007
2366.000	-0.011
2368.000	-0.008
2370.000	0.002
2372.000	0.015
2374.000	0.003
2376.000	-0.006
2378.000	-0.017
2380.000	-0.014
2382.000	0.040
2384.000	0.047
2386.000	0.038
2388.000	0.020
2390.000	-0.018
2392.000	-0.028
2394.000	-0.037
2396.000	-0.020
2398.000	-0.017
2400.000	0.030
2402.000	0.017
2404.000	-0.011
2406.000	-0.008
2408.000	0.012
2410.000	0.009
2412.000	0.049
2414.000	0.012
2416.000	-0.001
2418.000	0.012
2420.000	-0.029
2422.000	-0.024
2424.000	-0.009
2426.000	0.027
2428.000	0.030
2430.000	0.036
2432.000	0.042
2434.000	0.036
2436.000	0.010
2438.000	0.001
2440.000	0.006
2442.000	-0.019
2444.000	-0.007
2446.000	0.006
2448.000	-0.007
2450.000	-0.045
2452.000	-0.026
2454.000	-0.009
2456.000	-0.005
2458.000	0.046
2460.000	0.016
2462.000	0.050
2464.000	0.006
2466.000	0.014
2468.000	0.035
2470.000	0.001
2472.000	-0.030
2474.000	0.011
2476.000	0.013
2478.000	0.012
2480.000	0.011
2482.000	0.034
2484.000	0.015
2486.000	-0.037
2488.000	0.039
2490.000	0.034
2492.000	0.044
2494.000	0.012
2496.000	-0.035
2498.000	-0.028
2500.000	-0.074
2502.000	-0.070
2504.000	-0.028
2506.000	-0.011
2508.000	0.054
2510.000	0.034
2512.000	0.047
2514.000	0.077
2516.000	0.044
2518.000	0.019
2520.000	0.044
2522.000	-0.016
2524.000	-0.038
2526.000	-0.056
2528.000	-0.049
2530.000	-0.063
2532.000	-0.053
2534.000	-0.022
2536.000	-0.010
2538.000	0.042
2540.000	0.077
2542.000	0.103
2544.000	0.036
2546.000	0.059
2548.000	0.058
2550.000	-0.005
2552.000	0.005
2554.000	-0.044
2556.000	-0.065
2558.000	-0.038
2560.000	-0.018
2562.000	0.015
2564.000	0.036
2566.000	0.037
2568.000	0.060
2570.000	0.073
2572.000	0.033
2574.000	0.056
2576.000	0.032
2578.000	-0.019
2580.000	-0.014
2582.000	-0.044
2584.000	-0.044
2586.000	-0.077
2588.000	-0.047
2590.000	-0.006
2592.000	0.031
2594.000	0.088
2596.000	0.059
2598.000	0.079
2600.000	0.044
2602.000	0.033
2604.000	-0.009
2606.000	-0.048
2608.000	-0.067
2610.000	-0.072
2612.000	-0.089
2614.000	-0.018
2616.000	-0.063
2618.000	-0.023
2620.000	0.036
2622.000	0.052
2624.000	0.083
2626.000	0.054
2628.000	0.001
2630.000	0.005
2632.000	-0.019
2634.000	-0.045
2636.000	-0.055
2638.000	-0.052
2640.000	-0.076
2642.000	-0.012
2644.000	0.009
2646.000	0.029
2648.000	0.059
2650.000	0.056
2652.000	0.056
2654.000	0.030
2656.000	0.015
2658.000	-0.020
2660.000	-0.060
2662.000	-0.055
2664.000	-0.066
2666.000	-0.069
2668.000	-0.064
2670.000	-0.061
2672.000	-0.004
2674.000	0.042
2676.000	0.063
2678.000	0.090
2680.000	0.061
2682.000	0.030
2684.000	0.034
2686.000	0.039
2688.000	-0.031
2690.000	-0.061
2692.000	-0.027
2694.000	-0.030
2696.000	-0.023
2698.000	-0.017
2700.000	0.022
2702.000	0.035
2704.000	0.056
2706.000	0.062
2708.000	0.065
2710.000	0.027
2712.000	0.009
2714.000	-0.031
2716.000	-0.022
2718.000	-0.066
2720.000	-0.034
2722.000	-0.042
2724.000	-0.023
2726.000	0.022
2728.000	0.056
2730.000	0.006
2732.000	0.017
2734.000	0.023
2736.000	0.021
2738.000	0.029
2740.000	0.002
2742.000	-0.031
2744.000	-0.016
2746.000	-0.043
2748.000	-0.038
2750.000	-0.037
2752.000	-0.024
2754.000	0.029
2756.000	0.025
2758.000	0.022
2760.000	0.057
2762.000	0.065
2764.000	0.016
2766.000	0.012
2768.000	-0.020
2770.000	-0.019
2772.000	-0.010
2774.000	-0.038
2776.000	-0.047
2778.000	-0.019
2780.000	-0.040
2782.000	0.028
2784.000	0.030
2786.000	0.055
2788.000	0.007
2790.000	0.021
2792.000	0.017
2794.000	-0.003
2796.000	-0.022
2798.000	-0.015
2800.000	-0.051
2802.000	0.005
2804.000	-0.023
2806.000	0.007
2808.000	-0.002
2810.000	-0.016
2812.000	0.005
2814.000	-0.026
2816.000	0.018
2818.000	0.008
2820.000	-0.025
2822.000	0.015
2824.000	-0.004
2826.000	-0.009
2828.000	-0.004
2830.000	-0.034
2832.000	-0.028
2834.000	-0.023
2836.000	-0.023
2838.000	0.019
2840.000	0.010
2842.000	0.000
2844.000	0.009
2846.000	0.003
2848.000	0.018
2850.000	0.009
2852.000	-0.009
2854.000	-0.019
2856.000	-0.012
2858.000	0.025
2860.000	0.007
2862.000	-0.014
2864.000	-0.022
2866.000	0.005
2868.000	0.006
2870.000	0.026
2872.000	-0.001
2874.000	0.006
2876.000	0.014
2878.000	-0.026
2880.000	-0.011
2882.000	-0.001
2884.000	-0.042
2886.000	-0.017
2888.000	-0.015
2890.000	0.014
2892.000	-0.009
2894.000	0.016
2896.000	0.005
2898.000	-0.012
2900.000	0.042
2902.000	0.029
2904.000	0.010
2906.000	-0.004
2908.000	-0.017
2910.000	-0.037
2912.000	0.018
2914.000	0.015
2916.000	0.011
2918.000	0.021
2920.000	0.051
2922.000	0.034
2924.000	0.005
2926.000	0.020
2928.000	-0.002
2930.000	0.003
2932.000	0.014
2934.000	0.012
2936.000	0.031
2938.000	-0.038
2940.000	-0.016
2942.000	-0.016
2944.000	-0.050
2946.000	-0.052
2948.000	-0.001
2950.000	0.026
2952.000	0.019
2954.000	-0.026
2956.000	0.011
2958.000	-0.002
2960.000	-0.007
2962.000	-0.004
2964.000	0.027
2966.000	-0.018
2968.000	0.027
2970.000	0.003
2972.000	0.015
2974.000	0.025
2976.000	0.020
2978.000	0.000
2980.000	0.019
2982.000	0.041
2984.000	0.015
2986.000	-0.009
2988.000	-0.010
2990.000	-0.022
2992.000	-0.052
2994.000	-0.017
2996.000	0.004
2998.000	0.000
3000.000	-0.009
3002.000	-0.039
3004.000	-0.017
3006.000	-0.029
3008.000	-0.015
3010.000	-0.004
3012.000	0.020
3014.000	0.040
3016.000	0.026
3018.000	-0.015
3020.000	-0.007
3022.000	-0.000
3024.000	-0.022
3026.000	-0.001
3028.000	0.019
3030.000	0.015
3032.000	0.011
3034.000	-0.020
3036.000	0.010
3038.000	0.007
3040.000	-0.003
3042.000	0.019
3044.000	0.003
3046.000	-0.003
3048.000	-0.028
3050.000	0.015
3052.000	0.043
3054.000	0.009
3056.000	-0.029
3058.000	-0.036
3060.000	-0.028
3062.000	0.001
3064.000	0.021
3066.000	0.015
3068.000	0.017
3070.000	0.026
3072.000	0.019
3074.000	0.013
3076.000	-0.028
3078.000	-0.024
3080.000	0.011
3082.000	-0.010
3084.000	0.010
3086.000	0.013
3088.000	0.002
3090.000	0.011
3092.000	0.032
3094.000	0.027
3096.000	-0.011
3098.000	-0.025
3100.000	-0.009
3102.000	0.013
3104.000	0.002
3106.000	0.019
3108.000	0.030
3110.000	0.007
3112.000	-0.016
3114.000	-0.001
3116.000	0.001
3118.000	-0.006
3120.000	-0.022
3122.000	0.013
3124.000	-0.005
3126.000	-0.029
3128.000	-0.010
3130.000	0.004
3132.000	0.007
3134.000	0.018
3136.000	0.011
3138.000	0.010
3140.000	-0.001
3142.000	-0.033
3144.000	-0.017
3146.000	0.003
3148.000	0.033
3150.000	-0.007
3152.000	0.049
3154.000	-0.010
3156.000	0.007
3158.000	0.014
3160.000	0.028
3162.000	0.030
3164.000	-0.018
3166.000	-0.008
3168.000	0.027
3170.000	0.006
3172.000	0.017
3174.000	-0.036
3176.000	-0.031
3178.000	-0.009
3180.000	-0.003
3182.000	0.001
3184.000	-0.019
3186.000	-0.003
3188.000	0.011
3190.000	0.023
3192.000	-0.010
3194.000	-0.055
3196.000	-0.038
3198.000	-0.038
3200.000	-0.004
3202.000	0.002
3204.000	0.020
3206.000	0.021
3208.000	0.017
3210.000	0.030
3212.000	0.015
3214.000	0.006
3216.000	0.001
3218.000	-0.003
3220.000	-0.012
3222.000	-0.027
3224.000	-0.032
3226.000	-0.021
3228.000	-0.013
3230.000	-0.005
3232.000	0.046
3234.000	0.003
3236.000	-0.031
3238.000	-0.013
3240.000	-0.010
3242.000	0.039
3244.000	0.035
3246.000	0.030
3248.000	0.028
3250.000	-0.027
3252.000	-0.016
3254.000	0.026
3256.000	0.027
3258.000	0.019
3260.000	0.004
3262.000	0.031
3264.000	0.035
3266.000	0.021
3268.000	0.011
3270.000	0.002
3272.000	0.018
3274.000	0.017
3276.000	-0.017
3278.000	-0.005
3280.000	0.018
3282.000	0.044
3284.000	0.052
3286.000	0.017
3288.000	0.041
3290.000	-0.009
3292.000	0.015
3294.000	0.014
3296.000	0.022
3298.000	-0.027
3300.000	-0.019
3302.000	0.008
3304.000	0.008
3306.000	-0.027
3308.000	-0.008
3310.000	0.010
3312.000	0.009
3314.000	0.010
3316.000	0.012
3318.000	-0.006
3320.000	-0.032
3322.000	-0.022
3324.000	-0.029
3326.000	0.018
3328.000	0.047
3330.000	0.034
3332.000	0.003
3334.000	0.062
3336.000	-0.002
3338.000	-0.043
3340.000	-0.029
3342.000	-0.012
3344.000	0.010
3346.000	-0.006
3348.000	0.016
3350.000	0.051
3352.000	-0.001
3354.000	0.073
3356.000	0.020
3358.000	-0.048
3360.000	-0.071
3362.000	-0.068
3364.000	0.019
3366.000	-0.018
3368.000	-0.002
3370.000	0.034
3372.000	0.008
3374.000	0.010
3376.000	0.015
3378.000	0.014
3380.000	0.047
3382.000	0.014
3384.000	0.021
3386.000	-0.049
3388.000	-0.009
3390.000	-0.005
3392.000	0.027
3394.000	-0.002
3396.000	-0.004
3398.000	-0.006
3400.000	-0.032
3402.000	0.008
3404.000	-0.011
3406.000	-0.023
3408.000	0.016
3410.000	0.056
3412.000	0.028
3414.000	0.027
3416.000	0.003
3418.000	0.008
3420.000	-0.038
3422.000	-0.028
3424.000	0.005
3426.000	-0.029
3428.000	-0.002
3430.000	-0.011
3432.000	0.031
3434.000	0.029
3436.000	-0.002
3438.000	-0.002
3440.000	0.021
3442.000	0.074
3444.000	-0.010
3446.000	-0.010
3448.000	-0.005
3450.000	-0.016
3452.000	0.017
3454.000	0.009
3456.000	-0.019
3458.000	0.035
3460.000	0.015
3462.000	0.026
3464.000	0.030
3466.000	-0.006
3468.000	-0.004
3470.000	0.027
3472.000	0.055
3474.000	-0.005
3476.000	-0.002
3478.000	-0.010
3480.000	-0.006
3482.000	0.015
3484.000	-0.002
3486.000	-0.013
3488.000	0.001
3490.000	0.023
3492.000	0.034
3494.000	0.014
3496.000	0.003
3498.000	-0.003
3500.000	-0.019
3502.000	-0.011
3504.000	0.013
3506.000	-0.002
3508.000	-0.018
3510.000	0.017
3512.000	0.014
3514.000	0.006
3516.000	-0.007
3518.000	0.044
3520.000	0.014
3522.000	-0.008
3524.000	-0.004
3526.000	0.007
3528.000	-0.018
3530.000	0.011
3532.000	0.019
3534.000	0.012
3536.000	0.003
3538.000	-0.011
3540.000	0.007
3542.000	-0.015
3544.000	0.027
3546.000	-0.024
3548.000	-0.023
3550.000	-0.005
3552.000	0.010
3554.000	0.037
3556.000	0.015
3558.000	0.019
3560.000	0.021
3562.000	0.008
3564.000	0.017
3566.000	-0.002
3568.000	-0.010
3570.000	0.003
3572.000	-0.010
3574.000	0.059
3576.000	0.006
3578.000	0.014
3580.000	-0.033
3582.000	-0.029
3584.000	0.054
3586.000	0.031
3588.000	-0.002
3590.000	-0.027
3592.000	-0.005
3594.000	0.073
3596.000	0.006
3598.000	0.024
3600.000	0.037
3602.000	-0.015
3604.000	-0.017
3606.000	0.046
3608.000	0.011
3610.000	0.018
3612.000	0.007
3614.000	-0.002
3616.000	-0.024
3618.000	-0.001
3620.000	-0.009
3622.000	-0.025
3624.000	-0.011
3626.000	-0.026
3628.000	-0.026
3630.000	-0.038
3632.000	-0.045
3634.000	0.007
3636.000	0.019
3638.000	0.004
3640.000	0.018
3642.000	-0.008
3644.000	-0.009
3646.000	0.029
3648.000	-0.017
3650.000	-0.018
3652.000	-0.003
3654.000	0.004
3656.000	0.008
3658.000	0.002
3660.000	-0.001
3662.000	-0.007
3664.000	0.009
3666.000	0.008
3668.000	-0.015
3670.000	0.032
3672.000	0.045
3674.000	0.009
3676.000	0.007
3678.000	0.010
3680.000	0.003
3682.000	0.005
3684.000	0.026
3686.000	0.002
3688.000	0.029
3690.000	0.009
3692.000	0.009
3694.000	-0.000
3696.000	-0.007
3698.000	0.010
3700.000	0.014
3702.000	0.003
3704.000	0.013
3706.000	0.014
3708.000	0.005
3710.000	0.003
3712.000	-0.027
3714.000	0.000
3716.000	0.001
3718.000	0.032
3720.000	0.013
3722.000	-0.014
3724.000	0.006
3726.000	-0.023
3728.000	0.006
3730.000	0.034
3732.000	-0.027
3734.000	0.032
3736.000	0.034
3738.000	-0.039
3740.000	-0.008
3742.000	-0.024
3744.000	-0.026
3746.000	0.026
3748.000	0.007
3750.000	-0.000
3752.000	-0.011
3754.000	0.026
3756.000	0.013
3758.000	0.037
3760.000	0.023
3762.000	-0.006
3764.000	-0.032
3766.000	-0.020
3768.000	-0.003
3770.000	0.037
3772.000	0.053
3774.000	0.021
3776.000	-0.002
3778.000	0.003
3780.000	0.025
3782.000	0.008
3784.000	0.014
3786.000	0.012
3788.000	0.002
3790.000	0.009
3792.000	0.025
3794.000	0.041
3796.000	0.011
3798.000	-0.007
3800.000	0.014
3802.000	0.021
3804.000	0.001
3806.000	-0.009
3808.000	-0.001
3810.000	0.007
3812.000	0.023
3814.000	0.008
3816.000	-0.067
3818.000	-0.002
3820.000	-0.006
3822.000	-0.011
3824.000	0.003
3826.000	0.034
3828.000	-0.010
3830.000	0.019
3832.000	0.034
3834.000	-0.013
3836.000	0.018
3838.000	0.035
3840.000	0.030
3842.000	0.029
3844.000	0.040
3846.000	0.043
3848.000	0.013
3850.000	-0.012
3852.000	0.016
3854.000	0.031
3856.000	0.012
3858.000	0.019
3860.000	0.019
3862.000	0.047
3864.000	0.028
3866.000	0.002
3868.000	-0.002
3870.000	-0.029
3872.000	-0.003
3874.000	0.014
3876.000	-0.017
3878.000	-0.011
3880.000	0.013
3882.000	-0.002
3884.000	0.010
3886.000	-0.010
3888.000	-0.026
3890.000	-0.049
3892.000	-0.009
3894.000	0.009
3896.000	0.012
3898.000	-0.026
3900.000	-0.021
3902.000	0.014
3904.000	0.017
3906.000	0.006
3908.000	-0.005
3910.000	-0.013
3912.000	-0.007
3914.000	0.025
3916.000	0.041
3918.000	0.041
3920.000	0.018
3922.000	0.002
3924.000	-0.003
3926.000	-0.024
3928.000	-0.017
3930.000	-0.021
3932.000	0.001
3934.000	0.007
3936.000	-0.028
3938.000	-0.029
3940.000	-0.020
3942.000	-0.020
3944.000	0.020
3946.000	0.053
3948.000	0.004
3950.000	0.010
3952.000	-0.013
3954.000	-0.009
3956.000	-0.009
3958.000	0.005
3960.000	-0.009
3962.000	0.011
3964.000	0.033
3966.000	-0.031
3968.000	-0.031
3970.000	-0.038
3972.000	0.032
3974.000	0.015
3976.000	0.013
3978.000	0.027
3980.000	0.017
3982.000	0.006
3984.000	-0.029
3986.000	-0.019
3988.000	-0.004
3990.000	0.010
3992.000	-0.002
3994.000	0.001
3996.000	-0.002
3998.000	-0.015
4000.000	-0.022
4002.000	0.011
4004.000	-0.000
4006.000	-0.004
4008.000	-0.019
4010.000	-0.020
4012.000	0.009
4014.000	0.004
4016.000	0.017
4018.000	0.011
4020.000	0.015
4022.000	0.017
4024.000	-0.019
4026.000	-0.003
4028.000	0.002
4030.000	-0.008
4032.000	-0.021
4034.000	-0.007
4036.000	0.017
4038.000	-0.016
4040.000	0.016
4042.000	0.008
4044.000	0.037
4046.000	0.027
4048.000	0.003
4050.000	0.016
4052.000	0.013
4054.000	-0.006
4056.000	-0.013
4058.000	-0.021
4060.000	-0.000
4062.000	0.013
4064.000	-0.017
4066.000	-0.035
4068.000	-0.033
4070.000	-0.028
4072.000	-0.023
4074.000	-0.002
4076.000	-0.015
4078.000	-0.020
4080.000	-0.011
4082.000	-0.015
4084.000	0.008
4086.000	0.027
4088.000	-0.003
4090.000	0.011
4092.000	-0.002
4094.000	0.010
4096.000	0.031
4098.000	-0.005
4100.000	-0.017
4102.000	0.021
4104.000	0.019
4106.000	0.020
4108.000	0.016
4110.000	-0.005
4112.000	-0.020
4114.000	-0.028
4116.000	-0.024
4118.000	0.013
4120.000	0.018
4122.000	-0.047
4124.000	-0.055
4126.000	0.020
4128.000	0.010
4130.000	-0.016
4132.000	0.012
4134.000	-0.003
4136.000	0.013
4138.000	-0.002
4140.000	0.008
4142.000	-0.044
4144.000	-0.009
4146.000	0.014
4148.000	-0.006
4150.000	-0.013
4152.000	-0.005
4154.000	0.019
4156.000	0.029
4158.000	-0.003
4160.000	0.016
4162.000	0.039
4164.000	-0.023
4166.000	0.007
4168.000	0.018
4170.000	-0.008
4172.000	0.021
4174.000	0.006
4176.000	0.016
4178.000	-0.018
4180.000	0.025
4182.000	0.023
4184.000	0.019
4186.000	0.003
4188.000	0.001
4190.000	0.048
4192.000	0.045
4194.000	0.017
4196.000	0.004
4198.000	0.042
4200.000	0.031
4202.000	0.030
4204.000	0.006
4206.000	0.009
4208.000	-0.004
4210.000	-0.006
4212.000	-0.026
4214.000	0.005
4216.000	-0.001
4218.000	0.004
4220.000	0.005
4222.000	0.022
4224.000	0.025
4226.000	0.017
4228.000	-0.000
4230.000	-0.021
4232.000	-0.003
4234.000	-0.002
4236.000	-0.010
4238.000	-0.029
4240.000	-0.005
4242.000	-0.009
4244.000	-0.021
4246.000	0.019
4248.000	0.007
4250.000	-0.028
4252.000	-0.000
4254.000	0.038
4256.000	0.009
4258.000	-0.018
4260.000	0.006
4262.000	0.027
4264.000	0.011
4266.000	-0.000
4268.000	-0.000
4270.000	0.011
4272.000	0.036
4274.000	0.008
4276.000	-0.018
4278.000	-0.041
4280.000	-0.027
4282.000	-0.005
4284.000	0.028
4286.000	0.043
4288.000	0.043
4290.000	0.011
4292.000	0.016
4294.000	-0.015
4296.000	-0.028
4298.000	-0.000
4300.000	-0.017
4302.000	0.003
4304.000	0.017
4306.000	0.023
4308.000	0.027
4310.000	0.029
4312.000	0.005
4314.000	-0.017
4316.000	-0.028
4318.000	-0.039
4320.000	-0.057
4322.000	-0.064
4324.000	-0.030
4326.000	0.015
4328.000	0.022
4330.000	-0.010
4332.000	-0.024
4334.000	-0.002
4336.000	0.013
4338.000	-0.005
4340.000	-0.046
4342.000	0.015
4344.000	0.019
4346.000	0.017
4348.000	0.029
4350.000	0.005
4352.000	0.041
4354.000	-0.012
4356.000	-0.010
4358.000	0.026
4360.000	0.003
4362.000	0.034
4364.000	-0.024
4366.000	0.042
4368.000	0.062
4370.000	0.012
4372.000	-0.016
4374.000	-0.010
4376.000	0.047
4378.000	0.038
4380.000	-0.015
4382.000	-0.008
4384.000	0.024
4386.000	0.008
4388.000	0.017
4390.000	0.033
4392.000	0.027
4394.000	-0.011
4396.000	-0.039
4398.000	0.004
4400.000	0.025
4402.000	0.027
4404.000	-0.002
4406.000	0.001
4408.000	0.025
4410.000	0.026
4412.000	0.017
4414.000	0.020
4416.000	0.050
4418.000	0.004
4420.000	0.025
4422.000	0.000
4424.000	-0.025
4426.000	-0.004
4428.000	0.011
4430.000	0.027
4432.000	-0.014
4434.000	-0.001
4436.000	-0.027
4438.000	-0.017
4440.000	0.010
4442.000	0.025
4444.000	0.005
4446.000	0.006
4448.000	0.025
4450.000	-0.024
4452.000	-0.042
4454.000	-0.031
4456.000	0.015
4458.000	0.051
4460.000	0.037
4462.000	0.009
4464.000	0.003
4466.000	0.007
4468.000	0.019
4470.000	0.005
4472.000	0.012
4474.000	-0.006
4476.000	0.008
4478.000	-0.014
4480.000	-0.000
4482.000	0.003
4484.000	-0.012
4486.000	0.004
4488.000	-0.014
4490.000	-0.009
4492.000	-0.013
4494.000	-0.004
4496.000	-0.031
4498.000	0.005
4500.000	0.018
4502.000	0.015
4504.000	-0.019
4506.000	-0.014
4508.000	-0.015
4510.000	0.002
4512.000	0.015
4514.000	-0.001
4516.000	0.006
4518.000	0.029
4520.000	0.009
4522.000	-0.004
4524.000	0.002
4526.000	0.021
4528.000	-0.021
4530.000	0.009
4532.000	0.022
4534.000	0.049
4536.000	0.027
4538.000	0.016
4540.000	-0.004
4542.000	0.018
4544.000	-0.002
4546.000	-0.004
4548.000	-0.010
4550.000	-0.014
4552.000	-0.006
4554.000	-0.013
4556.000	-0.003
4558.000	0.011
4560.000	0.013
4562.000	0.022
4564.000	-0.001
4566.000	-0.054
4568.000	-0.020
4570.000	0.011
4572.000	0.037
4574.000	0.033
4576.000	0.009
4578.000	0.002
4580.000	-0.001
4582.000	-0.012
4584.000	0.005
4586.000	-0.006
4588.000	-0.011
4590.000	0.003
4592.000	0.012
4594.000	0.010
4596.000	-0.006
4598.000	0.006
4600.000	0.013
4602.000	-0.017
4604.000	-0.011
4606.000	0.007
4608.000	-0.031
4610.000	-0.005
4612.000	0.001
4614.000	-0.010
4616.000	0.024
4618.000	-0.003
4620.000	0.051
4622.000	-0.027
4624.000	0.006
4626.000	0.019
4628.000	-0.044
4630.000	0.022
4632.000	0.023
4634.000	0.001
4636.000	-0.004
4638.000	0.010
4640.000	0.010
4642.000	0.020
4644.000	0.006
4646.000	-0.001
4648.000	0.014
4650.000	0.014
4652.000	0.004
4654.000	0.015
4656.000	0.028
4658.000	0.031
4660.000	0.030
4662.000	0.019
4664.000	0.011
4666.000	0.028
4668.000	0.013
4670.000	-0.019
4672.000	0.010
4674.000	-0.012
4676.000	0.025
4678.000	0.037
4680.000	0.009
4682.000	-0.004
4684.000	0.011
4686.000	0.011
4688.000	0.014
4690.000	-0.019
4692.000	-0.019
4694.000	-0.005
4696.000	-0.016
4698.000	-0.006
4700.000	0.003
4702.000	-0.013
4704.000	-0.004
4706.000	-0.038
4708.000	-0.032
4710.000	0.042
4712.000	-0.027
4714.000	0.008
4716.000	-0.017
4718.000	-0.019
4720.000	-0.025
4722.000	-0.012
4724.000	-0.001
4726.000	0.017
4728.000	0.008
4730.000	0.002
4732.000	0.008
4734.000	-0.048
4736.000	0.007
4738.000	-0.016
4740.000	0.004
4742.000	0.001
4744.000	0.004
4746.000	0.002
4748.000	0.020
4750.000	0.004
4752.000	0.039
4754.000	0.017
4756.000	0.042
4758.000	-0.019
4760.000	0.001
4762.000	0.022
4764.000	0.008
4766.000	-0.008
4768.000	-0.037
4770.000	-0.044
4772.000	-0.023
4774.000	-0.027
4776.000	-0.012
4778.000	0.017
4780.000	-0.003
4782.000	-0.017
4784.000	-0.001
4786.000	-0.039
4788.000	-0.052
4790.000	0.006
4792.000	-0.001
4794.000	0.007
4796.000	0.013
4798.000	-0.046
4800.000	-0.021
4802.000	0.023
4804.000	0.050
4806.000	-0.005
4808.000	-0.015
4810.000	-0.023
4812.000	0.038
4814.000	-0.001
4816.000	0.007
4818.000	0.006
4820.000	0.017
4822.000	-0.003
4824.000	0.005
4826.000	0.024
4828.000	0.014
4830.000	-0.006
4832.000	0.009
4834.000	-0.038
4836.000	0.005
4838.000	0.013
4840.000	0.004
4842.000	-0.002
4844.000	-0.028
4846.000	-0.007
4848.000	-0.008
4850.000	-0.001
4852.000	0.014
4854.000	-0.018
4856.000	-0.036
4858.000	-0.007
4860.000	-0.007
4862.000	-0.005
4864.000	0.005
4866.000	-0.015
4868.000	-0.046
4870.000	-0.004
4872.000	-0.007
4874.000	-0.025
4876.000	-0.020
4878.000	-0.010
4880.000	-0.007
4882.000	0.005
4884.000	-0.006
4886.000	-0.034
4888.000	-0.049
4890.000	0.010
4892.000	0.006
4894.000	-0.024
4896.000	0.022
4898.000	0.035
4900.000	0.006
4902.000	-0.015
4904.000	-0.029
4906.000	-0.012
4908.000	0.000
4910.000	0.008
4912.000	0.039
4914.000	0.035
4916.000	-0.040
4918.000	0.007
4920.000	-0.007
4922.000	0.014
4924.000	0.048
4926.000	0.041
4928.000	-0.022
4930.000	0.015
4932.000	0.047
4934.000	0.031
4936.000	-0.034
4938.000	-0.008
4940.000	-0.033
4942.000	0.018
4944.000	0.026
4946.000	0.007
4948.000	-0.004
4950.000	0.018
4952.000	-0.043
4954.000	0.001
4956.000	-0.019
4958.000	-0.049
4960.000	0.003
4962.000	0.028
4964.000	0.009
4966.000	-0.037
4968.000	-0.022
4970.000	-0.015
4972.000	0.032
4974.000	-0.026
4976.000	-0.008
4978.000	0.022
4980.000	-0.003
4982.000	0.016
4984.000	0.035
4986.000	0.007
4988.000	0.002
4990.000	-0.006
4992.000	-0.004
4994.000	0.029
4996.000	-0.012
4998.000	-0.007
5000.000	-0.000
5002.000	-0.030
5004.000	0.003
5006.000	-0.013
5008.000	0.000
5010.000	-0.007
5012.000	0.017
5014.000	-0.003
5016.000	-0.007
5018.000	0.001
5020.000	-0.002
5022.000	-0.003
5024.000	0.009
5026.000	-0.019
5028.000	-0.001
5030.000	-0.001
5032.000	-0.001
5034.000	0.019
5036.000	0.007
5038.000	0.012
5040.000	0.053
5042.000	-0.009
5044.000	-0.010
5046.000	-0.002
5048.000	-0.015
5050.000	0.010
5052.000	0.007
5054.000	0.002
5056.000	0.003
5058.000	-0.021
5060.000	0.021
5062.000	0.006
5064.000	-0.008
5066.000	0.006
5068.000	0.004
5070.000	0.028
5072.000	0.035
5074.000	-0.008
5076.000	0.025
5078.000	-0.020
5080.000	0.018
5082.000	0.018
5084.000	-0.019
5086.000	-0.000
5088.000	-0.000
5090.000	0.053
5092.000	0.021
5094.000	0.006
5096.000	0.030
5098.000	0.006
5100.000	0.029
5102.000	0.034
5104.000	0.051
5106.000	-0.012
5108.000	-0.015
5110.000	0.001
5112.000	-0.016
5114.000	-0.023
5116.000	-0.011
5118.000	-0.016
5120.000	0.008
5122.000	0.017
5124.000	0.006
5126.000	0.019
5128.000	0.003
5130.000	0.066
5132.000	0.016
5134.000	-0.014
5136.000	0.013
5138.000	-0.006
5140.000	-0.025
5142.000	0.016
5144.000	0.038
5146.000	0.036
5148.000	0.021
5150.000	-0.046
5152.000	0.008
5154.000	-0.021
5156.000	-0.021
5158.000	0.031
5160.000	0.013
5162.000	0.038
5164.000	-0.009
5166.000	-0.032
5168.000	0.004
5170.000	0.004
5172.000	-0.030
5174.000	-0.030
5176.000	-0.008
5178.000	0.005
5180.000	0.004
5182.000	0.014
5184.000	0.020
5186.000	0.007
5188.000	0.015
5190.000	0.020
5192.000	-0.021
5194.000	-0.025
5196.000	0.003
5198.000	0.009
5200.000	-0.007
5202.000	-0.001
5204.000	0.000
5206.000	-0.008
5208.000	0.010
5210.000	0.003
5212.000	0.001
5214.000	-0.015
5216.000	0.000
5218.000	0.007
5220.000	-0.022
5222.000	0.013
5224.000	0.001
5226.000	0.008
5228.000	0.011
5230.000	0.007
5232.000	0.002
5234.000	0.002
5236.000	0.003
5238.000	-0.017
5240.000	0.021
5242.000	0.030
5244.000	0.032
5246.000	0.034
5248.000	0.016
5250.000	0.047
5252.000	0.033
5254.000	-0.035
5256.000	0.026
5258.000	-0.023
5260.000	0.006
5262.000	0.024
5264.000	0.016
5266.000	-0.007
5268.000	0.003
5270.000	-0.010
5272.000	0.007
5274.000	0.001
5276.000	-0.028
5278.000	-0.064
5280.000	-0.031
5282.000	-0.006
5284.000	-0.028
5286.000	-0.037
5288.000	0.011
5290.000	-0.035
5292.000	-0.010
5294.000	-0.012
5296.000	-0.025
5298.000	-0.026
5300.000	-0.027
5302.000	-0.006
5304.000	-0.026
5306.000	0.001
5308.000	0.048
5310.000	-0.013
5312.000	0.015
5314.000	-0.011
5316.000	-0.005
5318.000	-0.015
5320.000	-0.001
5322.000	0.009
5324.000	0.001
5326.000	0.010
5328.000	0.035
5330.000	-0.001
5332.000	0.007
5334.000	0.044
5336.000	0.028
5338.000	-0.013
5340.000	-0.031
5342.000	0.020
5344.000	0.050
5346.000	-0.034
5348.000	0.029
5350.000	-0.006
5352.000	-0.017
5354.000	-0.000
5356.000	0.018
5358.000	0.012
5360.000	0.016
5362.000	0.011
5364.000	0.033
5366.000	0.021
5368.000	0.006
5370.000	-0.008
5372.000	-0.001
5374.000	0.027
5376.000	0.020
5378.000	-0.008
5380.000	-0.014
5382.000	0.002
5384.000	-0.017
5386.000	-0.052
5388.000	-0.007
5390.000	-0.019
5392.000	-0.034
5394.000	-0.021
5396.000	-0.005
5398.000	-0.026
5400.000	-0.010
5402.000	-0.017
5404.000	-0.022
5406.000	-0.036
5408.000	-0.009
5410.000	0.037
5412.000	0.025
5414.000	0.040
5416.000	0.007
5418.000	0.006
5420.000	0.006
5422.000	-0.002
5424.000	-0.004
5426.000	0.035
5428.000	0.009
5430.000	0.022
5432.000	-0.004
5434.000	-0.004
5436.000	0.002
5438.000	0.007
5440.000	0.017
5442.000	-0.017
5444.000	0.006
5446.000	0.029
5448.000	-0.015
5450.000	-0.020
5452.000	0.007
5454.000	-0.003
5456.000	-0.000
5458.000	0.010
5460.000	-0.017
5462.000	-0.023
5464.000	0.002
5466.000	-0.015
5468.000	-0.013
5470.000	-0.031
5472.000	-0.000
5474.000	-0.019
5476.000	0.026
5478.000	-0.015
5480.000	-0.033
5482.000	0.029
5484.000	0.005
5486.000	0.031
5488.000	0.025
5490.000	-0.015
5492.000	0.008
5494.000	0.002
5496.000	-0.002
5498.000	0.011
5500.000	0.014
5502.000	0.008
5504.000	-0.008
5506.000	-0.010
5508.000	-0.008
5510.000	0.002
5512.000	0.007
5514.000	-0.004
5516.000	-0.020
5518.000	0.000
5520.000	-0.007
5522.000	0.002
5524.000	0.012
5526.000	0.001
5528.000	0.001
5530.000	0.014
5532.000	-0.006
5534.000	0.013
5536.000	0.000
5538.000	-0.010
5540.000	0.028
5542.000	0.035
5544.000	0.016
5546.000	0.011
5548.000	0.006
5550.000	0.014
5552.000	0.030
5554.000	-0.026
5556.000	-0.032
5558.000	0.011
5560.000	-0.013
5562.000	0.004
5564.000	-0.063
5566.000	-0.007
5568.000	0.005
5570.000	-0.000
5572.000	0.041
5574.000	0.017
5576.000	-0.027
5578.000	-0.047
5580.000	-0.010
5582.000	0.018
5584.000	-0.002
5586.000	-0.033
5588.000	-0.009
5590.000	-0.004
5592.000	0.029
5594.000	0.031
5596.000	-0.003
5598.000	0.040
5600.000	0.002
5602.000	-0.020
5604.000	-0.008
5606.000	0.030
5608.000	-0.030
5610.000	-0.048
5612.000	0.039
5614.000	-0.001
5616.000	-0.036
5618.000	0.021
5620.000	0.046
5622.000	0.013
5624.000	-0.045
5626.000	-0.003
5628.000	-0.013
5630.000	-0.034
5632.000	-0.014
5634.000	0.027
5636.000	-0.005
5638.000	-0.005
5640.000	0.002
5642.000	0.017
5644.000	0.016
5646.000	0.008
5648.000	0.020
5650.000	0.023
5652.000	0.028
5654.000	0.017
5656.000	0.027
5658.000	0.027
5660.000	0.010
5662.000	0.013
5664.000	0.017
5666.000	-0.019
5668.000	-0.006
5670.000	-0.008
5672.000	-0.022
5674.000	0.014
5676.000	-0.013
5678.000	-0.037
5680.000	-0.025
5682.000	0.013
5684.000	0.027
5686.000	-0.010
5688.000	-0.037
5690.000	-0.017
5692.000	0.007
5694.000	-0.022
5696.000	-0.020
5698.000	0.012
5700.000	0.030
5702.000	0.005
5704.000	-0.016
5706.000	-0.015
5708.000	-0.001
5710.000	0.006
5712.000	0.002
5714.000	-0.027
5716.000	-0.029
5718.000	0.008
5720.000	0.008
5722.000	0.008
5724.000	-0.010
5726.000	0.051
5728.000	-0.013
5730.000	-0.043
5732.000	-0.001
5734.000	-0.032
5736.000	0.000
5738.000	0.049
5740.000	-0.020
5742.000	0.034
5744.000	-0.002
5746.000	-0.015
5748.000	0.029
5750.000	-0.002
5752.000	-0.003
5754.000	-0.035
5756.000	-0.031
5758.000	-0.009
5760.000	0.012
5762.000	-0.001
5764.000	-0.009
5766.000	0.003
5768.000	0.032
5770.000	0.031
5772.000	0.001
5774.000	-0.037
5776.000	-0.018
5778.000	0.029
5780.000	0.015
5782.000	0.023
5784.000	0.013
5786.000	0.022
5788.000	0.037
5790.000	0.027
5792.000	0.021
5794.000	-0.004
5796.000	-0.003
5798.000	0.007
5800.000	0.009
5802.000	0.017
5804.000	0.005
5806.000	-0.007
5808.000	0.002
5810.000	-0.008
5812.000	-0.012
5814.000	0.006
5816.000	0.012
5818.000	0.007
5820.000	-0.010
5822.000	0.011
5824.000	0.033
5826.000	0.018
5828.000	0.003
5830.000	0.012
5832.000	-0.027
5834.000	-0.019
5836.000	-0.041
5838.000	0.002
5840.000	-0.012
5842.000	-0.041
5844.000	-0.001
5846.000	-0.029
5848.000	0.016
5850.000	0.039
5852.000	0.017
5854.000	0.010
5856.000	0.009
5858.000	-0.002
5860.000	-0.000
5862.000	-0.016
5864.000	0.006
5866.000	-0.003
5868.000	0.010
5870.000	-0.002
5872.000	0.058
5874.000	0.059
5876.000	-0.015
5878.000	-0.022
5880.000	0.016
5882.000	0.009
5884.000	-0.026
5886.000	0.011
5888.000	0.044
5890.000	0.032
5892.000	-0.000
5894.000	-0.019
5896.000	-0.026
5898.000	-0.000
5900.000	0.020
5902.000	-0.014
5904.000	-0.032
5906.000	-0.021
5908.000	0.042
5910.000	0.006
5912.000	-0.006
5914.000	0.007
5916.000	0.012
5918.000	0.006
5920.000	-0.013
5922.000	-0.001
5924.000	-0.011
5926.000	-0.016
5928.000	0.012
5930.000	0.025
5932.000	0.043
5934.000	0.023
5936.000	0.032
5938.000	0.015
5940.000	0.017
5942.000	0.017
5944.000	-0.024
5946.000	-0.003
5948.000	0.007
5950.000	-0.015
5952.000	-0.004
5954.000	0.012
5956.000	-0.010
5958.000	-0.020
5960.000	0.015
5962.000	0.008
5964.000	-0.017
5966.000	-0.028
5968.000	0.038
5970.000	-0.023
5972.000	-0.027
5974.000	-0.023
5976.000	0.028
5978.000	0.016
5980.000	0.006
5982.000	-0.014
5984.000	-0.007
5986.000	-0.027
5988.000	-0.002
5990.000	0.005
5992.000	-0.002
5994.000	0.043
5996.000	0.005
5998.000	-0.007
6000.000	0.016
6002.000	0.032
6004.000	0.026
6006.000	0.007
6008.000	-0.004
6010.000	0.009
6012.000	-0.002
6014.000	0.064
6016.000	0.048
6018.000	-0.047
6020.000	-0.039
6022.000	-0.012
6024.000	-0.018
6026.000	0.018
6028.000	-0.031
6030.000	-0.012
6032.000	-0.039
6034.000	-0.006
6036.000	-0.019
6038.000	-0.007
6040.000	0.011
6042.000	-0.014
6044.000	-0.025
6046.000	-0.025
6048.000	-0.029
6050.000	0.013
6052.000	0.025
6054.000	-0.003
6056.000	0.031
6058.000	0.043
6060.000	0.035
6062.000	0.001
6064.000	-0.041
6066.000	-0.037
6068.000	-0.030
6070.000	-0.027
6072.000	-0.015
6074.000	-0.018
6076.000	0.012
6078.000	-0.017
6080.000	-0.012
6082.000	0.010
6084.000	0.014
6086.000	0.064
6088.000	-0.005
6090.000	-0.007
6092.000	0.014
6094.000	0.024
6096.000	0.039
6098.000	0.026
6100.000	-0.024
6102.000	0.027
6104.000	-0.014
6106.000	-0.004
6108.000	-0.013
6110.000	-0.030
6112.000	0.010
6114.000	0.011
6116.000	0.017
6118.000	0.009
6120.000	-0.006
6122.000	-0.020
6124.000	-0.009
6126.000	0.005
6128.000	0.010
6130.000	-0.019
6132.000	-0.004
6134.000	0.004
6136.000	-0.022
6138.000	0.021
6140.000	-0.036
6142.000	-0.025
6144.000	0.002
6146.000	-0.006
6148.000	0.000
6150.000	-0.022
6152.000	0.015
6154.000	0.050
6156.000	0.014
6158.000	0.030
6160.000	0.008
6162.000	0.013
6164.000	0.061
6166.000	0.030
6168.000	-0.001
6170.000	0.000
6172.000	-0.017
6174.000	-0.018
6176.000	0.013
6178.000	-0.000
6180.000	0.036
6182.000	0.022
6184.000	0.005
6186.000	-0.029
6188.000	-0.026
6190.000	0.017
6192.000	0.008
6194.000	-0.017
6196.000	-0.013
6198.000	-0.022
6200.000	-0.007
6202.000	0.013
6204.000	-0.013
6206.000	-0.034
6208.000	-0.019
6210.000	-0.008
6212.000	0.016
6214.000	0.012
6216.000	0.006
6218.000	-0.001
6220.000	-0.019
6222.000	-0.014
6224.000	-0.032
6226.000	0.038
6228.000	-0.016
6230.000	0.047
6232.000	0.021
6234.000	-0.047
6236.000	0.053
6238.000	0.033
6240.000	-0.027
6242.000	0.008
6244.000	0.003
6246.000	-0.013
6248.000	-0.021
6250.000	-0.001
6252.000	0.006
6254.000	-0.001
6256.000	-0.008
6258.000	-0.006
6260.000	0.013
6262.000	0.013
6264.000	0.009
6266.000	0.008
6268.000	0.016
6270.000	0.000
6272.000	-0.018
6274.000	-0.000
6276.000	0.009
6278.000	0.029
6280.000	0.004
6282.000	-0.007
6284.000	0.028
6286.000	0.037
6288.000	0.031
6290.000	-0.049
6292.000	-0.012
6294.000	-0.015
6296.000	-0.036
6298.000	0.023
6300.000	-0.004
6302.000	0.050
6304.000	0.020
6306.000	0.008
6308.000	0.047
6310.000	0.025
6312.000	-0.004
6314.000	0.017
6316.000	0.005
6318.000	0.010
6320.000	0.000
6322.000	-0.026
6324.000	-0.019
6326.000	-0.044
6328.000	-0.030
6330.000	-0.008
6332.000	0.004
6334.000	0.015
6336.000	-0.042
6338.000	-0.044
6340.000	-0.004
6342.000	-0.002
6344.000	0.006
6346.000	0.016
6348.000	0.004
6350.000	-0.000
6352.000	-0.002
6354.000	0.003
6356.000	-0.020
6358.000	-0.018
6360.000	0.019
6362.000	0.048
6364.000	-0.012
6366.000	0.029
6368.000	0.024
6370.000	0.012
6372.000	0.004
6374.000	0.037
6376.000	-0.012
6378.000	-0.017
6380.000	0.012
6382.000	0.037
6384.000	0.007
6386.000	0.006
6388.000	0.022
6390.000	-0.006
6392.000	-0.012
6394.000	0.005
6396.000	0.007
6398.000	0.013
6400.000	0.010
6402.000	-0.000
6404.000	-0.006
6406.000	-0.013
6408.000	-0.015
6410.000	-0.012
6412.000	0.019
6414.000	-0.017
6416.000	0.002
6418.000	-0.026
6420.000	0.010
6422.000	-0.064
6424.000	0.013
6426.000	-0.005
6428.000	-0.047
6430.000	0.024
6432.000	0.024
6434.000	0.004
6436.000	-0.006
6438.000	0.000
6440.000	0.032
6442.000	-0.006
6444.000	0.012
6446.000	0.044
6448.000	0.005
6450.000	-0.022
6452.000	-0.005
6454.000	-0.015
6456.000	-0.019
6458.000	-0.037
6460.000	0.005
6462.000	-0.021
6464.000	-0.061
6466.000	-0.045
6468.000	-0.037
6470.000	0.018
6472.000	0.004
6474.000	0.006
6476.000	0.022
6478.000	-0.006
6480.000	0.007
6482.000	0.027
6484.000	-0.028
6486.000	0.027
6488.000	0.019
6490.000	-0.001
6492.000	0.003
6494.000	0.025
6496.000	0.005
6498.000	-0.028
6500.000	-0.018
6502.000	-0.006
6504.000	0.017
6506.000	0.032
6508.000	0.047
6510.000	0.043
6512.000	0.038
6514.000	0.051
6516.000	-0.014
6518.000	-0.043
6520.000	-0.012
6522.000	0.052
6524.000	0.028
6526.000	-0.024
6528.000	0.016
6530.000	0.021
6532.000	0.044
6534.000	0.011
6536.000	0.026
6538.000	0.020
6540.000	-0.018
6542.000	-0.028
6544.000	-0.025
6546.000	-0.017
6548.000	0.002
6550.000	0.010
6552.000	0.010
6554.000	0.014
6556.000	0.010
6558.000	0.004
6560.000	0.013
6562.000	-0.014
6564.000	-0.011
6566.000	-0.041
6568.000	-0.015
6570.000	0.011
6572.000	0.002
6574.000	0.013
6576.000	0.003
6578.000	0.016
6580.000	-0.021
6582.000	-0.015
6584.000	0.007
6586.000	0.009
6588.000	-0.001
6590.000	0.028
6592.000	0.027
6594.000	-0.021
6596.000	0.037
6598.000	0.010
6600.000	0.030
6602.000	-0.030
6604.000	-0.028
6606.000	0.008
6608.000	0.021
6610.000	-0.015
6612.000	-0.006
6614.000	0.054
6616.000	0.061
6618.000	0.013
6620.000	-0.001
6622.000	0.007
6624.000	0.026
6626.000	0.026
6628.000	-0.003
6630.000	0.019
6632.000	0.003
6634.000	0.002
6636.000	0.028
6638.000	0.018
6640.000	-0.005
6642.000	-0.044
6644.000	-0.040
6646.000	-0.024
6648.000	-0.031
6650.000	0.011
6652.000	-0.020
6654.000	-0.005
6656.000	0.029
6658.000	0.026
6660.000	0.003
6662.000	-0.033
6664.000	-0.006
6666.000	0.046
6668.000	-0.015
6670.000	0.007
6672.000	0.040
6674.000	0.031
6676.000	0.011
6678.000	0.022
6680.000	0.012
6682.000	0.018
6684.000	0.006
6686.000	0.001
6688.000	-0.009
6690.000	0.011
6692.000	0.007
6694.000	-0.015
6696.000	0.017
6698.000	0.016
6700.000	0.020
6702.000	0.034
6704.000	0.031
6706.000	0.025
6708.000	0.002
6710.000	-0.005
6712.000	0.025
6714.000	0.006
6716.000	0.000
6718.000	0.029
6720.000	0.006
6722.000	0.047
6724.000	-0.043
6726.000	0.011
6728.000	0.031
6730.000	0.003
6732.000	0.053
6734.000	0.022
6736.000	0.041
6738.000	0.024
6740.000	-0.021
6742.000	-0.029
6744.000	-0.033
6746.000	-0.010
6748.000	0.001
6750.000	0.007
6752.000	-0.002
6754.000	-0.012
6756.000	0.005
6758.000	0.018
6760.000	0.010
6762.000	-0.012
6764.000	-0.017
6766.000	0.012
6768.000	-0.017
6770.000	-0.016
6772.000	-0.027
6774.000	0.012
6776.000	-0.008
6778.000	-0.021
6780.000	-0.057
6782.000	-0.012
6784.000	0.009
6786.000	0.015
6788.000	0.018
6790.000	-0.005
6792.000	-0.032
6794.000	-0.003
6796.000	-0.001
6798.000	0.017
6800.000	0.025
6802.000	0.030
6804.000	0.011
6806.000	-0.033
6808.000	-0.014
6810.000	0.011
6812.000	-0.005
6814.000	-0.037
6816.000	0.013
6818.000	-0.006
6820.000	-0.015
6822.000	0.006
6824.000	-0.003
6826.000	-0.016
6828.000	0.007
6830.000	0.031
6832.000	-0.008
6834.000	-0.013
6836.000	0.019
6838.000	-0.012
6840.000	-0.002
6842.000	0.022
6844.000	0.014
6846.000	-0.055
6848.000	-0.021
6850.000	0.005
6852.000	0.015
6854.000	0.018
6856.000	0.020
6858.000	0.015
6860.000	0.020
6862.000	-0.024
6864.000	-0.000
6866.000	0.012
6868.000	0.017
6870.000	-0.017
6872.000	-0.038
6874.000	0.004
6876.000	-0.014
6878.000	0.011
6880.000	0.041
6882.000	-0.024
6884.000	0.013
6886.000	-0.028
6888.000	0.018
6890.000	0.023
6892.000	0.020
6894.000	0.041
6896.000	0.013
6898.000	0.010
6900.000	-0.001
6902.000	0.041
6904.000	-0.007
6906.000	-0.012
6908.000	-0.008
6910.000	-0.002
6912.000	0.010
6914.000	-0.011
6916.000	-0.002
6918.000	0.008
6920.000	-0.000
6922.000	0.011
6924.000	0.003
6926.000	0.012
6928.000	-0.016
6930.000	0.009
6932.000	-0.011
6934.000	-0.013
6936.000	-0.010
6938.000	0.002
6940.000	0.013
6942.000	-0.010
6944.000	0.011
6946.000	-0.001
6948.000	0.014
6950.000	0.004
6952.000	-0.010
6954.000	0.014
6956.000	0.009
6958.000	-0.003
6960.000	0.023
6962.000	0.027
6964.000	-0.012
6966.000	-0.049
6968.000	0.004
6970.000	0.025
6972.000	0.026
6974.000	-0.037
6976.000	-0.026
6978.000	-0.017
6980.000	0.005
6982.000	0.002
6984.000	0.007
6986.000	0.003
6988.000	-0.030
6990.000	0.014
6992.000	0.010
6994.000	0.026
6996.000	0.028
6998.000	-0.013
7000.000	0.017
7002.000	0.021
7004.000	0.015
7006.000	-0.006
7008.000	0.007
7010.000	0.004
7012.000	0.040
7014.000	0.034
7016.000	0.018
7018.000	0.005
7020.000	-0.005
7022.000	0.026
7024.000	0.034
7026.000	-0.000
7028.000	-0.011
7030.000	-0.005
7032.000	-0.019
7034.000	0.013
7036.000	0.008
7038.000	-0.013
7040.000	0.003
7042.000	0.031
7044.000	0.011
7046.000	0.025
7048.000	-0.008
7050.000	-0.038
7052.000	-0.014
7054.000	-0.001
7056.000	0.030
7058.000	-0.002
7060.000	-0.012
7062.000	-0.007
7064.000	-0.019
7066.000	0.011
7068.000	-0.015
7070.000	-0.015
7072.000	-0.001
7074.000	0.013
7076.000	0.041
7078.000	0.008
7080.000	0.011
7082.000	0.007
7084.000	-0.052
7086.000	-0.028
7088.000	0.050
7090.000	0.008
7092.000	0.004
7094.000	-0.037
7096.000	-0.018
7098.000	0.062
7100.000	-0.044
7102.000	-0.001
7104.000	-0.012
7106.000	-0.029
7108.000	-0.027
7110.000	-0.005
7112.000	-0.010
7114.000	-0.014
7116.000	-0.008
7118.000	0.001
7120.000	-0.008
7122.000	-0.022
7124.000	0.013
7126.000	0.025
7128.000	-0.010
7130.000	0.017
7132.000	0.021
7134.000	-0.024
7136.000	-0.017
7138.000	-0.035
7140.000	0.024
7142.000	-0.025
7144.000	0.017
7146.000	-0.004
7148.000	0.002
7150.000	0.037
7152.000	0.069
7154.000	0.036
7156.000	0.010
7158.000	0.019
7160.000	0.022
7162.000	-0.001
7164.000	0.017
7166.000	0.006
7168.000	-0.000
7170.000	0.038
7172.000	0.009
7174.000	-0.040
7176.000	0.005
7178.000	-0.001
7180.000	-0.028
7182.000	-0.023
7184.000	0.006
7186.000	-0.004
7188.000	0.010
7190.000	0.021
7192.000	-0.005
7194.000	0.009
7196.000	0.031
7198.000	-0.008
7200.000	0.013
7202.000	0.016
7204.000	0.008
7206.000	0.015
7208.000	0.034
7210.000	-0.018
7212.000	0.024
7214.000	0.032
7216.000	-0.034
7218.000	-0.032
7220.000	0.023
7222.000	0.042
7224.000	0.022
7226.000	0.018
7228.000	0.042
7230.000	-0.005
7232.000	0.025
7234.000	0.003
7236.000	-0.029
7238.000	-0.031
7240.000	0.006
7242.000	-0.013
7244.000	-0.063
7246.000	-0.052
7248.000	-0.008
7250.000	0.059
7252.000	0.024
7254.000	0.016
7256.000	0.026
7258.000	-0.003
7260.000	-0.019
7262.000	0.008
7264.000	0.034
7266.000	-0.001
7268.000	0.000
7270.000	0.028
7272.000	0.004
7274.000	0.056
7276.000	0.022
7278.000	-0.016
7280.000	-0.012
7282.000	-0.009
7284.000	-0.004
7286.000	-0.002
7288.000	-0.015
7290.000	0.014
7292.000	0.032
7294.000	0.043
7296.000	0.015
7298.000	-0.029
7300.000	0.006
7302.000	-0.007
7304.000	-0.029
7306.000	0.010
7308.000	-0.022
7310.000	0.013
7312.000	-0.027
7314.000	-0.022
7316.000	0.002
7318.000	-0.030
7320.000	-0.052
7322.000	0.006
7324.000	0.003
7326.000	-0.022
7328.000	-0.017
7330.000	0.003
7332.000	0.025
7334.000	0.028
7336.000	0.047
7338.000	0.054
7340.000	0.007
7342.000	-0.007
7344.000	-0.022
7346.000	0.030
7348.000	-0.003
7350.000	-0.024
7352.000	-0.014
7354.000	0.049
7356.000	0.046
7358.000	-0.002
7360.000	0.028
7362.000	-0.015
7364.000	0.012
7366.000	0.013
7368.000	-0.020
7370.000	-0.001
7372.000	-0.008
7374.000	-0.040
7376.000	-0.004
7378.000	0.035
7380.000	0.008
7382.000	0.024
7384.000	0.043
7386.000	0.009
7388.000	-0.006
7390.000	0.001
7392.000	0.018
7394.000	0.036
7396.000	0.043
7398.000	0.010
7400.000	-0.013
7402.000	0.005
7404.000	-0.020
7406.000	0.003
7408.000	0.013
7410.000	0.021
7412.000	0.017
7414.000	-0.018
7416.000	0.009
7418.000	0.023
7420.000	0.024
7422.000	0.003
7424.000	-0.014
7426.000	-0.000
7428.000	0.019
7430.000	0.049
7432.000	0.017
7434.000	0.028
7436.000	0.019
7438.000	-0.014
7440.000	0.012
7442.000	0.033
7444.000	-0.002
7446.000	-0.010
7448.000	-0.032
7450.000	0.043
7452.000	-0.020
7454.000	-0.031
7456.000	0.014
7458.000	0.015
7460.000	0.017
7462.000	0.009
7464.000	0.028
7466.000	-0.001
7468.000	0.032
7470.000	0.029
7472.000	0.003
7474.000	-0.058
7476.000	0.015
7478.000	0.043
7480.000	0.040
7482.000	0.022
7484.000	0.017
7486.000	-0.016
7488.000	-0.008
7490.000	0.042
7492.000	-0.014
7494.000	0.007
7496.000	0.035
7498.000	0.028
7500.000	0.038
7502.000	0.023
7504.000	-0.023
7506.000	-0.017
7508.000	-0.005
7510.000	-0.015
7512.000	-0.039
7514.000	-0.015
7516.000	0.034
7518.000	0.052
7520.000	0.042
7522.000	0.009
7524.000	0.001
7526.000	0.026
7528.000	0.033
7530.000	0.012
7532.000	0.000
7534.000	-0.014
7536.000	-0.024
7538.000	-0.013
7540.000	0.025
7542.000	0.024
7544.000	0.004
7546.000	0.024
7548.000	0.013
7550.000	-0.021
7552.000	-0.007
7554.000	-0.029
7556.000	-0.024
7558.000	0.006
7560.000	0.007
7562.000	0.001
7564.000	-0.021
7566.000	0.011
7568.000	0.038
7570.000	-0.004
7572.000	-0.001
7574.000	-0.004
7576.000	0.014
7578.000	-0.001
7580.000	-0.021
7582.000	0.016
7584.000	0.004
7586.000	-0.010
7588.000	0.003
7590.000	-0.023
7592.000	-0.000
7594.000	-0.003
7596.000	-0.018
7598.000	-0.023
7600.000	0.012
7602.000	0.004
7604.000	-0.007
7606.000	-0.017
7608.000	-0.015
7610.000	-0.023
7612.000	-0.006
7614.000	0.069
7616.000	-0.030
7618.000	0.022
7620.000	0.020
7622.000	0.020
7624.000	0.016
7626.000	0.003
7628.000	0.021
7630.000	0.035
7632.000	-0.009
7634.000	-0.004
7636.000	-0.021
7638.000	-0.031
7640.000	0.010
7642.000	-0.016
7644.000	-0.017
7646.000	-0.002
7648.000	0.008
7650.000	-0.004
7652.000	-0.046
7654.000	0.013
7656.000	-0.010
7658.000	-0.019
7660.000	0.010
7662.000	0.029
7664.000	0.026
7666.000	-0.017
7668.000	0.001
7670.000	0.005
7672.000	-0.004
7674.000	-0.012
7676.000	-0.031
7678.000	-0.039
7680.000	0.000
7682.000	0.003
7684.000	-0.022
7686.000	-0.004
7688.000	0.022
7690.000	-0.008
7692.000	0.007
7694.000	0.013
7696.000	0.011
7698.000	-0.011
7700.000	-0.042
7702.000	-0.039
7704.000	-0.012
7706.000	0.013
7708.000	-0.027
7710.000	0.004
7712.000	-0.037
7714.000	-0.003
7716.000	-0.031
7718.000	-0.057
7720.000	-0.020
7722.000	0.025
7724.000	0.024
7726.000	0.008
7728.000	-0.055
7730.000	-0.022
7732.000	0.006
7734.000	0.017
7736.000	0.030
7738.000	0.014
7740.000	0.011
7742.000	0.018
7744.000	0.032
7746.000	0.020
7748.000	-0.001
7750.000	0.006
7752.000	0.025
7754.000	0.043
7756.000	0.017
7758.000	-0.029
7760.000	-0.012
7762.000	0.021
7764.000	-0.001
7766.000	-0.013
7768.000	0.020
7770.000	-0.037
7772.000	0.018
7774.000	0.015
7776.000	-0.007
7778.000	-0.011
7780.000	0.005
7782.000	0.009
7784.000	-0.018
7786.000	-0.024
7788.000	-0.036
7790.000	-0.010
7792.000	0.010
7794.000	0.023
7796.000	0.028
7798.000	0.023
7800.000	0.004
7802.000	0.027
7804.000	0.034
7806.000	0.022
7808.000	-0.027
7810.000	-0.004
7812.000	0.027
7814.000	0.022
7816.000	0.015
7818.000	0.032
7820.000	0.017
7822.000	-0.020
7824.000	0.023
7826.000	-0.043
7828.000	-0.014
7830.000	0.030
7832.000	0.022
7834.000	-0.004
7836.000	0.008
7838.000	0.012
7840.000	-0.010
7842.000	-0.031
7844.000	-0.007
7846.000	0.021
7848.000	0.050
7850.000	0.005
7852.000	-0.008
7854.000	-0.016
7856.000	-0.031
7858.000	-0.003
7860.000	-0.027
7862.000	-0.036
7864.000	-0.013
7866.000	0.010
7868.000	0.004
7870.000	-0.022
7872.000	-0.016
7874.000	-0.018
7876.000	-0.012
7878.000	0.010
7880.000	0.008
7882.000	-0.015
7884.000	-0.017
7886.000	0.010
7888.000	0.033
7890.000	0.042
7892.000	-0.011
7894.000	-0.050
7896.000	-0.047
7898.000	-0.033
7900.000	0.024
7902.000	0.037
7904.000	0.007
7906.000	0.027
7908.000	-0.009
7910.000	-0.021
7912.000	-0.062
7914.000	-0.001
7916.000	0.025
7918.000	-0.013
7920.000	0.043
7922.000	0.022
7924.000	0.001
7926.000	0.019
7928.000	0.011
7930.000	-0.000
7932.000	-0.044
7934.000	0.000
7936.000	0.032
7938.000	-0.013
7940.000	0.006
7942.000	0.006
7944.000	-0.021
7946.000	0.006
7948.000	0.008
7950.000	0.003
7952.000	0.016
7954.000	-0.012
7956.000	0.017
7958.000	-0.060
7960.000	-0.002
7962.000	0.028
7964.000	-0.020
7966.000	0.006
7968.000	0.020
7970.000	0.001
7972.000	-0.019
7974.000	-0.008
7976.000	0.012
7978.000	0.049
7980.000	-0.025
7982.000	-0.019
7984.000	-0.039
7986.000	-0.014
7988.000	-0.004
7990.000	0.002
7992.000	0.033
7994.000	0.011
7996.000	-0.021
7998.000	-0.008
8000.000	0.053
8002.000	0.054
8004.000	0.002
8006.000	0.026
8008.000	-0.032
8010.000	0.001
8012.000	-0.005
8014.000	0.017
8016.000	0.009
8018.000	-0.007
8020.000	0.013
8022.000	0.005
8024.000	0.006
8026.000	0.008
8028.000	-0.031
8030.000	-0.030
8032.000	0.019
8034.000	0.031
8036.000	0.013
8038.000	-0.021
8040.000	-0.044
8042.000	0.032
8044.000	0.024
8046.000	-0.016
8048.000	-0.011
8050.000	0.026
8052.000	-0.012
8054.000	-0.003
8056.000	0.030
8058.000	-0.018
8060.000	-0.018
8062.000	-0.007
8064.000	-0.005
8066.000	0.019
8068.000	0.000
8070.000	-0.037
8072.000	-0.012
8074.000	-0.009
8076.000	-0.013
8078.000	0.037
8080.000	-0.036
8082.000	-0.040
8084.000	0.033
8086.000	-0.072
8088.000	-0.042
8090.000	-0.016
8092.000	0.055
8094.000	-0.004
8096.000	0.002
8098.000	-0.022
8100.000	-0.045
8102.000	-0.005
8104.000	0.007
8106.000	0.009
8108.000	-0.024
8110.000	-0.035
8112.000	-0.036
8114.000	-0.004
8116.000	0.014
8118.000	0.012
8120.000	0.023
8122.000	-0.011
8124.000	-0.001
8126.000	0.000
8128.000	-0.038
8130.000	-0.010
8132.000	0.024
8134.000	0.034
8136.000	0.042
8138.000	0.022
8140.000	0.040
8142.000	0.044
8144.000	-0.043
8146.000	-0.011
8148.000	-0.018
8150.000	-0.067
8152.000	-0.019
8154.000	-0.001
8156.000	0.045
8158.000	0.003
8160.000	0.025
8162.000	-0.001
8164.000	0.012
8166.000	-0.000
8168.000	0.018
8170.000	-0.027
8172.000	-0.041
8174.000	0.030
8176.000	0.045
8178.000	0.013
8180.000	0.016
8182.000	0.019
8184.000	0.014
8186.000	0.018
8188.000	0.002
8190.000	-0.016
8192.000	0.025
8194.000	0.028
8196.000	-0.005
8198.000	-0.013
8200.000	0.006
8202.000	0.008
8204.000	0.002
8206.000	-0.058
8208.000	0.005
8210.000	-0.036
8212.000	-0.016
8214.000	-0.010
8216.000	0.027
8218.000	0.009
8220.000	-0.001
8222.000	0.017
8224.000	0.032
8226.000	0.013
8228.000	0.006
8230.000	-0.001
8232.000	-0.018
8234.000	-0.018
8236.000	0.005
8238.000	0.015
8240.000	-0.009
8242.000	0.007
8244.000	0.003
8246.000	-0.010
8248.000	0.038
8250.000	0.044
8252.000	0.041
8254.000	-0.015
8256.000	0.009
8258.000	-0.020
8260.000	-0.013
8262.000	0.006
8264.000	-0.024
8266.000	-0.034
8268.000	-0.006
8270.000	0.008
8272.000	0.031
8274.000	0.029
8276.000	0.027
8278.000	0.024
8280.000	0.030
8282.000	0.002
8284.000	0.006
8286.000	-0.004
8288.000	-0.024
8290.000	0.006
8292.000	0.013
8294.000	0.006
8296.000	0.020
8298.000	0.021
8300.000	-0.002
8302.000	0.007
8304.000	-0.004
8306.000	0.003
8308.000	-0.013
8310.000	0.008
8312.000	0.015
8314.000	0.009
8316.000	0.027
8318.000	-0.008
8320.000	-0.006
8322.000	-0.001
8324.000	-0.017
8326.000	-0.023
8328.000	-0.018
8330.000	-0.003
8332.000	-0.026
8334.000	-0.022
8336.000	0.003
8338.000	-0.015
8340.000	0.004
8342.000	0.022
8344.000	0.079
8346.000	0.017
8348.000	-0.018
8350.000	-0.014
8352.000	-0.001
8354.000	0.013
8356.000	-0.020
8358.000	-0.017
8360.000	-0.022
8362.000	0.023
8364.000	-0.019
8366.000	0.011
8368.000	-0.004
8370.000	-0.019
8372.000	0.018
8374.000	-0.004
8376.000	-0.029
8378.000	-0.022
8380.000	0.008
8382.000	0.012
8384.000	0.004
8386.000	0.003
8388.000	0.035
8390.000	0.028
8392.000	0.009
8394.000	0.042
8396.000	-0.016
8398.000	-0.043
8400.000	0.021
8402.000	0.043
8404.000	-0.009
8406.000	-0.006
8408.000	0.007
8410.000	-0.009
8412.000	-0.022
8414.000	-0.010
8416.000	0.018
8418.000	0.009
8420.000	-0.006
8422.000	-0.007
8424.000	0.037
8426.000	0.019
8428.000	-0.014
8430.000	0.004
8432.000	-0.048
8434.000	-0.003
8436.000	-0.006
8438.000	0.009
8440.000	0.021
8442.000	-0.001
8444.000	0.011
8446.000	0.022
8448.000	-0.007
8450.000	-0.005
8452.000	-0.004
8454.000	0.024
8456.000	0.008
8458.000	-0.005
8460.000	0.022
8462.000	0.009
8464.000	0.029
8466.000	-0.021
8468.000	-0.049
8470.000	0.035
8472.000	0.016
8474.000	0.031
8476.000	0.001
8478.000	-0.042
8480.000	0.040
8482.000	0.030
8484.000	-0.002
8486.000	0.017
8488.000	0.024
8490.000	0.015
8492.000	-0.002
8494.000	0.023
8496.000	0.010
8498.000	0.005
8500.000	0.061
8502.000	0.014
8504.000	0.061
8506.000	0.008
8508.000	-0.000
8510.000	-0.016
8512.000	-0.025
8514.000	0.011
8516.000	-0.004
8518.000	-0.027
8520.000	0.005
8522.000	0.030
8524.000	-0.008
8526.000	0.048
8528.000	0.008
8530.000	0.017
8532.000	0.033
8534.000	0.027
8536.000	0.015
8538.000	-0.038
8540.000	-0.038
8542.000	-0.005
8544.000	0.028
8546.000	-0.014
8548.000	-0.009
8550.000	0.003
8552.000	0.004
8554.000	0.012
8556.000	0.010
8558.000	0.003
8560.000	-0.003
8562.000	0.032
8564.000	0.038
8566.000	0.019
8568.000	0.002
8570.000	0.021
8572.000	0.029
8574.000	0.003
8576.000	-0.003
8578.000	-0.000
8580.000	-0.017
8582.000	-0.009
8584.000	-0.005
8586.000	-0.010
8588.000	0.017
8590.000	0.032
8592.000	0.010
8594.000	0.014
8596.000	0.017
8598.000	0.016
8600.000	0.013
8602.000	0.019
8604.000	0.036
8606.000	-0.005
8608.000	-0.001
8610.000	0.001
8612.000	-0.020
8614.000	0.019
8616.000	0.017
8618.000	-0.007
8620.000	-0.013
8622.000	0.014
8624.000	-0.008
8626.000	0.013
8628.000	-0.016
8630.000	-0.022
8632.000	-0.072
8634.000	0.016
8636.000	-0.006
8638.000	-0.034
8640.000	-0.019
8642.000	-0.013
8644.000	-0.012
8646.000	-0.010
8648.000	0.014
8650.000	0.019
8652.000	0.004
8654.000	0.004
8656.000	0.007
8658.000	-0.022
8660.000	-0.007
8662.000	-0.018
8664.000	0.008
8666.000	-0.005
8668.000	-0.006
8670.000	0.023
8672.000	-0.012
8674.000	0.006
8676.000	-0.020
8678.000	0.020
8680.000	-0.036
8682.000	-0.060
8684.000	0.041
8686.000	0.000
8688.000	0.022
8690.000	-0.005
8692.000	0.040
8694.000	0.040
8696.000	-0.013
8698.000	-0.020
8700.000	-0.025
8702.000	-0.061
8704.000	-0.013
8706.000	0.003
8708.000	-0.023
8710.000	0.014
8712.000	0.013
8714.000	-0.021
8716.000	-0.031
8718.000	0.017
8720.000	0.008
8722.000	-0.012
8724.000	0.031
8726.000	-0.033
8728.000	-0.013
8730.000	-0.022
8732.000	-0.008
8734.000	0.010
8736.000	0.018
8738.000	0.025
8740.000	-0.010
8742.000	0.011
8744.000	0.016
8746.000	0.031
8748.000	-0.019
8750.000	-0.012
8752.000	-0.015
8754.000	0.018
8756.000	-0.013
8758.000	-0.020
8760.000	-0.003
8762.000	-0.040
8764.000	-0.029
8766.000	0.005
8768.000	-0.001
8770.000	-0.017
8772.000	-0.064
8774.000	0.009
8776.000	0.000
8778.000	-0.054
8780.000	-0.015
8782.000	-0.017
8784.000	-0.014
8786.000	-0.015
8788.000	0.045
8790.000	-0.027
8792.000	-0.008
8794.000	0.006
8796.000	0.075
8798.000	0.027
8800.000	-0.021
8802.000	0.028
8804.000	-0.014
8806.000	0.033
8808.000	0.052
8810.000	0.012
8812.000	-0.016
8814.000	-0.028
8816.000	-0.013
8818.000	0.017
8820.000	0.055
8822.000	0.054
8824.000	0.027
8826.000	0.008
8828.000	0.016
8830.000	-0.011
8832.000	-0.021
8834.000	-0.019
8836.000	-0.016
8838.000	0.009
8840.000	-0.023
8842.000	0.037
8844.000	-0.021
8846.000	-0.001
8848.000	0.006
8850.000	0.053
8852.000	0.019
8854.000	0.011
8856.000	-0.046
8858.000	0.040
8860.000	0.021
8862.000	-0.012
8864.000	-0.034
8866.000	0.050
8868.000	0.067
8870.000	0.045
8872.000	0.025
8874.000	0.020
8876.000	0.035
8878.000	0.014
8880.000	0.003
8882.000	0.017
8884.000	0.013
8886.000	0.018
8888.000	0.017
8890.000	0.004
8892.000	0.015
8894.000	-0.039
8896.000	-0.025
8898.000	-0.016
8900.000	-0.019
8902.000	0.004
8904.000	0.007
8906.000	0.032
8908.000	0.021
8910.000	-0.000
8912.000	0.013
8914.000	0.001
8916.000	-0.003
8918.000	0.013
8920.000	0.002
8922.000	0.006
8924.000	-0.010
8926.000	-0.010
8928.000	-0.026
8930.000	-0.025
8932.000	0.024
8934.000	0.020
8936.000	-0.019
8938.000	-0.024
8940.000	0.000
8942.000	0.018
8944.000	0.017
8946.000	0.022
8948.000	0.005
8950.000	0.034
8952.000	-0.001
8954.000	-0.056
8956.000	0.029
8958.000	0.006
8960.000	0.006
8962.000	-0.031
8964.000	0.011
8966.000	-0.010
8968.000	0.006
8970.000	0.035
8972.000	0.064
8974.000	0.022
8976.000	-0.004
8978.000	0.029
8980.000	0.027
8982.000	0.017
8984.000	-0.009
8986.000	-0.056
8988.000	-0.041
8990.000	-0.002
8992.000	0.012
8994.000	-0.003
8996.000	0.004
8998.000	0.023
9000.000	0.016
9002.000	0.010
9004.000	0.028
9006.000	0.000
9008.000	-0.020
9010.000	-0.004
9012.000	-0.036
9014.000	0.009
9016.000	-0.004
9018.000	0.005
9020.000	0.014
9022.000	0.022
9024.000	0.029
9026.000	-0.006
9028.000	-0.053
9030.000	-0.040
9032.000	0.029
9034.000	0.045
9036.000	-0.002
9038.000	0.004
9040.000	-0.011
9042.000	0.017
9044.000	0.001
9046.000	-0.036
9048.000	-0.039
9050.000	-0.012
9052.000	-0.008
9054.000	0.013
9056.000	0.033
9058.000	0.013
9060.000	-0.001
9062.000	-0.017
9064.000	-0.023
9066.000	0.027
9068.000	0.014
9070.000	-0.019
9072.000	0.010
9074.000	0.025
9076.000	0.011
9078.000	0.031
9080.000	0.003
9082.000	-0.003
9084.000	0.014
9086.000	0.013
9088.000	0.039
9090.000	0.004
9092.000	0.012
9094.000	0.021
9096.000	-0.003
9098.000	0.034
9100.000	0.042
9102.000	0.007
9104.000	-0.012
9106.000	0.040
9108.000	-0.015
9110.000	-0.040
9112.000	0.022
9114.000	0.029
9116.000	-0.006
9118.000	0.020
9120.000	0.029
9122.000	0.027
9124.000	-0.020
9126.000	-0.008
9128.000	0.017
9130.000	0.000
9132.000	0.020
9134.000	0.053
9136.000	0.023
9138.000	0.016
9140.000	0.013
9142.000	0.014
9144.000	0.019
9146.000	0.021
9148.000	0.026
9150.000	-0.008
9152.000	-0.014
9154.000	0.021
9156.000	0.047
9158.000	0.033
9160.000	0.003
9162.000	-0.003
9164.000	-0.003
9166.000	-0.004
9168.000	-0.024
9170.000	-0.033
9172.000	0.001
9174.000	0.022
9176.000	-0.006
9178.000	-0.020
9180.000	-0.019
9182.000	-0.005
9184.000	-0.003
9186.000	-0.003
9188.000	-0.010
9190.000	0.032
9192.000	-0.019
9194.000	0.024
9196.000	-0.016
9198.000	-0.011
9200.000	0.023
9202.000	0.053
9204.000	0.016
9206.000	0.030
9208.000	0.007
9210.000	-0.002
9212.000	-0.045
9214.000	0.031
9216.000	0.012
9218.000	-0.015
9220.000	0.003
9222.000	0.009
9224.000	0.014
9226.000	-0.001
9228.000	0.005
9230.000	0.021
9232.000	-0.032
9234.000	0.046
9236.000	0.020
9238.000	0.014
9240.000	-0.015
9242.000	-0.014
9244.000	0.024
9246.000	0.013
9248.000	0.013
9250.000	0.010
9252.000	0.021
9254.000	-0.016
9256.000	-0.025
9258.000	0.024
9260.000	0.025
9262.000	-0.033
9264.000	-0.001
9266.000	-0.002
9268.000	0.005
9270.000	-0.043
9272.000	0.017
9274.000	0.035
9276.000	0.029
9278.000	0.022
9280.000	-0.008
9282.000	0.006
9284.000	0.025
9286.000	0.016
9288.000	-0.011
9290.000	-0.016
9292.000	0.016
9294.000	0.025
9296.000	0.003
9298.000	0.026
9300.000	0.038
9302.000	0.029
9304.000	0.046
9306.000	-0.007
9308.000	-0.001
9310.000	0.004
9312.000	-0.022
9314.000	0.011
9316.000	-0.003
9318.000	-0.027
9320.000	-0.000
9322.000	-0.010
9324.000	0.003
9326.000	-0.013
9328.000	0.003
9330.000	0.012
9332.000	0.040
9334.000	0.018
9336.000	0.007
9338.000	0.021
9340.000	0.028
9342.000	-0.022
9344.000	0.034
9346.000	0.028
9348.000	-0.010
9350.000	-0.030
9352.000	-0.016
9354.000	0.030
9356.000	-0.002
9358.000	-0.014
9360.000	-0.040
9362.000	0.003
9364.000	0.030
9366.000	0.040
9368.000	0.016
9370.000	0.006
9372.000	0.028
9374.000	0.018
9376.000	0.000
9378.000	0.003
9380.000	0.017
9382.000	0.031
9384.000	0.062
9386.000	0.040
9388.000	-0.008
9390.000	0.019
9392.000	0.013
9394.000	-0.031
9396.000	0.016
9398.000	0.019
9400.000	0.034
9402.000	0.034
9404.000	0.006
9406.000	0.055
9408.000	0.006
9410.000	0.043
9412.000	-0.021
9414.000	0.064
9416.000	0.008
9418.000	0.011
9420.000	-0.019
9422.000	-0.017
9424.000	0.009
9426.000	0.003
9428.000	0.019
9430.000	0.024
9432.000	0.002
9434.000	-0.032
9436.000	-0.014
9438.000	0.033
9440.000	-0.003
9442.000	-0.002
9444.000	-0.006
9446.000	-0.015
9448.000	0.021
9450.000	-0.006
9452.000	-0.009
9454.000	0.045
9456.000	0.052
9458.000	0.019
9460.000	0.009
9462.000	0.006
9464.000	0.033
9466.000	0.000
9468.000	-0.006
9470.000	-0.000
9472.000	-0.012
9474.000	0.001
9476.000	-0.004
9478.000	0.011
9480.000	-0.003
9482.000	-0.024
9484.000	-0.048
9486.000	0.042
9488.000	0.012
9490.000	-0.004
9492.000	-0.007
9494.000	0.022
9496.000	0.028
9498.000	0.006
9500.000	0.013
9502.000	0.011
9504.000	0.017
9506.000	0.034
9508.000	0.044
9510.000	-0.003
9512.000	-0.017
9514.000	0.001
9516.000	-0.002
9518.000	0.015
9520.000	0.001
9522.000	-0.017
9524.000	-0.009
9526.000	0.020
9528.000	0.006
9530.000	0.026
9532.000	0.015
9534.000	0.026
9536.000	0.034
9538.000	0.032
9540.000	-0.006
9542.000	0.036
9544.000	0.053
9546.000	-0.011
9548.000	-0.009
9550.000	-0.001
9552.000	-0.013
9554.000	-0.011
9556.000	-0.007
9558.000	0.018
9560.000	0.002
9562.000	0.033
9564.000	0.016
9566.000	-0.009
9568.000	0.003
9570.000	0.017
9572.000	-0.002
9574.000	0.039
9576.000	0.018
9578.000	0.027
9580.000	0.004
9582.000	-0.035
9584.000	-0.027
9586.000	-0.028
9588.000	0.015
9590.000	-0.018
9592.000	-0.025
9594.000	0.029
9596.000	-0.015
9598.000	0.007
9600.000	0.001
9602.000	-0.010
9604.000	0.059
9606.000	0.043
9608.000	0.053
9610.000	0.054
9612.000	0.023
9614.000	0.054
9616.000	0.038
9618.000	0.019
9620.000	0.010
9622.000	-0.031
9624.000	-0.018
9626.000	0.005
9628.000	0.001
9630.000	0.009
9632.000	0.007
9634.000	0.037
9636.000	0.020
9638.000	0.018
9640.000	0.003
9642.000	-0.020
9644.000	-0.017
9646.000	-0.021
9648.000	-0.005
9650.000	0.007
9652.000	-0.001
9654.000	0.003
9656.000	0.012
9658.000	0.003
9660.000	-0.022
9662.000	-0.035
9664.000	0.005
9666.000	-0.019
9668.000	-0.014
9670.000	0.003
9672.000	-0.003
9674.000	0.007
9676.000	0.024
9678.000	0.028
9680.000	0.023
9682.000	-0.018
9684.000	-0.006
9686.000	0.017
9688.000	0.002
9690.000	0.007
9692.000	0.025
9694.000	0.012
9696.000	0.011
9698.000	-0.022
9700.000	0.002
9702.000	-0.006
9704.000	-0.003
9706.000	-0.020
9708.000	-0.040
9710.000	0.023
9712.000	0.035
9714.000	0.022
9716.000	-0.041
9718.000	-0.020
9720.000	0.013
9722.000	-0.054
9724.000	0.044
9726.000	0.032
9728.000	-0.014
9730.000	-0.047
9732.000	0.013
9734.000	0.019
9736.000	0.022
9738.000	-0.010
9740.000	-0.009
9742.000	-0.000
9744.000	-0.006
9746.000	0.025
9748.000	-0.005
9750.000	-0.010
9752.000	-0.034
9754.000	0.061
9756.000	0.008
9758.000	0.022
9760.000	0.010
9762.000	-0.007
9764.000	0.018
9766.000	0.010
9768.000	0.014
9770.000	0.007
9772.000	-0.008
9774.000	0.038
9776.000	0.028
9778.000	-0.006
9780.000	-0.037
9782.000	-0.006
9784.000	-0.007
9786.000	-0.026
9788.000	-0.024
9790.000	-0.053
9792.000	-0.002
9794.000	0.015
9796.000	0.018
9798.000	-0.009
9800.000	-0.014
9802.000	-0.002
9804.000	-0.016
9806.000	-0.003
9808.000	0.015
9810.000	0.008
9812.000	0.004
9814.000	0.021
9816.000	0.006
9818.000	-0.011
9820.000	0.000
9822.000	-0.007
9824.000	0.031
9826.000	0.023
9828.000	0.047
9830.000	-0.038
9832.000	0.001
9834.000	0.031
9836.000	0.035
9838.000	0.022
9840.000	-0.030
9842.000	-0.009
9844.000	-0.024
9846.000	0.011
9848.000	0.016
9850.000	0.030
9852.000	0.022
9854.000	-0.012
9856.000	0.026
9858.000	0.036
9860.000	0.012
9862.000	0.004
9864.000	-0.001
9866.000	-0.003
9868.000	-0.010
9870.000	-0.029
9872.000	-0.048
9874.000	-0.034
9876.000	0.025
9878.000	0.032
9880.000	0.015
9882.000	-0.010
9884.000	0.010
9886.000	0.040
9888.000	0.014
9890.000	-0.002
9892.000	-0.007
9894.000	-0.002
9896.000	-0.006
9898.000	0.007
9900.000	0.002
9902.000	0.002
9904.000	-0.002
9906.000	-0.008
9908.000	-0.007
9910.000	0.002
9912.000	-0.023
9914.000	-0.031
9916.000	-0.018
9918.000	-0.004
9920.000	-0.042
9922.000	-0.035
9924.000	0.054
9926.000	-0.004
9928.000	-0.033
9930.000	-0.006
9932.000	-0.017
9934.000	0.002
9936.000	-0.004
9938.000	-0.008
9940.000	0.034
9942.000	0.002
9944.000	0.003
9946.000	-0.039
9948.000	-0.001
9950.000	-0.009
9952.000	0.001
9954.000	-0.021
9956.000	0.010
9958.000	-0.003
9960.000	0.007
9962.000	0.000
9964.000	0.012
9966.000	0.008
9968.000	-0.002
9970.000	-0.008
9972.000	0.004
9974.000	0.048
9976.000	0.002
9978.000	-0.034
9980.000	0.001
9982.000	0.018
9984.000	0.012
9986.000	-0.048
9988.000	-0.075
9990.000	0.016
9992.000	0.018
9994.000	0.021
9996.000	0.023
9998.000	-0.047
