1000.000	1.102
1000.000	0.000
1000.000	0.000
1000.000	0.000
1000.000	0.000
1000.000	0.000
1000.000	0.000
1000.000	0.000
1000.000	0.000
1000.000	0.000
1000.000	0.000
1000.000	0.000
1000.000	0.000
1000.000	0.000
1000.000	0.000
1000.000	0.000
1000.000	0.000
1000.000	0.000
1000.000	0.000
1000.000	0.000
1000.000	0.000
1000.000	0.000
1000.000	0.000
1000.000	0.000
1000.000	0.000
1000.000	0.000
1000.000	0.000
1000.000	0.000
1000.000	0.000
1000.000	0.000
1000.000	0.000
1000.000	0.000
1000.000	0.000
1000.000	0.000
1000.000	0.000
1000.000	0.000
1000.000	0.000
1000.000	0.000
1000.000	0.000
1000.000	0.000
1000.000	0.000
1000.000	0.000
1000.000	0.000
1000.000	0.000
1000.000	0.000
1000.000	0.000
1000.000	0.000
1000.000	0.000
1000.000	0.000
1000.000	0.000
1000.000	0.000
1000.000	0.000
1000.000	0.000
1000.000	0.000
1000.000	0.000
1000.000	0.000
1000.000	0.000
1000.000	0.000
1000.000	0.000
1000.000	0.000
1000.000	0.000
1000.000	0.000
1000.000	0.000
1000.000	0.000
1000.000	0.000
1000.000	0.000
1000.000	0.000
1000.000	0.000
1000.000	0.000
1000.000	0.000
1000.000	0.000
1000.000	0.000
1000.000	0.000
1000.000	0.000
1000.000	0.000
1000.000	0.000
1000.000	0.000
1000.000	0.000
1000.000	0.000
1000.000	0.000
1000.000	0.000
1000.000	0.000
1000.000	0.000
1000.000	0.000
1000.000	0.000
1000.000	0.000
1000.000	0.000
1000.000	0.000
1000.000	0.000
1000.000	0.000
1000.000	0.000
1000.000	0.000
1000.000	0.000
1000.000	0.000
1000.000	0.000
1000.000	0.000
1000.000	0.000
1000.000	0.000
1000.000	0.000
1000.000	0.000
1000.000	0.000
1000.000	0.000
1000.000	0.000
1000.000	0.000
1000.000	0.000
1000.000	0.000
1000.000	0.000
1000.000	0.000
1000.000	0.000
1000.000	0.000
1000.000	0.000
1000.000	0.000
1000.000	0.000
1000.000	0.000
1000.000	0.000
1000.000	0.000
1000.000	0.000
1000.000	0.000
1000.000	0.000
1000.000	0.000
1000.000	0.000
1000.000	0.000
1000.000	0.000
1000.000	0.000
1000.000	0.000
1000.000	0.000
1000.000	0.000
1000.000	0.000
1000.000	0.000
1000.000	0.000
1000.000	0.000
1000.000	0.000
1000.000	0.000
1000.000	0.000
1000.000	0.000
1000.000	0.000
1000.000	0.000
1000.000	0.000
1000.000	0.000
1000.000	0.000
1000.000	0.000
1000.000	0.000
1000.000	0.000
1000.000	0.000
1000.000	0.000
1000.000	0.000
1000.000	0.000
1000.000	0.000
1000.000	0.000
1000.000	0.000
1000.000	0.000
1000.000	0.000
1000.000	0.000
1000.000	0.000
1000.000	0.000
1000.000	0.000
1000.000	0.000
1000.000	0.000
1000.000	0.000
1000.000	0.000
1000.000	0.000
1000.000	0.000
1000.000	0.000
1000.000	0.000
1000.000	0.000
1000.000	0.000
1000.000	0.000
1000.000	0.000
1000.000	0.000
1000.000	0.000
1000.000	0.000
1000.000	0.000
1000.000	0.000
1000.000	0.000
1000.000	0.000
1000.000	0.000
1000.000	0.000
1000.000	0.000
1000.000	0.000
1000.000	0.000
1000.000	0.000
1000.000	0.000
1000.000	0.000
1000.000	0.000
1000.000	0.000
1000.000	0.000
1000.000	0.000
1000.000	0.000
1000.000	0.000
1000.000	0.000
1000.000	0.000
1000.000	0.000
1000.000	0.000
1000.000	0.000
1000.000	0.000
1000.000	0.000
1000.000	0.000
1000.000	0.000
997.071	0.000
992.060	0.000
987.100	0.000
982.189	0.000
977.327	0.000
972.512	0.000
967.745	0.000
963.024	0.000
958.350	0.000
953.720	0.000
949.135	0.000
944.593	0.000
940.095	0.000
935.640	0.000
931.226	0.000
926.854	0.000
922.523	0.000
918.233	0.000
913.981	0.000
909.770	0.000
905.596	0.000
901.461	0.000
897.364	0.000
893.303	0.000
889.279	0.000
885.291	0.000
881.339	0.000
877.422	0.000
873.540	0.000
869.692	0.000
865.877	0.000
862.096	0.000
858.348	0.000
854.632	0.000
850.948	0.000
847.296	0.000
843.675	0.000
840.085	0.000
836.525	0.000
832.996	0.000
829.496	0.000
826.025	0.000
822.583	0.000
819.170	0.000
815.785	0.000
812.428	0.000
809.098	0.000
805.796	0.000
802.520	0.000
799.271	0.000
796.048	0.000
792.851	0.000
789.680	0.000
786.534	0.000
783.413	0.000
780.316	0.000
777.244	0.000
774.196	0.000
771.172	0.000
768.171	0.000
765.194	0.000
762.239	0.000
759.308	0.000
756.398	0.000
753.511	0.000
750.646	0.000
747.803	0.000
744.981	0.000
742.180	0.000
739.401	0.000
736.642	0.000
733.903	0.000
731.185	0.000
728.487	0.000
725.809	0.000
723.150	0.000
720.511	0.000
717.891	0.000
715.290	0.000
712.708	0.000
710.144	0.000
707.599	0.000
705.071	0.000
702.562	0.000
700.071	0.000
697.597	0.000
695.141	0.000
692.702	0.001
690.280	0.001
687.875	0.001
685.486	0.001
683.114	0.002
680.759	0.003
678.419	0.005
676.096	0.011
673.788	0.039
671.497	0.774
669.220	0.107
666.959	0.017
664.714	0.008
662.483	0.004
660.268	0.003
658.067	0.002
655.880	0.001
653.709	0.001
651.551	0.001
649.408	0.001
647.279	0.000
645.163	0.000
643.062	0.000
640.974	0.000
638.900	0.000
636.839	0.000
634.791	0.000
632.756	0.000
630.735	0.000
628.726	0.000
626.730	0.000
624.747	0.000
622.776	0.000
620.818	0.000
618.871	0.000
616.938	0.000
615.016	0.000
613.106	0.000
611.207	0.000
609.321	0.000
607.446	0.000
605.583	0.000
603.731	0.000
601.890	0.000
600.061	0.000
598.242	0.000
596.435	0.000
594.639	0.000
592.853	0.000
591.078	0.000
589.313	0.000
587.560	0.000
585.816	0.000
584.083	0.000
582.360	0.000
580.647	0.000
578.944	0.000
577.251	0.000
575.569	0.000
573.895	0.000
572.232	0.000
570.578	0.000
568.934	0.000
567.299	0.000
565.673	0.000
564.057	0.000
562.450	0.000
560.852	0.000
559.263	0.000
557.684	0.000
556.113	0.000
554.551	0.000
552.997	0.000
551.453	0.000
549.916	0.000
548.389	0.000
546.870	0.000
545.359	0.000
543.857	0.000
542.363	0.000
540.877	0.000
539.399	0.000
537.929	0.000
536.467	0.000
535.014	0.000
533.568	0.000
532.129	0.000
530.699	0.000
529.276	0.000
527.861	0.000
526.453	0.000
525.053	0.000
523.660	0.000
522.275	0.000
520.897	0.000
519.526	0.000
518.163	0.000
516.806	0.000
515.457	0.000
514.115	0.000
512.779	0.000
511.451	0.000
510.129	0.000
508.814	0.000
507.506	0.000
506.205	0.000
504.910	0.000
503.622	0.000
502.341	0.000
501.066	0.000
499.797	0.000
498.535	0.000
497.280	0.000
496.030	0.000
494.787	0.000
493.550	0.000
492.319	0.000
491.095	0.000
489.876	0.000
488.663	0.000
487.457	0.000
486.256	0.000
485.061	0.000
483.873	0.000
482.689	0.000
481.512	0.000
480.341	0.000
479.175	0.000
478.015	0.000
476.860	0.000
475.711	0.000
474.567	0.000
473.429	0.000
472.297	0.000
471.169	0.000
470.048	0.000
468.931	0.000
467.820	0.000
466.714	0.000
465.613	0.000
464.518	0.000
463.427	0.000
462.342	0.000
461.262	0.000
460.186	0.000
459.116	0.000
458.051	0.000
456.991	0.000
455.935	0.000
454.885	0.000
453.839	0.000
452.798	0.000
451.762	0.000
450.731	0.000
449.704	0.000
448.682	0.000
447.664	0.000
446.652	0.000
445.643	0.000
444.640	0.000
443.640	0.000
442.646	0.000
441.655	0.000
440.670	0.000
439.688	0.000
438.711	0.000
437.738	0.000
436.770	0.000
435.806	0.000
434.846	0.000
433.890	0.000
432.939	0.000
431.991	0.000
431.048	0.000
430.109	0.000
429.174	0.000
428.243	0.000
427.316	0.000
426.393	0.000
425.474	0.000
424.559	0.000
423.648	0.000
422.741	0.000
421.838	0.000
420.938	0.000
420.043	0.000
419.151	0.000
418.263	0.000
417.378	0.000
416.498	0.000
415.621	0.000
414.748	0.000
413.878	0.000
413.013	0.000
412.150	0.000
411.292	0.000
410.437	0.000
409.585	0.000
408.737	0.000
407.893	0.000
407.052	0.000
406.214	0.000
405.380	0.000
404.549	0.000
403.722	0.000
402.898	0.000
402.077	0.000
401.260	0.000
400.446	0.000
399.636	0.000
398.828	0.000
398.024	0.000
397.223	0.000
396.426	0.000
395.631	0.000
394.840	0.000
394.052	0.000
393.267	0.000
392.485	0.000
391.706	0.000
390.931	0.000
390.158	0.000
389.389	0.000
388.622	0.000
387.859	0.000
387.098	0.000
386.341	0.000
385.586	0.000
384.834	0.000
384.086	0.000
383.340	0.000
382.597	0.000
381.857	0.000
381.120	0.000
380.385	0.000
379.654	0.000
378.925	0.000
378.199	0.000
377.476	0.000
376.756	0.000
376.038	0.000
375.323	0.000
374.611	0.000
373.902	0.000
373.195	0.000
372.491	0.000
371.789	0.000
371.090	0.000
370.394	0.000
369.700	0.000
369.009	0.000
368.321	0.000
367.635	0.000
366.952	0.000
366.271	0.000
365.593	0.000
364.917	0.000
364.244	0.000
363.573	0.000
362.904	0.000
362.239	0.000
361.575	0.000
360.914	0.000
360.255	0.000
359.599	0.000
358.945	0.000
358.294	0.000
357.645	0.000
356.998	0.000
356.354	0.000
355.712	0.000
355.072	0.000
354.434	0.000
353.799	0.000
353.166	0.000
352.536	0.000
351.907	0.000
351.281	0.000
350.657	0.000
350.035	0.000
349.416	0.000
348.799	0.000
348.183	0.000
347.570	0.000
346.960	0.000
346.351	0.000
345.744	0.000
345.140	0.000
344.538	0.000
343.937	0.000
343.339	0.000
342.743	0.000
342.149	0.000
341.557	0.000
340.967	0.000
340.379	0.000
339.793	0.000
339.210	0.000
338.628	0.000
338.048	0.000
337.470	0.000
336.894	0.000
336.320	0.000
335.748	0.000
335.178	0.000
334.610	0.000
334.044	0.000
333.480	0.000
332.917	0.000
332.357	0.000
331.798	0.000
331.242	0.000
330.687	0.000
330.134	0.000
329.583	0.000
329.033	0.000
328.486	0.000
327.940	0.000
327.396	0.000
326.854	0.000
326.314	0.000
325.776	0.000
325.239	0.000
324.704	0.000
324.171	0.000
323.639	0.000
323.110	0.000
322.582	0.000
322.055	0.000
321.531	0.000
321.008	0.000
320.487	0.000
319.968	0.000
319.450	0.000
318.934	0.000
318.419	0.000
317.907	0.000
317.395	0.000
316.886	0.000
316.378	0.000
315.872	0.000
315.367	0.000
314.864	0.000
314.363	0.000
313.863	0.000
313.365	0.000
312.868	0.000
312.373	0.000
311.880	0.000
311.388	0.000
310.898	0.000
310.409	0.000
309.922	0.000
309.436	0.000
308.951	0.000
308.469	0.000
307.988	0.000
307.508	0.000
307.030	0.000
306.553	0.000
306.078	0.000
305.604	0.000
305.131	0.000
304.660	0.000
304.191	0.000
303.723	0.000
303.257	0.000
302.791	0.000
302.328	0.000
301.865	0.000
301.405	0.000
300.945	0.000
300.487	0.000
300.030	0.000
299.575	0.000
299.121	0.000
298.669	0.000
298.218	0.000
297.768	0.000
297.319	0.000
296.872	0.000
296.426	0.000
295.982	0.000
295.539	0.000
295.097	0.000
294.657	0.000
294.218	0.000
293.780	0.000
293.343	0.000
292.908	0.000
292.474	0.000
292.041	0.000
291.610	0.000
291.180	0.000
290.751	0.000
290.324	0.000
289.897	0.000
289.472	0.000
289.048	0.000
288.626	0.000
288.204	0.000
287.784	0.000
287.365	0.000
286.948	0.000
286.531	0.000
286.116	0.000
285.702	0.000
285.289	0.000
284.877	0.000
284.467	0.000
284.058	0.000
283.649	0.000
283.242	0.000
282.837	0.000
282.432	0.000
282.029	0.000
281.626	0.000
281.225	0.000
280.825	0.000
280.426	0.000
280.028	0.000
279.632	0.000
279.236	0.000
278.842	0.000
278.449	0.000
278.056	0.000
277.665	0.000
277.275	0.000
276.886	0.000
276.499	0.000
276.112	0.000
275.726	0.000
275.342	0.000
274.958	0.000
274.576	0.000
274.194	0.000
273.814	0.000
273.435	0.000
273.057	0.000
272.680	0.000
272.303	0.000
271.928	0.000
271.554	0.000
271.181	0.000
270.809	0.000
270.438	0.000
270.068	0.000
269.699	0.000
269.332	0.000
268.965	0.000
268.599	0.000
268.234	0.000
267.870	0.000
267.507	0.000
267.145	0.000
266.784	0.000
266.424	0.000
266.065	0.000
265.707	0.000
265.349	0.000
264.993	0.000
264.638	0.000
264.284	0.000
263.930	0.000
263.578	0.000
263.227	0.000
262.876	0.000
262.527	0.000
262.178	0.000
261.830	0.000
261.483	0.000
261.138	0.000
260.793	0.000
260.449	0.000
260.105	0.000
259.763	0.000
259.422	0.000
259.081	0.000
258.742	0.000
258.403	0.000
258.065	0.000
257.728	0.000
257.392	0.000
257.057	0.000
256.723	0.000
256.390	0.000
256.057	0.000
255.725	0.000
255.395	0.000
255.065	0.000
254.735	0.000
254.407	0.000
254.080	0.000
253.753	0.000
253.427	0.000
253.103	0.000
252.778	0.000
252.455	0.000
252.133	0.000
251.811	0.000
251.490	0.000
251.170	0.000
250.851	0.000
250.533	0.000
250.215	0.000
249.899	0.000
249.583	0.000
249.268	0.000
248.953	0.000
248.640	0.000
248.327	0.000
248.015	0.000
247.704	0.000
247.393	0.000
247.084	0.000
246.775	0.000
246.467	0.000
246.160	0.000
245.853	0.000
245.547	0.000
245.242	0.000
244.938	0.000
244.634	0.000
244.332	0.000
244.030	0.000
243.728	0.000
243.428	0.000
243.128	0.000
242.829	0.000
242.531	0.000
242.233	0.000
241.936	0.000
241.640	0.000
241.345	0.000
241.050	0.000
240.756	0.000
240.463	0.000
240.170	0.000
239.878	0.000
239.587	0.000
239.297	0.000
239.007	0.000
238.718	0.000
238.430	0.000
238.142	0.000
237.855	0.000
237.569	0.000
237.284	0.000
236.999	0.000
236.715	0.000
236.431	0.000
236.148	0.000
235.866	0.000
235.585	0.000
235.304	0.000
235.024	0.000
234.744	0.000
234.466	0.000
234.187	0.000
233.910	0.000
233.633	0.000
233.357	0.000
233.081	0.000
232.807	0.000
232.532	0.000
232.259	0.000
231.986	0.000
231.714	0.000
231.442	0.000
231.171	0.000
230.901	0.000
230.631	0.000
230.362	0.000
230.093	0.000
229.825	0.000
229.558	0.000
229.292	0.000
229.026	0.000
228.760	0.000
228.495	0.000
228.231	0.000
227.968	0.000
227.705	0.000
227.442	0.000
227.181	0.000
226.920	0.000
226.659	0.000
226.399	0.000
226.140	0.000
225.881	0.000
225.623	0.000
225.365	0.000
225.108	0.000
224.852	0.000
224.596	0.000
224.341	0.000
224.086	0.000
223.832	0.000
223.579	0.000
223.326	0.000
223.073	0.000
222.822	0.000
222.570	0.000
222.320	0.000
222.070	0.000
221.820	0.000
221.571	0.000
221.323	0.000
221.075	0.000
220.828	0.000
220.581	0.000
220.335	0.000
220.089	0.000
219.844	0.000
219.600	0.000
219.356	0.000
219.112	0.000
218.869	0.000
218.627	0.000
218.385	0.000
218.144	0.000
217.903	0.000
217.663	0.000
217.423	0.000
217.184	0.000
216.945	0.000
216.707	0.000
216.469	0.000
216.232	0.000
215.996	0.000
215.760	0.000
215.524	0.000
215.289	0.000
215.054	0.000
214.820	0.000
214.587	0.000
214.354	0.000
214.121	0.000
213.889	0.000
213.658	0.000
213.427	0.000
213.197	0.000
212.967	0.000
212.737	0.000
212.508	0.000
212.280	0.000
212.052	0.000
211.824	0.000
211.597	0.000
211.370	0.000
211.144	0.000
210.919	0.000
210.694	0.000
210.469	0.000
210.245	0.000
210.021	0.000
209.798	0.000
209.575	0.000
209.353	0.000
209.131	0.000
208.910	0.000
208.689	0.000
208.469	0.000
208.249	0.000
208.030	0.000
207.811	0.000
207.592	0.000
207.374	0.000
207.156	0.000
206.939	0.000
206.723	0.000
206.506	0.000
206.290	0.000
206.075	0.000
205.860	0.000
205.646	0.000
205.432	0.000
205.218	0.000
205.005	0.000
204.793	0.000
204.580	0.000
204.369	0.000
204.157	0.000
203.946	0.000
203.736	0.000
203.526	0.000
203.316	0.000
203.107	0.000
202.898	0.000
202.690	0.000
202.482	0.000
202.275	0.000
202.068	0.000
201.861	0.000
201.655	0.000
201.449	0.000
201.244	0.000
201.039	0.000
200.834	0.000
200.630	0.000
200.426	0.000
200.223	0.000
200.020	0.000
199.818	0.000
199.616	0.000
199.414	0.000
199.213	0.000
199.012	0.000
198.812	0.000
198.612	0.000
198.412	0.000
198.213	0.000
198.014	0.000
197.816	0.000
197.618	0.000
197.420	0.000
197.223	0.000
197.026	0.000
196.830	0.000
196.633	0.000
196.438	0.000
196.243	0.000
196.048	0.000
195.853	0.000
195.659	0.000
195.465	0.000
195.272	0.000
195.079	0.000
194.886	0.000
194.694	0.000
194.502	0.000
194.311	0.000
194.120	0.000
193.929	0.000
193.739	0.000
193.549	0.000
193.359	0.000
193.170	0.000
192.981	0.000
192.793	0.000
192.605	0.000
192.417	0.000
192.230	0.000
192.043	0.000
191.856	0.000
191.670	0.000
191.484	0.000
191.298	0.000
191.113	0.000
190.928	0.000
190.744	0.000
190.560	0.000
190.376	0.000
190.193	0.000
190.010	0.000
189.827	0.000
189.645	0.000
189.463	0.000
189.281	0.000
189.100	0.000
188.919	0.000
188.738	0.000
188.558	0.000
188.378	0.000
188.198	0.000
188.019	0.000
187.840	0.000
187.662	0.000
187.483	0.000
187.306	0.000
187.128	0.000
186.951	0.000
186.774	0.000
186.597	0.000
186.421	0.000
186.245	0.000
186.070	0.000
185.895	0.000
185.720	0.000
185.545	0.000
185.371	0.000
185.197	0.000
185.023	0.000
184.850	0.000
184.677	0.000
184.505	0.000
184.332	0.000
184.160	0.000
183.989	0.000
183.818	0.000
183.647	0.000
183.476	0.000
183.305	0.000
183.135	0.000
182.966	0.000
182.796	0.000
182.627	0.000
182.458	0.000
182.290	0.000
182.122	0.000
181.954	0.000
181.786	0.000
181.619	0.000
181.452	0.000
181.286	0.000
181.119	0.000
180.953	0.000
180.788	0.000
180.622	0.000
180.457	0.000
180.292	0.000
180.128	0.000
179.964	0.000
179.800	0.000
179.636	0.000
179.473	0.000
179.310	0.000
179.147	0.000
178.985	0.000
178.822	0.000
178.661	0.000
178.499	0.000
178.338	0.000
178.177	0.000
178.016	0.000
177.856	0.000
177.696	0.000
177.536	0.000
177.376	0.000
177.217	0.000
177.058	0.000
176.900	0.000
176.741	0.000
176.583	0.000
176.425	0.000
176.268	0.000
176.111	0.000
175.954	0.000
175.797	0.000
175.641	0.000
175.484	0.000
175.329	0.000
175.173	0.000
175.018	0.000
174.863	0.000
174.708	0.000
174.553	0.000
174.399	0.000
174.245	0.000
174.092	0.000
173.938	0.000
173.785	0.000
173.632	0.000
173.480	0.000
173.327	0.000
173.175	0.000
173.024	0.000
172.872	0.000
172.721	0.000
172.570	0.000
172.419	0.000
172.269	0.000
172.119	0.000
171.969	0.000
171.819	0.000
171.670	0.000
171.520	0.000
171.372	0.000
171.223	0.000
171.075	0.000
170.926	0.000
170.779	0.000
170.631	0.000
170.484	0.000
170.336	0.000
170.190	0.000
170.043	0.000
169.897	0.000
169.751	0.000
169.605	0.000
169.459	0.000
169.314	0.000
169.169	0.000
169.024	0.000
168.879	0.000
168.735	0.000
168.591	0.000
168.447	0.000
168.303	0.000
168.160	0.000
168.017	0.000
167.874	0.000
167.732	0.000
167.589	0.000
167.447	0.000
167.305	0.000
167.163	0.000
167.022	0.000
166.881	0.000
166.740	0.000
166.599	0.000
166.459	0.000
166.318	0.000
166.178	0.000
166.039	0.000
165.899	0.000
165.760	0.000
165.621	0.000
165.482	0.000
165.343	0.000
165.205	0.000
165.067	0.000
164.929	0.000
164.791	0.000
164.654	0.000
164.517	0.000
164.380	0.000
164.243	0.000
164.106	0.000
163.970	0.000
163.834	0.000
163.698	0.000
163.563	0.000
163.427	0.000
163.292	0.000
163.157	0.000
163.022	0.000
162.888	0.000
162.754	0.000
162.619	0.000
162.486	0.000
162.352	0.000
162.219	0.000
162.085	0.000
161.952	0.000
161.820	0.000
161.687	0.000
161.555	0.000
161.423	0.000
161.291	0.000
161.159	0.000
161.028	0.000
160.896	0.000
160.765	0.000
160.635	0.000
160.504	0.000
160.374	0.000
160.244	0.000
160.114	0.000
159.984	0.000
159.854	0.000
159.725	0.000
159.596	0.000
159.467	0.000
159.338	0.000
159.210	0.000
159.081	0.000
158.953	0.000
158.825	0.000
158.698	0.000
158.570	0.000
158.443	0.000
158.316	0.000
158.189	0.000
158.062	0.000
157.936	0.000
157.810	0.000
157.684	0.000
157.558	0.000
157.432	0.000
157.307	0.000
157.182	0.000
157.056	0.000
156.932	0.000
156.807	0.000
156.683	0.000
156.558	0.000
156.434	0.000
156.310	0.000
156.187	0.000
156.063	0.000
155.940	0.000
155.817	0.000
155.694	0.000
155.571	0.000
155.449	0.000
155.327	0.000
155.204	0.000
155.082	0.000
154.961	0.000
154.839	0.000
154.718	0.000
154.597	0.000
154.476	0.000
154.355	0.000
154.234	0.000
154.114	0.000
153.994	0.000
153.874	0.000
153.754	0.000
153.634	0.000
153.515	0.000
153.395	0.000
153.276	0.000
153.157	0.000
153.039	0.000
152.920	0.000
152.802	0.000
152.684	0.000
152.566	0.000
152.448	0.000
152.330	0.000
152.213	0.000
152.096	0.000
151.978	0.000
151.862	0.000
151.745	0.000
151.628	0.000
151.512	0.000
151.396	0.000
151.280	0.000
151.164	0.000
151.048	0.000
150.933	0.000
150.817	0.000
150.702	0.000
150.587	0.000
150.473	0.000
150.358	0.000
150.244	0.000
150.129	0.000
150.015	0.000
149.901	0.000
149.788	0.000
149.674	0.000
149.561	0.000
149.447	0.000
149.334	0.000
149.221	0.000
149.109	0.000
148.996	0.000
148.884	0.000
148.772	0.000
148.660	0.000
148.548	0.000
148.436	0.000
148.325	0.000
148.213	0.000
148.102	0.000
147.991	0.000
147.880	0.000
147.769	0.000
147.659	0.000
147.549	0.000
147.438	0.000
147.328	0.000
147.218	0.000
147.109	0.000
146.999	0.000
146.890	0.000
146.781	0.000
146.672	0.000
146.563	0.000
146.454	0.000
146.345	0.000
146.237	0.000
146.129	0.000
146.021	0.000
145.913	0.000
145.805	0.000
145.697	0.000
145.590	0.000
145.483	0.000
145.376	0.000
145.269	0.000
145.162	0.000
145.055	0.000
144.949	0.000
144.842	0.000
144.736	0.000
144.630	0.000
144.524	0.000
144.418	0.000
144.313	0.000
144.207	0.000
144.102	0.000
143.997	0.000
143.892	0.000
143.787	0.000
143.683	0.000
143.578	0.000
143.474	0.000
143.370	0.000
143.266	0.000
143.162	0.000
143.058	0.000
142.954	0.000
142.851	0.000
142.748	0.000
142.645	0.000
142.542	0.000
142.439	0.000
142.336	0.000
142.233	0.000
142.131	0.000
142.029	0.000
141.927	0.000
141.825	0.000
141.723	0.000
141.621	0.000
141.520	0.000
141.418	0.000
141.317	0.000
141.216	0.000
141.115	0.000
141.014	0.000
140.914	0.000
140.813	0.000
140.713	0.000
140.613	0.000
140.512	0.000
140.413	0.000
140.313	0.000
140.213	0.000
140.114	0.000
140.014	0.000
139.915	0.000
139.816	0.000
139.717	0.000
139.618	0.000
139.519	0.000
139.421	0.000
139.323	0.000
139.224	0.000
139.126	0.000
139.028	0.000
138.930	0.000
138.833	0.000
138.735	0.000
138.638	0.000
138.540	0.000
138.443	0.000
138.346	0.000
138.249	0.000
138.153	0.000
138.056	0.000
137.959	0.000
137.863	0.000
137.767	0.000
137.671	0.000
137.575	0.000
137.479	0.000
137.383	0.000
137.288	0.000
137.192	0.000
137.097	0.000
137.002	0.000
136.907	0.000
136.812	0.000
136.717	0.000
136.623	0.000
136.528	0.000
136.434	0.000
136.340	0.000
136.246	0.000
136.152	0.000
136.058	0.000
135.964	0.000
135.871	0.000
135.777	0.000
135.684	0.000
135.591	0.000
135.498	0.000
135.405	0.000
135.312	0.000
135.219	0.000
135.127	0.000
135.034	0.000
134.942	0.000
134.850	0.000
134.758	0.000
134.666	0.000
134.574	0.000
134.482	0.000
134.391	0.000
134.299	0.000
134.208	0.000
134.117	0.000
134.026	0.000
133.935	0.000
133.844	0.000
133.753	0.000
133.663	0.000
133.572	0.000
133.482	0.000
133.392	0.000
133.302	0.000
133.212	0.000
133.122	0.000
133.032	0.000
132.943	0.000
132.853	0.000
132.764	0.000
132.675	0.000
132.586	0.000
132.497	0.000
132.408	0.000
132.319	0.000
132.230	0.000
132.142	0.000
132.054	0.000
131.965	0.000
131.877	0.000
131.789	0.000
131.701	0.000
131.613	0.000
131.526	0.000
131.438	0.000
131.351	0.000
131.263	0.000
131.176	0.000
131.089	0.000
131.002	0.000
130.915	0.000
130.828	0.000
130.742	0.000
130.655	0.000
130.569	0.000
130.482	0.000
130.396	0.000
130.310	0.000
130.224	0.000
130.138	0.000
130.053	0.000
129.967	0.000
129.882	0.000
129.796	0.000
129.711	0.000
129.626	0.000
129.541	0.000
129.456	0.000
129.371	0.000
129.286	0.000
129.202	0.000
129.117	0.000
129.033	0.000
128.948	0.000
128.864	0.000
128.780	0.000
128.696	0.000
128.612	0.000
128.529	0.000
128.445	0.000
128.362	0.000
128.278	0.000
128.195	0.000
128.112	0.000
128.029	0.000
127.946	0.000
127.863	0.000
127.780	0.000
127.697	0.000
127.615	0.000
127.532	0.000
127.450	0.000
127.368	0.000
127.286	0.000
127.204	0.000
127.122	0.000
127.040	0.000
126.958	0.000
126.877	0.000
126.795	0.000
126.714	0.000
126.632	0.000
126.551	0.000
126.470	0.000
126.389	0.000
126.308	0.000
126.228	0.000
126.147	0.000
126.066	0.000
125.986	0.000
125.906	0.000
125.825	0.000
125.745	0.000
125.665	0.000
125.585	0.000
125.505	0.000
125.426	0.000
125.346	0.000
125.266	0.000
125.187	0.000
125.108	0.000
125.028	0.000
124.949	0.000
124.870	0.000
124.791	0.000
124.713	0.000
124.634	0.000
124.555	0.000
124.477	0.000
124.398	0.000
124.320	0.000
124.242	0.000
124.164	0.000
124.085	0.000
124.008	0.000
123.930	0.000
123.852	0.000
123.774	0.000
123.697	0.000
123.619	0.000
123.542	0.000
123.465	0.000
123.388	0.000
123.310	0.000
123.233	0.000
123.157	0.000
123.080	0.000
123.003	0.000
122.927	0.000
122.850	0.000
122.774	0.000
122.697	0.000
122.621	0.000
122.545	0.000
122.469	0.000
122.393	0.000
122.317	0.000
122.241	0.000
122.166	0.000
122.090	0.000
122.015	0.000
121.939	0.000
121.864	0.000
121.789	0.000
121.714	0.000
121.639	0.000
121.564	0.000
121.489	0.000
121.415	0.000
121.340	0.000
121.265	0.000
121.191	0.000
121.117	0.000
121.042	0.000
120.968	0.000
120.894	0.000
120.820	0.000
120.746	0.000
120.672	0.000
120.599	0.000
120.525	0.000
120.451	0.000
120.378	0.000
120.305	0.000
120.231	0.000
120.158	0.000
120.085	0.000
120.012	0.000
119.939	0.000
119.866	0.000
119.794	0.000
119.721	0.000
119.648	0.000
119.576	0.000
119.504	0.000
119.431	0.000
119.359	0.000
119.287	0.000
119.215	0.000
119.143	0.000
119.071	0.000
118.999	0.000
118.928	0.000
118.856	0.000
118.785	0.000
118.713	0.000
118.642	0.000
118.571	0.000
118.499	0.000
118.428	0.000
118.357	0.000
118.286	0.000
118.216	0.000
118.145	0.000
118.074	0.000
118.004	0.000
117.933	0.000
117.863	0.000
117.792	0.000
117.722	0.000
117.652	0.000
117.582	0.000
117.512	0.000
117.442	0.000
117.372	0.000
117.302	0.000
117.233	0.000
117.163	0.000
117.094	0.000
117.024	0.000
116.955	0.000
116.886	0.000
116.817	0.000
116.747	0.000
116.678	0.000
116.610	0.000
116.541	0.000
116.472	0.000
116.403	0.000
116.335	0.000
116.266	0.000
116.198	0.000
116.129	0.000
116.061	0.000
115.993	0.000
115.925	0.000
115.857	0.000
115.789	0.000
115.721	0.000
115.653	0.000
115.585	0.000
115.518	0.000
115.450	0.000
115.383	0.000
115.315	0.000
115.248	0.000
115.181	0.000
115.114	0.000
115.047	0.000
114.980	0.000
114.913	0.000
114.846	0.000
114.779	0.000
114.712	0.000
114.646	0.000
114.579	0.000
114.513	0.000
114.446	0.000
114.380	0.000
114.314	0.000
114.248	0.000
114.182	0.000
114.116	0.000
114.050	0.000
113.984	0.000
113.918	0.000
113.852	0.000
113.787	0.000
113.721	0.000
113.656	0.000
113.590	0.000
113.525	0.000
113.460	0.000
113.395	0.000
113.330	0.000
113.264	0.000
113.200	0.000
113.135	0.000
113.070	0.000
113.005	0.000
112.941	0.000
112.876	0.000
112.811	0.000
112.747	0.000
112.683	0.000
112.618	0.000
112.554	0.000
112.490	0.000
112.426	0.000
112.362	0.000
112.298	0.000
112.234	0.000
112.170	0.000
112.107	0.000
112.043	0.000
111.980	0.000
111.916	0.000
111.853	0.000
111.789	0.000
111.726	0.000
111.663	0.000
111.600	0.000
111.537	0.000
111.474	0.000
111.411	0.000
111.348	0.000
111.285	0.000
111.223	0.000
111.160	0.000
111.097	0.000
111.035	0.000
110.972	0.000
110.910	0.000
110.848	0.000
110.786	0.000
110.723	0.000
110.661	0.000
110.599	0.000
110.538	0.000
110.476	0.000
110.414	0.000
110.352	0.000
110.291	0.000
110.229	0.000
110.167	0.000
110.106	0.000
110.045	0.000
109.983	0.000
109.922	0.000
109.861	0.000
109.800	0.000
109.739	0.000
109.678	0.000
109.617	0.000
109.556	0.000
109.495	0.000
109.435	0.000
109.374	0.000
109.313	0.000
109.253	0.000
109.192	0.000
109.132	0.000
109.072	0.000
109.012	0.000
108.951	0.000
108.891	0.000
108.831	0.000
108.771	0.000
108.711	0.000
108.652	0.000
108.592	0.000
108.532	0.000
108.473	0.000
108.413	0.000
108.353	0.000
108.294	0.000
108.235	0.000
108.175	0.000
108.116	0.000
108.057	0.000
107.998	0.000
107.939	0.000
107.880	0.000
107.821	0.000
107.762	0.000
107.703	0.000
107.644	0.000
107.586	0.000
107.527	0.000
107.469	0.000
107.410	0.000
107.352	0.000
107.293	0.000
107.235	0.000
107.177	0.000
107.119	0.000
107.061	0.000
107.003	0.000
106.945	0.000
106.887	0.000
106.829	0.000
106.771	0.000
106.714	0.000
106.656	0.000
106.598	0.000
106.541	0.000
106.483	0.000
106.426	0.000
106.369	0.000
106.311	0.000
106.254	0.000
106.197	0.000
106.140	0.000
106.083	0.000
106.026	0.000
105.969	0.000
105.912	0.000
105.855	0.000
105.798	0.000
105.742	0.000
105.685	0.000
105.629	0.000
105.572	0.000
105.516	0.000
105.459	0.000
105.403	0.000
105.347	0.000
105.291	0.000
105.235	0.000
105.178	0.000
105.122	0.000
105.067	0.000
105.011	0.000
104.955	0.000
104.899	0.000
104.843	0.000
104.788	0.000
104.732	0.000
104.677	0.000
104.621	0.000
104.566	0.000
104.510	0.000
104.455	0.000
104.400	0.000
104.345	0.000
104.289	0.000
104.234	0.000
104.179	0.000
104.124	0.000
104.070	0.000
104.015	0.000
103.960	0.000
103.905	0.000
103.851	0.000
103.796	0.000
103.741	0.000
103.687	0.000
103.633	0.000
103.578	0.000
103.524	0.000
103.470	0.000
103.415	0.000
103.361	0.000
103.307	0.000
103.253	0.000
103.199	0.000
103.145	0.000
103.091	0.000
103.038	0.000
102.984	0.000
102.930	0.000
102.876	0.000
102.823	0.000
102.769	0.000
102.716	0.000
102.663	0.000
102.609	0.000
102.556	0.000
102.503	0.000
102.449	0.000
102.396	0.000
102.343	0.000
102.290	0.000
102.237	0.000
102.184	0.000
102.131	0.000
102.079	0.000
102.026	0.000
101.973	0.000
101.920	0.000
101.868	0.000
101.815	0.000
101.763	0.000
101.710	0.000
101.658	0.000
101.606	0.000
101.553	0.000
101.501	0.000
101.449	0.000
101.397	0.000
101.345	0.000
101.293	0.000
101.241	0.000
101.189	0.000
101.137	0.000
101.086	0.000
101.034	0.000
100.982	0.000
100.930	0.000
100.879	0.000
100.827	0.000
100.776	0.000
100.724	0.000
100.673	0.000
100.622	0.000
100.571	0.000
100.519	0.000
100.468	0.000
100.417	0.000
100.366	0.000
100.315	0.000
100.264	0.000
100.213	0.000
100.162	0.000
100.112	0.000
100.061	0.000
100.010	0.000
100.000	0.000
100.000	0.000
100.000	0.000
100.000	0.000
100.000	0.000
100.000	0.000
100.000	0.000
100.000	0.000
100.000	0.000
100.000	0.000
100.000	0.000
100.000	0.000
100.000	0.000
100.000	0.000
100.000	0.000
100.000	0.000
100.000	0.000
100.000	0.000
100.000	0.000
100.000	0.000
100.000	0.000
100.000	0.000
100.000	0.000
100.000	0.000
100.000	0.000
100.000	0.000
100.000	0.000
100.000	0.000
100.000	0.000
100.000	0.000
100.000	0.000
100.000	0.000
100.000	0.000
100.000	0.000
100.000	0.000
100.000	0.000
100.000	0.000
100.000	0.000
100.000	0.000
100.000	0.000
100.000	0.000
100.000	0.000
100.000	0.000
100.000	0.000
100.000	0.000
100.000	0.000
100.000	0.000
100.000	0.000
100.000	0.000
100.000	0.000
100.000	0.000
100.000	0.000
100.000	0.000
100.000	0.000
100.000	0.000
100.000	0.000
100.000	0.000
100.000	0.000
100.000	0.000
100.000	0.000
100.000	0.000
100.000	0.000
100.000	0.000
100.000	0.000
100.000	0.000
100.000	0.000
100.000	0.000
100.000	0.000
100.000	0.000
100.000	0.000
100.000	0.000
100.000	0.000
100.000	0.000
100.000	0.000
100.000	0.000
100.000	0.000
100.000	0.000
100.000	0.000
100.000	0.000
100.000	0.000
100.000	0.000
100.000	0.000
100.000	0.000
100.000	0.000
100.000	0.000
100.000	0.000
100.000	0.000
100.000	0.000
100.000	0.000
100.000	0.000
100.000	0.000
100.000	0.000
100.000	0.000
100.000	0.000
100.000	0.000
100.000	0.000
100.000	0.000
100.000	0.000
100.000	0.000
100.000	0.000
100.000	0.000
100.000	0.000
100.000	0.000
100.000	0.000
100.000	0.000
100.000	0.000
100.000	0.000
100.000	0.000
100.000	0.000
100.000	0.000
100.000	0.000
100.000	0.000
100.000	0.000
100.000	0.000
100.000	0.000
100.000	0.000
100.000	0.000
100.000	0.000
100.000	0.000
100.000	0.000
100.000	0.000
100.000	0.000
100.000	0.000
100.000	0.000
100.000	0.000
100.000	0.000
100.000	0.000
100.000	0.000
100.000	0.000
100.000	0.000
100.000	0.000
100.000	0.000
100.000	0.000
100.000	0.000
100.000	0.000
100.000	0.000
100.000	0.000
100.000	0.000
100.000	0.000
100.000	0.000
100.000	0.000
100.000	0.000
100.000	0.000
100.000	0.000
100.000	0.000
100.000	0.000
100.000	0.000
100.000	0.000
100.000	0.000
100.000	0.000
100.000	0.000
100.000	0.000
100.000	0.000
100.000	0.000
100.000	0.000
100.000	0.000
100.000	0.000
100.000	0.000
100.000	0.000
100.000	0.000
100.000	0.000
100.000	0.000
100.000	0.000
100.000	0.000
100.000	0.000
100.000	0.000
100.000	0.000
100.000	0.000
100.000	0.000
100.000	0.000
100.000	0.000
100.000	0.000
100.000	0.000
100.000	0.000
100.000	0.000
100.000	0.000
100.000	0.000
100.000	0.000
100.000	0.000
100.000	0.000
100.000	0.000
100.000	0.000
100.000	0.000
100.000	0.000
100.000	0.000
100.000	0.000
100.000	0.000
100.000	0.000
100.000	0.000
100.000	0.000
100.000	0.000
100.000	0.000
100.000	0.000
100.000	0.000
100.000	0.000
100.000	0.000
100.000	0.000
100.000	0.000
100.000	0.000
100.000	0.000
100.000	0.000
100.000	0.000
100.000	0.000
100.000	0.000
100.000	0.000
100.000	0.000
100.000	0.000
100.000	0.000
100.000	0.000
100.000	0.000
100.000	0.000
100.000	0.000
100.000	0.000
100.000	0.000
100.000	0.000
100.000	0.000
100.000	0.000
100.000	0.000
100.000	0.000
100.000	0.000
100.000	0.000
100.000	0.000
100.000	0.000
100.000	0.000
100.000	0.000
100.000	0.000
100.000	0.000
100.000	0.000
100.000	0.000
100.000	0.000
100.000	0.000
100.000	0.000
100.000	0.000
100.000	0.000
100.000	0.000
100.000	0.000
100.000	0.000
100.000	0.000
100.000	0.000
100.000	0.000
100.000	0.000
100.000	0.000
100.000	0.000
100.000	0.000
100.000	0.000
100.000	0.000
100.000	0.000
100.000	0.000
100.000	0.000
100.000	0.000
100.000	0.000
100.000	0.000
100.000	0.000
100.000	0.000
100.000	0.000
100.000	0.000
100.000	0.000
100.000	0.000
100.000	0.000
100.000	0.000
100.000	0.000
100.000	0.000
100.000	0.000
100.000	0.000
100.000	0.000
100.000	0.000
100.000	0.000
100.000	0.000
100.000	0.000
100.000	0.000
100.000	0.000
100.000	0.000
100.000	0.000
100.000	0.000
100.000	0.000
100.000	0.000
100.000	0.000
100.000	0.000
100.000	0.000
100.000	0.000
100.000	0.000
100.000	0.000
100.000	0.000
100.000	0.000
100.000	0.000
100.000	0.000
100.000	0.000
100.000	0.000
100.000	0.000
100.000	0.000
100.000	0.000
100.000	0.000
100.000	0.000
100.000	0.000
100.000	0.000
100.000	0.000
100.000	0.000
100.000	0.000
100.000	0.000
100.000	0.000
100.000	0.000
100.000	0.000
100.000	0.000
100.000	0.000
100.000	0.000
100.000	0.000
100.000	0.000
100.000	0.000
100.000	0.000
100.000	0.000
100.000	0.000
100.000	0.000
100.000	0.000
100.000	0.000
100.000	0.000
100.000	0.000
100.000	0.000
100.000	0.000
100.000	0.000
100.000	0.000
100.000	0.000
100.000	0.000
100.000	0.000
100.000	0.000
100.000	0.000
100.000	0.000
100.000	0.000
100.000	0.000
100.000	0.000
100.000	0.000
100.000	0.000
100.000	0.000
100.000	0.000
100.000	0.000
100.000	0.000
100.000	0.000
100.000	0.000
100.000	0.000
100.000	0.000
100.000	0.000
100.000	0.000
100.000	0.000
100.000	0.000
100.000	0.000
100.000	0.000
100.000	0.000
100.000	0.000
100.000	0.000
100.000	0.000
100.000	0.000
100.000	0.000
100.000	0.000
100.000	0.000
100.000	0.000
100.000	0.000
100.000	0.000
100.000	0.000
100.000	0.000
100.000	0.000
100.000	0.000
100.000	0.000
100.000	0.000
100.000	0.000
100.000	0.000
100.000	0.000
100.000	0.000
100.000	0.000
100.000	0.000
100.000	0.000
100.000	0.000
100.000	0.000
100.000	0.000
100.000	0.000
100.000	0.000
100.000	0.000
100.000	0.000
100.000	0.000
100.000	0.000
100.000	0.000
100.000	0.000
100.000	0.000
100.000	0.000
100.000	0.000
100.000	0.000
100.000	0.000
100.000	0.000
100.000	0.000
100.000	0.000
100.000	0.000
100.000	0.000
100.000	0.000
100.000	0.000
100.000	0.000
100.000	0.000
100.000	0.000
100.000	0.000
100.000	0.000
100.000	0.000
100.000	0.000
100.000	0.000
100.000	0.000
100.000	0.000
100.000	0.000
100.000	0.000
100.000	0.000
100.000	0.000
100.000	0.000
100.000	0.000
100.000	0.000
100.000	0.000
100.000	0.000
100.000	0.000
100.000	0.000
100.000	0.000
100.000	0.000
100.000	0.000
100.000	0.000
100.000	0.000
100.000	0.000
100.000	0.000
100.000	0.000
100.000	0.000
100.000	0.000
100.000	0.000
100.000	0.000
100.000	0.000
100.000	0.000
100.000	0.000
100.000	0.000
100.000	0.000
100.000	0.000
100.000	0.000
100.000	0.000
100.000	0.000
100.000	0.000
100.000	0.000
100.000	0.000
100.000	0.000
100.000	0.000
100.000	0.000
100.000	0.000
100.000	0.000
100.000	0.000
100.000	0.000
100.000	0.000
100.000	0.000
100.000	0.000
100.000	0.000
100.000	0.000
100.000	0.000
100.000	0.000
100.000	0.000
100.000	0.000
100.000	0.000
100.000	0.000
100.000	0.000
100.000	0.000
100.000	0.000
100.000	0.000
100.000	0.000
100.000	0.000
100.000	0.000
100.000	0.000
100.000	0.000
100.000	0.000
100.000	0.000
100.000	0.000
100.000	0.000
100.000	0.000
100.000	0.000
100.000	0.000
100.000	0.000
100.000	0.000
100.000	0.000
100.000	0.000
100.000	0.000
100.000	0.000
100.000	0.000
100.000	0.000
100.000	0.000
100.000	0.000
100.000	0.000
100.000	0.000
100.000	0.000
100.000	0.000
100.000	0.000
100.000	0.000
100.000	0.000
100.000	0.000
100.000	0.000
100.000	0.000
100.000	0.000
100.000	0.000
100.000	0.000
100.000	0.000
100.000	0.000
100.000	0.000
100.000	0.000
100.000	0.000
100.000	0.000
100.000	0.000
100.000	0.000
100.000	0.000
100.000	0.000
100.000	0.000
100.000	0.000
100.000	0.000
100.000	0.000
100.000	0.000
100.000	0.000
100.000	0.000
100.000	0.000
100.000	0.000
100.000	0.000
100.000	0.000
100.000	0.000
100.000	0.000
100.000	0.000
100.000	0.000
100.000	0.000
100.000	0.000
100.000	0.000
100.000	0.000
100.000	0.000
100.000	0.000
100.000	0.000
100.000	0.000
100.000	0.000
100.000	0.000
100.000	0.000
100.000	0.000
100.000	0.000
100.000	0.000
100.000	0.000
100.000	0.000
100.000	0.000
100.000	0.000
100.000	0.000
100.000	0.000
100.000	0.000
100.000	0.000
100.000	0.000
100.000	0.000
100.000	0.000
100.000	0.000
100.000	0.000
100.000	0.000
100.000	0.000
100.000	0.000
100.000	0.000
100.000	0.000
100.000	0.000
100.000	0.000
100.000	0.000
100.000	0.000
100.000	0.000
100.000	0.000
100.000	0.000
100.000	0.000
100.000	0.000
100.000	0.000
100.000	0.000
100.000	0.000
100.000	0.000
100.000	0.000
100.000	0.000
100.000	0.000
100.000	0.000
100.000	0.000
100.000	0.000
100.000	0.000
100.000	0.000
100.000	0.000
100.000	0.000
100.000	0.000
100.000	0.000
100.000	0.000
100.000	0.000
100.000	0.000
100.000	0.000
100.000	0.000
100.000	0.000
100.000	0.000
100.000	0.000
100.000	0.000
100.000	0.000
100.000	0.000
100.000	0.000
100.000	0.000
100.000	0.000
100.000	0.000
100.000	0.000
100.000	0.000
100.000	0.000
100.000	0.000
100.000	0.000
100.000	0.000
100.000	0.000
100.000	0.000
100.000	0.000
100.000	0.000
100.000	0.000
100.000	0.000
100.000	0.000
100.000	0.000
100.000	0.000
100.000	0.000
100.000	0.000
100.000	0.000
100.000	0.000
100.000	0.000
100.000	0.000
100.000	0.000
100.000	0.000
100.000	0.000
100.000	0.000
100.000	0.000
100.000	0.000
100.000	0.000
100.000	0.000
100.000	0.000
100.000	0.000
100.000	0.000
100.000	0.000
100.000	0.000
100.000	0.000
100.000	0.000
100.000	0.000
100.000	0.000
100.000	0.000
100.000	0.000
100.000	0.000
100.000	0.000
100.000	0.000
100.000	0.000
100.000	0.000
100.000	0.000
100.000	0.000
100.000	0.000
100.000	0.000
100.000	0.000
100.000	0.000
100.000	0.000
100.000	0.000
100.000	0.000
100.000	0.000
100.000	0.000
100.000	0.000
100.000	0.000
100.000	0.000
100.000	0.000
100.000	0.000
100.000	0.000
100.000	0.000
100.000	0.000
100.000	0.000
100.000	0.000
100.000	0.000
100.000	0.000
100.000	0.000
100.000	0.000
100.000	0.000
100.000	0.000
100.000	0.000
100.000	0.000
100.000	0.000
100.000	0.000
100.000	0.000
100.000	0.000
100.000	0.000
100.000	0.000
100.000	0.000
100.000	0.000
100.000	0.000
100.000	0.000
100.000	0.000
100.000	0.000
100.000	0.000
100.000	0.000
100.000	0.000
100.000	0.000
100.000	0.000
100.000	0.000
100.000	0.000
100.000	0.000
100.000	0.000
100.000	0.000
100.000	0.000
100.000	0.000
100.000	0.000
100.000	0.000
100.000	0.000
100.000	0.000
100.000	0.000
100.000	0.000
100.000	0.000
100.000	0.000
100.000	0.000
100.000	0.000
100.000	0.000
100.000	0.000
100.000	0.000
100.000	0.000
100.000	0.000
100.000	0.000
100.000	0.000
100.000	0.000
100.000	0.000
100.000	0.000
100.000	0.000
100.000	0.000
100.000	0.000
100.000	0.000
100.000	0.000
100.000	0.000
100.000	0.000
100.000	0.000
100.000	0.000
100.000	0.000
100.000	0.000
100.000	0.000
100.000	0.000
100.000	0.000
100.000	0.000
100.000	0.000
100.000	0.000
100.000	0.000
100.000	0.000
100.000	0.000
100.000	0.000
100.000	0.000
100.000	0.000
100.000	0.000
100.000	0.000
100.000	0.000
100.000	0.000
100.000	0.000
100.000	0.000
100.000	0.000
100.000	0.000
100.000	0.000
100.000	0.000
100.000	0.000
100.000	0.000
100.000	0.000
100.000	0.000
100.000	0.000
100.000	0.000
100.000	0.000
100.000	0.000
100.000	0.000
100.000	0.000
100.000	0.000
100.000	0.000
100.000	0.000
100.000	0.000
100.000	0.000
100.000	0.000
100.000	0.000
100.000	0.000
100.000	0.000
100.000	0.000
100.000	0.000
100.000	0.000
100.000	0.000
100.000	0.000
100.000	0.000
100.000	0.000
100.000	0.000
100.000	0.000
100.000	0.000
100.000	0.000
100.000	0.000
100.000	0.000
100.000	0.000
100.000	0.000
100.000	0.000
100.000	0.000
100.000	0.000
100.000	0.000
100.000	0.000
100.000	0.000
100.000	0.000
100.000	0.000
100.000	0.000
100.000	0.000
100.000	0.000
100.000	0.000
100.000	0.000
100.000	0.000
100.000	0.000
100.000	0.000
100.000	0.000
100.000	0.000
100.000	0.000
100.000	0.000
100.000	0.000
100.000	0.000
100.000	0.000
100.000	0.000
100.000	0.000
100.000	0.000
100.000	0.000
100.000	0.000
100.000	0.000
100.000	0.000
100.000	0.000
100.000	0.000
100.000	0.000
100.000	0.000
100.000	0.000
100.000	0.000
100.000	0.000
100.000	0.000
100.000	0.000
100.000	0.000
100.000	0.000
100.000	0.000
100.000	0.000
100.000	0.000
100.000	0.000
100.000	0.000
100.000	0.000
100.000	0.000
100.000	0.000
100.000	0.000
100.000	0.000
100.000	0.000
100.000	0.000
100.000	0.000
100.000	0.000
100.000	0.000
100.000	0.000
100.000	0.000
100.000	0.000
100.000	0.000
100.000	0.000
100.000	0.000
100.000	0.000
100.000	0.000
100.000	0.000
100.000	0.000
100.000	0.000
100.000	0.000
100.000	0.000
100.000	0.000
100.000	0.000
100.000	0.000
100.000	0.000
100.000	0.000
100.000	0.000
100.000	0.000
100.000	0.000
100.000	0.000
100.000	0.000
100.000	0.000
100.000	0.000
100.000	0.000
100.000	0.000
100.000	0.000
100.000	0.000
100.000	0.000
100.000	0.000
100.000	0.000
100.000	0.000
100.000	0.000
100.000	0.000
100.000	0.000
100.000	0.000
100.000	0.000
100.000	0.000
100.000	0.000
100.000	0.000
100.000	0.000
100.000	0.000
100.000	0.000
100.000	0.000
100.000	0.000
100.000	0.000
100.000	0.000
100.000	0.000
100.000	0.000
100.000	0.000
100.000	0.000
100.000	0.000
100.000	0.000
100.000	0.000
100.000	0.000
100.000	0.000
100.000	0.000
100.000	0.000
100.000	0.000
100.000	0.000
100.000	0.000
100.000	0.000
100.000	0.000
100.000	0.000
100.000	0.000
100.000	0.000
100.000	0.000
100.000	0.000
100.000	0.000
100.000	0.000
100.000	0.000
100.000	0.000
100.000	0.000
100.000	0.000
100.000	0.000
100.000	0.000
100.000	0.000
100.000	0.000
100.000	0.000
100.000	0.000
100.000	0.000
100.000	0.000
100.000	0.000
100.000	0.000
100.000	0.000
100.000	0.000
100.000	0.000
100.000	0.000
100.000	0.000
100.000	0.000
100.000	0.000
100.000	0.000
100.000	0.000
100.000	0.000
100.000	0.000
100.000	0.000
100.000	0.000
100.000	0.000
100.000	0.000
100.000	0.000
100.000	0.000
100.000	0.000
100.000	0.000
100.000	0.000
100.000	0.000
100.000	0.000
100.000	0.000
100.000	0.000
100.000	0.000
100.000	0.000
100.000	0.000
100.000	0.000
100.000	0.000
100.000	0.000
100.000	0.000
100.000	0.000
100.000	0.000
100.000	0.000
100.000	0.000
100.000	0.000
100.000	0.000
100.000	0.000
100.000	0.000
100.000	0.000
100.000	0.000
100.000	0.000
100.000	0.000
100.000	0.000
100.000	0.000
100.000	0.000
100.000	0.000
100.000	0.000
100.000	0.000
100.000	0.000
100.000	0.000
100.000	0.000
100.000	0.000
100.000	0.000
100.000	0.000
100.000	0.000
100.000	0.000
100.000	0.000
100.000	0.000
100.000	0.000
100.000	0.000
100.000	0.000
100.000	0.000
100.000	0.000
100.000	0.000
100.000	0.000
100.000	0.000
100.000	0.000
100.000	0.000
100.000	0.000
100.000	0.000
100.000	0.000
100.000	0.000
100.000	0.000
100.000	0.000
100.000	0.000
100.000	0.000
100.000	0.000
100.000	0.000
100.000	0.000
100.000	0.000
100.000	0.000
100.000	0.000
100.000	0.000
100.000	0.000
100.000	0.000
100.000	0.000
100.000	0.000
100.000	0.000
100.000	0.000
100.000	0.000
100.000	0.000
100.000	0.000
100.000	0.000
100.000	0.000
100.000	0.000
100.000	0.000
100.000	0.000
100.000	0.000
100.000	0.000
100.000	0.000
100.000	0.000
100.000	0.000
100.000	0.000
100.000	0.000
100.000	0.000
100.000	0.000
100.000	0.000
100.000	0.000
100.000	0.000
100.000	0.000
100.000	0.000
100.000	0.000
100.000	0.000
100.000	0.000
100.000	0.000
100.000	0.000
100.000	0.000
100.000	0.000
100.000	0.000
100.000	0.000
100.000	0.000
100.000	0.000
100.000	0.000
100.000	0.000
100.000	0.000
100.000	0.000
100.000	0.000
100.000	0.000
100.000	0.000
100.000	0.000
100.000	0.000
100.000	0.000
100.000	0.000
100.000	0.000
100.000	0.000
100.000	0.000
100.000	0.000
100.000	0.000
100.000	0.000
100.000	0.000
100.000	0.000
100.000	0.000
100.000	0.000
100.000	0.000
100.000	0.000
100.000	0.000
100.000	0.000
100.000	0.000
100.000	0.000
100.000	0.000
100.000	0.000
100.000	0.000
100.000	0.000
100.000	0.000
100.000	0.000
100.000	0.000
100.000	0.000
100.000	0.000
100.000	0.000
100.000	0.000
100.000	0.000
100.000	0.000
100.000	0.000
100.000	0.000
100.000	0.000
100.000	0.000
100.000	0.000
100.000	0.000
100.000	0.000
100.000	0.000
100.000	0.000
100.000	0.000
100.000	0.000
100.000	0.000
100.000	0.000
100.000	0.000
100.000	0.000
100.000	0.000
100.000	0.000
100.000	0.000
100.000	0.000
100.000	0.000
100.000	0.000
100.000	0.000
100.000	0.000
100.000	0.000
100.000	0.000
100.000	0.000
100.000	0.000
100.000	0.000
100.000	0.000
100.000	0.000
100.000	0.000
100.000	0.000
100.000	0.000
100.000	0.000
100.000	0.000
100.000	0.000
100.000	0.000
100.000	0.000
100.000	0.000
100.000	0.000
100.000	0.000
100.000	0.000
100.000	0.000
100.000	0.000
100.000	0.000
100.000	0.000
100.000	0.000
100.000	0.000
100.000	0.000
100.000	0.000
100.000	0.000
100.000	0.000
100.000	0.000
100.000	0.000
100.000	0.000
100.000	0.000
100.000	0.000
100.000	0.000
100.000	0.000
100.000	0.000
100.000	0.000
100.000	0.000
100.000	0.000
100.000	0.000
100.000	0.000
100.000	0.000
100.000	0.000
100.000	0.000
100.000	0.000
100.000	0.000
100.000	0.000
100.000	0.000
100.000	0.000
100.000	0.000
100.000	0.000
100.000	0.000
100.000	0.000
100.000	0.000
100.000	0.000
100.000	0.000
100.000	0.000
100.000	0.000
100.000	0.000
100.000	0.000
100.000	0.000
100.000	0.000
100.000	0.000
100.000	0.000
100.000	0.000
100.000	0.000
100.000	0.000
100.000	0.000
100.000	0.000
100.000	0.000
100.000	0.000
100.000	0.000
100.000	0.000
100.000	0.000
100.000	0.000
100.000	0.000
100.000	0.000
100.000	0.000
100.000	0.000
100.000	0.000
100.000	0.000
100.000	0.000
100.000	0.000
100.000	0.000
100.000	0.000
100.000	0.000
100.000	0.000
100.000	0.000
100.000	0.000
100.000	0.000
100.000	0.000
100.000	0.000
100.000	0.000
100.000	0.000
100.000	0.000
100.000	0.000
100.000	0.000
100.000	0.000
100.000	0.000
100.000	0.000
100.000	0.000
100.000	0.000
100.000	0.000
100.000	0.000
100.000	0.000
100.000	0.000
100.000	0.000
100.000	0.000
100.000	0.000
100.000	0.000
100.000	0.000
100.000	0.000
100.000	0.000
100.000	0.000
100.000	0.000
100.000	0.000
100.000	0.000
100.000	0.000
100.000	0.000
100.000	0.000
100.000	0.000
100.000	0.000
100.000	0.000
100.000	0.000
100.000	0.000
100.000	0.000
100.000	0.000
100.000	0.000
100.000	0.000
100.000	0.000
100.000	0.000
100.000	0.000
100.000	0.000
100.000	0.000
100.000	0.000
100.000	0.000
100.000	0.000
100.000	0.000
100.000	0.000
100.000	0.000
100.000	0.000
100.000	0.000
100.000	0.000
100.000	0.000
100.000	0.000
100.000	0.000
100.000	0.000
100.000	0.000
100.000	0.000
100.000	0.000
100.000	0.000
100.000	0.000
100.000	0.000
100.000	0.000
100.000	0.000
100.000	0.000
100.000	0.000
100.000	0.000
100.000	0.000
100.000	0.000
100.000	0.000
100.000	0.000
100.000	0.000
100.000	0.000
100.000	0.000
100.000	0.000
100.000	0.000
100.000	0.000
100.000	0.000
100.000	0.000
100.000	0.000
100.000	0.000
100.000	0.000
100.000	0.000
100.000	0.000
100.000	0.000
100.000	0.000
100.000	0.000
100.000	0.000
100.000	0.000
100.000	0.000
100.000	0.000
100.000	0.000
100.000	0.000
100.000	0.000
100.000	0.000
100.000	0.000
100.000	0.000
100.000	0.000
100.000	0.000
100.000	0.000
100.000	0.000
100.000	0.000
100.000	0.000
100.000	0.000
100.000	0.000
100.000	0.000
100.000	0.000
100.000	0.000
100.000	0.000
100.000	0.000
100.000	0.000
100.000	0.000
100.000	0.000
100.000	0.000
100.000	0.000
100.000	0.000
100.000	0.000
100.000	0.000
100.000	0.000
100.000	0.000
100.000	0.000
100.000	0.000
100.000	0.000
100.000	0.000
100.000	0.000
100.000	0.000
100.000	0.000
100.000	0.000
100.000	0.000
100.000	0.000
100.000	0.000
100.000	0.000
100.000	0.000
100.000	0.000
100.000	0.000
100.000	0.000
100.000	0.000
100.000	0.000
100.000	0.000
100.000	0.000
100.000	0.000
100.000	0.000
100.000	0.000
100.000	0.000
100.000	0.000
100.000	0.000
100.000	0.000
100.000	0.000
100.000	0.000
100.000	0.000
100.000	0.000
100.000	0.000
100.000	0.000
100.000	0.000
100.000	0.000
100.000	0.000
100.000	0.000
100.000	0.000
100.000	0.000
100.000	0.000
100.000	0.000
100.000	0.000
100.000	0.000
100.000	0.000
100.000	0.000
100.000	0.000
100.000	0.000
100.000	0.000
100.000	0.000
100.000	0.000
100.000	0.000
100.000	0.000
100.000	0.000
100.000	0.000
100.000	0.000
100.000	0.000
100.000	0.000
100.000	0.000
100.000	0.000
100.000	0.000
100.000	0.000
100.000	0.000
100.000	0.000
100.000	0.000
100.000	0.000
100.000	0.000
100.000	0.000
100.000	0.000
100.000	0.000
100.000	0.000
100.000	0.000
100.000	0.000
100.000	0.000
100.000	0.000
100.000	0.000
100.000	0.000
100.000	0.000
100.000	0.000
100.000	0.000
100.000	0.000
100.000	0.000
100.000	0.000
100.000	0.000
100.000	0.000
100.000	0.000
100.000	0.000
100.000	0.000
100.000	0.000
100.000	0.000
100.000	0.000
100.000	0.000
100.000	0.000
100.000	0.000
100.000	0.000
100.000	0.000
100.000	0.000
100.000	0.000
100.000	0.000
100.000	0.000
100.000	0.000
100.000	0.000
100.000	0.000
100.000	0.000
100.000	0.000
100.000	0.000
100.000	0.000
100.000	0.000
100.000	0.000
100.000	0.000
100.000	0.000
100.000	0.000
100.000	0.000
100.000	0.000
100.000	0.000
100.000	0.000
100.000	0.000
100.000	0.000
100.000	0.000
100.000	0.000
100.000	0.000
100.000	0.000
100.000	0.000
100.000	0.000
100.000	0.000
100.000	0.000
100.000	0.000
100.000	0.000
100.000	0.000
100.000	0.000
100.000	0.000
100.000	0.000
100.000	0.000
100.000	0.000
100.000	0.000
100.000	0.000
100.000	0.000
100.000	0.000
100.000	0.000
100.000	0.000
100.000	0.000
100.000	0.000
100.000	0.000
100.000	0.000
100.000	0.000
100.000	0.000
100.000	0.000
100.000	0.000
100.000	0.000
100.000	0.000
100.000	0.000
100.000	0.000
100.000	0.000
100.000	0.000
100.000	0.000
100.000	0.000
100.000	0.000
100.000	0.000
100.000	0.000
100.000	0.000
100.000	0.000
100.000	0.000
100.000	0.000
100.000	0.000
100.000	0.000
100.000	0.000
100.000	0.000
100.000	0.000
100.000	0.000
100.000	0.000
100.000	0.000
100.000	0.000
100.000	0.000
100.000	0.000
100.000	0.000
100.000	0.000
100.000	0.000
100.000	0.000
100.000	0.000
100.000	0.000
100.000	0.000
100.000	0.000
100.000	0.000
100.000	0.000
100.000	0.000
100.000	0.000
100.000	0.000
100.000	0.000
100.000	0.000
100.000	0.000
100.000	0.000
100.000	0.000
100.000	0.000
100.000	0.000
100.000	0.000
100.000	0.000
100.000	0.000
100.000	0.000
100.000	0.000
100.000	0.000
100.000	0.000
100.000	0.000
100.000	0.000
100.000	0.000
100.000	0.000
100.000	0.000
100.000	0.000
100.000	0.000
100.000	0.000
100.000	0.000
100.000	0.000
100.000	0.000
100.000	0.000
100.000	0.000
100.000	0.000
100.000	0.000
100.000	0.000
100.000	0.000
100.000	0.000
100.000	0.000
100.000	0.000
100.000	0.000
100.000	0.000
100.000	0.000
100.000	0.000
100.000	0.000
100.000	0.000
100.000	0.000
100.000	0.000
100.000	0.000
100.000	0.000
100.000	0.000
100.000	0.000
100.000	0.000
100.000	0.000
100.000	0.000
100.000	0.000
100.000	0.000
100.000	0.000
100.000	0.000
100.000	0.000
100.000	0.000
100.000	0.000
100.000	0.000
100.000	0.000
100.000	0.000
100.000	0.000
100.000	0.000
100.000	0.000
100.000	0.000
100.000	0.000
100.000	0.000
100.000	0.000
100.000	0.000
100.000	0.000
100.000	0.000
100.000	0.000
100.000	0.000
100.000	0.000
100.000	0.000
100.000	0.000
100.000	0.000
100.000	0.000
100.000	0.000
100.000	0.000
100.000	0.000
100.000	0.000
100.000	0.000
100.000	0.000
100.000	0.000
100.000	0.000
100.000	0.000
100.000	0.000
100.000	0.000
100.000	0.000
100.000	0.000
100.000	0.000
100.000	0.000
100.000	0.000
100.000	0.000
100.000	0.000
100.000	0.000
100.000	0.000
100.000	0.000
100.000	0.000
100.000	0.000
100.000	0.000
100.000	0.000
100.000	0.000
100.000	0.000
100.000	0.000
100.000	0.000
100.000	0.000
100.000	0.000
100.000	0.000
100.000	0.000
100.000	0.000
100.000	0.000
100.000	0.000
100.000	0.000
100.000	0.000
100.000	0.000
100.000	0.000
100.000	0.000
100.000	0.000
100.000	0.000
100.000	0.000
100.000	0.000
100.000	0.000
100.000	0.000
100.000	0.000
100.000	0.000
100.000	0.000
100.000	0.000
100.000	0.000
100.000	0.000
100.000	0.000
100.000	0.000
100.000	0.000
100.000	0.000
100.000	0.000
100.000	0.000
100.000	0.000
100.000	0.000
100.000	0.000
100.000	0.000
100.000	0.000
100.000	0.000
100.000	0.000
100.000	0.000
100.000	0.000
100.000	0.000
100.000	0.000
100.000	0.000
100.000	0.000
100.000	0.000
100.000	0.000
100.000	0.000
100.000	0.000
100.000	0.000
100.000	0.000
100.000	0.000
100.000	0.000
100.000	0.000
100.000	0.000
100.000	0.000
100.000	0.000
100.000	0.000
100.000	0.000
100.000	0.000
100.000	0.000
100.000	0.000
100.000	0.000
100.000	0.000
100.000	0.000
100.000	0.000
100.000	0.000
100.000	0.000
100.000	0.000
100.000	0.000
100.000	0.000
100.000	0.000
100.000	0.000
100.000	0.000
100.000	0.000
100.000	0.000
100.000	0.000
100.000	0.000
100.000	0.000
100.000	0.000
100.000	0.000
100.000	0.000
100.000	0.000
100.000	0.000
100.000	0.000
100.000	0.000
100.000	0.000
100.000	0.000
100.000	0.000
100.000	0.000
100.000	0.000
100.000	0.000
100.000	0.000
100.000	0.000
100.000	0.000
100.000	0.000
100.000	0.000
100.000	0.000
100.000	0.000
100.000	0.000
100.000	0.000
100.000	0.000
100.000	0.000
100.000	0.000
100.000	0.000
100.000	0.000
100.000	0.000
100.000	0.000
100.000	0.000
100.000	0.000
100.000	0.000
100.000	0.000
100.000	0.000
100.000	0.000
100.000	0.000
100.000	0.000
100.000	0.000
100.000	0.000
100.000	0.000
100.000	0.000
100.000	0.000
100.000	0.000
100.000	0.000
100.000	0.000
100.000	0.000
100.000	0.000
100.000	0.000
100.000	0.000
100.000	0.000
100.000	0.000
100.000	0.000
100.000	0.000
100.000	0.000
100.000	0.000
100.000	0.000
100.000	0.000
100.000	0.000
100.000	0.000
100.000	0.000
100.000	0.000
100.000	0.000
100.000	0.000
100.000	0.000
100.000	0.000
100.000	0.000
100.000	0.000
100.000	0.000
100.000	0.000
100.000	0.000
100.000	0.000
100.000	0.000
100.000	0.000
100.000	0.000
100.000	0.000
100.000	0.000
100.000	0.000
100.000	0.000
100.000	0.000
100.000	0.000
100.000	0.000
100.000	0.000
100.000	0.000
100.000	0.000
100.000	0.000
100.000	0.000
100.000	0.000
100.000	0.000
100.000	0.000
100.000	0.000
100.000	0.000
100.000	0.000
100.000	0.000
100.000	0.000
100.000	0.000
100.000	0.000
100.000	0.000
100.000	0.000
100.000	0.000
100.000	0.000
100.000	0.000
100.000	0.000
100.000	0.000
100.000	0.000
100.000	0.000
100.000	0.000
100.000	0.000
100.000	0.000
100.000	0.000
100.000	0.000
100.000	0.000
100.000	0.000
100.000	0.000
100.000	0.000
100.000	0.000
100.000	0.000
100.000	0.000
100.000	0.000
100.000	0.000
100.000	0.000
100.000	0.000
100.000	0.000
100.000	0.000
100.000	0.000
100.000	0.000
100.000	0.000
100.000	0.000
100.000	0.000
100.000	0.000
100.000	0.000
100.000	0.000
100.000	0.000
100.000	0.000
100.000	0.000
100.000	0.000
100.000	0.000
100.000	0.000
100.000	0.000
100.000	0.000
100.000	0.000
100.000	0.000
100.000	0.000
100.000	0.000
100.000	0.000
100.000	0.000
100.000	0.000
100.000	0.000
100.000	0.000
100.000	0.000
100.000	0.000
100.000	0.000
100.000	0.000
100.000	0.000
100.000	0.000
100.000	0.000
100.000	0.000
100.000	0.000
100.000	0.000
100.000	0.000
100.000	0.000
100.000	0.000
100.000	0.000
100.000	0.000
100.000	0.000
100.000	0.000
100.000	0.000
100.000	0.000
100.000	0.000
100.000	0.000
100.000	0.000
100.000	0.000
100.000	0.000
100.000	0.000
100.000	0.000
100.000	0.000
100.000	0.000
100.000	0.000
100.000	0.000
100.000	0.000
100.000	0.000
100.000	0.000
100.000	0.000
100.000	0.000
100.000	0.000
100.000	0.000
100.000	0.000
100.000	0.000
100.000	0.000
100.000	0.000
100.000	0.000
100.000	0.000
100.000	0.000
100.000	0.000
100.000	0.000
100.000	0.000
100.000	0.000
100.000	0.000
100.000	0.000
100.000	0.000
100.000	0.000
100.000	0.000
100.000	0.000
100.000	0.000
100.000	0.000
100.000	0.000
100.000	0.000
100.000	0.000
100.000	0.000
100.000	0.000
100.000	0.000
100.000	0.000
100.000	0.000
100.000	0.000
100.000	0.000
100.000	0.000
100.000	0.000
100.000	0.000
100.000	0.000
100.000	0.000
100.000	0.000
100.000	0.000
100.000	0.000
100.000	0.000
100.000	0.000
100.000	0.000
100.000	0.000
100.000	0.000
100.000	0.000
100.000	0.000
100.000	0.000
100.000	0.000
100.000	0.000
100.000	0.000
100.000	0.000
100.000	0.000
100.000	0.000
100.000	0.000
100.000	0.000
100.000	0.000
100.000	0.000
100.000	0.000
100.000	0.000
100.000	0.000
100.000	0.000
100.000	0.000
100.000	0.000
100.000	0.000
100.000	0.000
100.000	0.000
100.000	0.000
100.000	0.000
100.000	0.000
100.000	0.000
100.000	0.000
100.000	0.000
100.000	0.000
100.000	0.000
100.000	0.000
100.000	0.000
100.000	0.000
100.000	0.000
100.000	0.000
100.000	0.000
100.000	0.000
100.000	0.000
100.000	0.000
100.000	0.000
100.000	0.000
100.000	0.000
100.000	0.000
100.000	0.000
100.000	0.000
100.000	0.000
100.000	0.000
100.000	0.000
100.000	0.000
100.000	0.000
100.000	0.000
100.000	0.000
100.000	0.000
100.000	0.000
100.000	0.000
100.000	0.000
100.000	0.000
100.000	0.000
100.000	0.000
100.000	0.000
100.000	0.000
100.000	0.000
100.000	0.000
100.000	0.000
100.000	0.000
100.000	0.000
100.000	0.000
100.000	0.000
100.000	0.000
100.000	0.000
100.000	0.000
100.000	0.000
100.000	0.000
100.000	0.000
100.000	0.000
100.000	0.000
100.000	0.000
100.000	0.000
100.000	0.000
100.000	0.000
100.000	0.000
100.000	0.000
100.000	0.000
100.000	0.000
100.000	0.000
100.000	0.000
100.000	0.000
100.000	0.000
100.000	0.000
100.000	0.000
100.000	0.000
100.000	0.000
100.000	0.000
100.000	0.000
100.000	0.000
100.000	0.000
100.000	0.000
100.000	0.000
100.000	0.000
100.000	0.000
100.000	0.000
100.000	0.000
100.000	0.000
100.000	0.000
100.000	0.000
100.000	0.000
100.000	0.000
100.000	0.000
100.000	0.000
100.000	0.000
100.000	0.000
100.000	0.000
100.000	0.000
100.000	0.000
100.000	0.000
100.000	0.000
100.000	0.000
100.000	0.000
100.000	0.000
100.000	0.000
100.000	0.000
100.000	0.000
100.000	0.000
100.000	0.000
100.000	0.000
100.000	0.000
100.000	0.000
100.000	0.000
100.000	0.000
100.000	0.000
100.000	0.000
100.000	0.000
100.000	0.000
100.000	0.000
100.000	0.000
100.000	0.000
100.000	0.000
100.000	0.000
100.000	0.000
100.000	0.000
100.000	0.000
100.000	0.000
100.000	0.000
100.000	0.000
100.000	0.000
100.000	0.000
100.000	0.000
100.000	0.000
100.000	0.000
100.000	0.000
100.000	0.000
100.000	0.000
100.000	0.000
100.000	0.000
100.000	0.000
100.000	0.000
100.000	0.000
100.000	0.000
100.000	0.000
100.000	0.000
100.000	0.000
100.000	0.000
100.000	0.000
100.000	0.000
100.000	0.000
100.000	0.000
100.000	0.000
100.000	0.000
100.000	0.000
100.000	0.000
100.000	0.000
100.000	0.000
100.000	0.000
100.000	0.000
100.000	0.000
100.000	0.000
100.000	0.000
100.000	0.000
100.000	0.000
100.000	0.000
100.000	0.000
100.000	0.000
100.000	0.000
100.000	0.000
100.000	0.000
100.000	0.000
100.000	0.000
100.000	0.000
100.000	0.000
100.000	0.000
100.000	0.000
100.000	0.000
100.000	0.000
100.000	0.000
100.000	0.000
100.000	0.000
100.000	0.000
100.000	0.000
100.000	0.000
100.000	0.000
100.000	0.000
100.000	0.000
100.000	0.000
100.000	0.000
100.000	0.000
100.000	0.000
100.000	0.000
100.000	0.000
100.000	0.000
100.000	0.000
100.000	0.000
100.000	0.000
100.000	0.000
100.000	0.000
100.000	0.000
100.000	0.000
100.000	0.000
100.000	0.000
100.000	0.000
100.000	0.000
100.000	0.000
100.000	0.000
100.000	0.000
100.000	0.000
100.000	0.000
100.000	0.000
100.000	0.000
100.000	0.000
100.000	0.000
100.000	0.000
100.000	0.000
100.000	0.000
100.000	0.000
100.000	0.000
100.000	0.000
100.000	0.000
100.000	0.000
100.000	0.000
100.000	0.000
100.000	0.000
100.000	0.000
100.000	0.000
100.000	0.000
100.000	0.000
100.000	0.000
100.000	0.000
100.000	0.000
100.000	0.000
100.000	0.000
100.000	0.000
100.000	0.000
100.000	0.000
100.000	0.000
100.000	0.000
100.000	0.000
100.000	0.000
100.000	0.000
100.000	0.000
100.000	0.000
100.000	0.000
100.000	0.000
100.000	0.000
100.000	0.000
100.000	0.000
100.000	0.000
100.000	0.000
100.000	0.000
100.000	0.000
100.000	0.000
100.000	0.000
100.000	0.000
100.000	0.000
100.000	0.000
100.000	0.000
100.000	0.000
100.000	0.000
100.000	0.000
100.000	0.000
100.000	0.000
100.000	0.000
100.000	0.000
100.000	0.000
100.000	0.000
100.000	0.000
100.000	0.000
100.000	0.000
100.000	0.000
100.000	0.000
100.000	0.000
100.000	0.000
100.000	0.000
100.000	0.000
100.000	0.000
100.000	0.000
100.000	0.000
100.000	0.000
100.000	0.000
100.000	0.000
100.000	0.000
100.000	0.000
100.000	0.000
100.000	0.000
100.000	0.000
100.000	0.000
100.000	0.000
100.000	0.000
100.000	0.000
100.000	0.000
100.000	0.000
100.000	0.000
100.000	0.000
100.000	0.000
100.000	0.000
100.000	0.000
100.000	0.000
100.000	0.000
100.000	0.000
100.000	0.000
100.000	0.000
100.000	0.000
100.000	0.000
100.000	0.000
100.000	0.000
100.000	0.000
100.000	0.000
100.000	0.000
100.000	0.000
100.000	0.000
100.000	0.000
100.000	0.000
100.000	0.000
100.000	0.000
100.000	0.000
100.000	0.000
100.000	0.000
100.000	0.000
100.000	0.000
100.000	0.000
100.000	0.000
100.000	0.000
100.000	0.000
100.000	0.000
100.000	0.000
100.000	0.000
100.000	0.000
100.000	0.000
100.000	0.000
100.000	0.000
100.000	0.000
100.000	0.000
100.000	0.000
100.000	0.000
100.000	0.000
100.000	0.000
100.000	0.000
100.000	0.000
100.000	0.000
100.000	0.000
100.000	0.000
100.000	0.000
100.000	0.000
100.000	0.000
100.000	0.000
100.000	0.000
100.000	0.000
100.000	0.000
100.000	0.000
100.000	0.000
100.000	0.000
100.000	0.000
100.000	0.000
100.000	0.000
100.000	0.000
100.000	0.000
100.000	0.000
100.000	0.000
100.000	0.000
100.000	0.000
100.000	0.000
100.000	0.000
100.000	0.000
100.000	0.000
100.000	0.000
100.000	0.000
100.000	0.000
100.000	0.000
100.000	0.000
100.000	0.000
100.000	0.000
100.000	0.000
100.000	0.000
100.000	0.000
100.000	0.000
100.000	0.000
100.000	0.000
100.000	0.000
100.000	0.000
100.000	0.000
100.000	0.000
100.000	0.000
100.000	0.000
100.000	0.000
100.000	0.000
100.000	0.000
100.000	0.000
100.000	0.000
100.000	0.000
100.000	0.000
100.000	0.000
100.000	0.000
100.000	0.000
100.000	0.000
100.000	0.000
100.000	0.000
100.000	0.000
100.000	0.000
100.000	0.000
100.000	0.000
100.000	0.000
100.000	0.000
100.000	0.000
100.000	0.000
100.000	0.000
100.000	0.000
100.000	0.000
100.000	0.000
100.000	0.000
100.000	0.000
100.000	0.000
100.000	0.000
100.000	0.000
100.000	0.000
100.000	0.000
100.000	0.000
100.000	0.000
100.000	0.000
100.000	0.000
100.000	0.000
100.000	0.000
100.000	0.000
100.000	0.000
100.000	0.000
100.000	0.000
100.000	0.000
100.000	0.000
100.000	0.000
100.000	0.000
100.000	0.000
100.000	0.000
100.000	0.000
100.000	0.000
100.000	0.000
100.000	0.000
100.000	0.000
100.000	0.000
100.000	0.000
100.000	0.000
100.000	0.000
100.000	0.000
100.000	0.000
100.000	0.000
100.000	0.000
100.000	0.000
100.000	0.000
100.000	0.000
100.000	0.000
100.000	0.000
100.000	0.000
100.000	0.000
100.000	0.000
100.000	0.000
100.000	0.000
100.000	0.000
100.000	0.000
100.000	0.000
100.000	0.000
100.000	0.000
100.000	0.000
100.000	0.000
100.000	0.000
100.000	0.000
100.000	0.000
100.000	0.000
100.000	0.000
100.000	0.000
100.000	0.000
100.000	0.000
100.000	0.000
100.000	0.000
100.000	0.000
100.000	0.000
100.000	0.000
100.000	0.000
100.000	0.000
100.000	0.000
100.000	0.000
100.000	0.000
100.000	0.000
100.000	0.000
100.000	0.000
100.000	0.000
100.000	0.000
100.000	0.000
100.000	0.000
100.000	0.000
100.000	0.000
100.000	0.000
100.000	0.000
100.000	0.000
100.000	0.000
100.000	0.000
100.000	0.000
100.000	0.000
100.000	0.000
100.000	0.000
100.000	0.000
100.000	0.000
100.000	0.000
100.000	0.000
100.000	0.000
100.000	0.000
100.000	0.000
100.000	0.000
100.000	0.000
100.000	0.000
100.000	0.000
100.000	0.000
100.000	0.000
100.000	0.000
100.000	0.000
100.000	0.000
100.000	0.000
100.000	0.000
100.000	0.000
100.000	0.000
100.000	0.000
100.000	0.000
100.000	0.000
100.000	0.000
100.000	0.000
100.000	0.000
100.000	0.000
100.000	0.000
100.000	0.000
100.000	0.000
100.000	0.000
100.000	0.000
100.000	0.000
100.000	0.000
100.000	0.000
100.000	0.000
100.000	0.000
100.000	0.000
100.000	0.000
100.000	0.000
100.000	0.000
100.000	0.000
100.000	0.000
100.000	0.000
100.000	0.000
100.000	0.000
100.000	0.000
100.000	0.000
100.000	0.000
100.000	0.000
100.000	0.000
100.000	0.000
100.000	0.000
100.000	0.000
100.000	0.000
100.000	0.000
100.000	0.000
100.000	0.000
100.000	0.000
100.000	0.000
100.000	0.000
100.000	0.000
100.000	0.000
100.000	0.000
100.000	0.000
100.000	0.000
100.000	0.000
100.000	0.000
100.000	0.000
100.000	0.000
100.000	0.000
100.000	0.000
100.000	0.000
100.000	0.000
100.000	0.000
100.000	0.000
100.000	0.000
100.000	0.000
100.000	0.000
100.000	0.000
100.000	0.000
100.000	0.000
100.000	0.000
100.000	0.000
100.000	0.000
100.000	0.000
100.000	0.000
100.000	0.000
100.000	0.000
100.000	0.000
100.000	0.000
100.000	0.000
100.000	0.000
100.000	0.000
100.000	0.000
100.000	0.000
100.000	0.000
100.000	0.000
100.000	0.000
100.000	0.000
100.000	0.000
100.000	0.000
100.000	0.000
100.000	0.000
100.000	0.000
100.000	0.000
100.000	0.000
100.000	0.000
100.000	0.000
100.000	0.000
100.000	0.000
100.000	0.000
100.000	0.000
100.000	0.000
100.000	0.000
100.000	0.000
100.000	0.000
100.000	0.000
100.000	0.000
100.000	0.000
100.000	0.000
100.000	0.000
100.000	0.000
100.000	0.000
100.000	0.000
100.000	0.000
100.000	0.000
100.000	0.000
100.000	0.000
100.000	0.000
100.000	0.000
100.000	0.000
100.000	0.000
100.000	0.000
100.000	0.000
100.000	0.000
100.000	0.000
100.000	0.000
100.000	0.000
100.000	0.000
100.000	0.000
100.000	0.000
100.000	0.000
100.000	0.000
100.000	0.000
100.000	0.000
100.000	0.000
100.000	0.000
100.000	0.000
100.000	0.000
100.000	0.000
100.000	0.000
100.000	0.000
100.000	0.000
100.000	0.000
100.000	0.000
100.000	0.000
100.000	0.000
100.000	0.000
100.000	0.000
100.000	0.000
100.000	0.000
100.000	0.000
100.000	0.000
100.000	0.000
100.000	0.000
100.000	0.000
100.000	0.000
100.000	0.000
100.000	0.000
100.000	0.000
100.000	0.000
100.000	0.000
100.000	0.000
100.000	0.000
100.000	0.000
100.000	0.000
100.000	0.000
100.000	0.000
100.000	0.000
100.000	0.000
100.000	0.000
100.000	0.000
100.000	0.000
100.000	0.000
100.000	0.000
100.000	0.000
100.000	0.000
100.000	0.000
100.000	0.000
100.000	0.000
100.000	0.000
100.000	0.000
100.000	0.000
100.000	0.000
100.000	0.000
100.000	0.000
100.000	0.000
100.000	0.000
100.000	0.000
100.000	0.000
100.000	0.000
100.000	0.000
100.000	0.000
100.000	0.000
100.000	0.000
100.000	0.000
100.000	0.000
100.000	0.000
100.000	0.000
100.000	0.000
100.000	0.000
100.000	0.000
100.000	0.000
100.000	0.000
100.000	0.000
100.000	0.000
100.000	0.000
100.000	0.000
100.000	0.000
100.000	0.000
100.000	0.000
100.000	0.000
100.000	0.000
100.000	0.000
100.000	0.000
100.000	0.000
100.000	0.000
100.000	0.000
100.000	0.000
100.000	0.000
100.000	0.000
100.000	0.000
100.000	0.000
100.000	0.000
100.000	0.000
100.000	0.000
100.000	0.000
100.000	0.000
100.000	0.000
100.000	0.000
100.000	0.000
100.000	0.000
100.000	0.000
100.000	0.000
100.000	0.000
100.000	0.000
100.000	0.000
100.000	0.000
100.000	0.000
100.000	0.000
100.000	0.000
100.000	0.000
100.000	0.000
100.000	0.000
100.000	0.000
100.000	0.000
100.000	0.000
100.000	0.000
100.000	0.000
100.000	0.000
100.000	0.000
100.000	0.000
100.000	0.000
100.000	0.000
100.000	0.000
100.000	0.000
100.000	0.000
100.000	0.000
100.000	0.000
100.000	0.000
100.000	0.000
100.000	0.000
100.000	0.000
100.000	0.000
100.000	0.000
100.000	0.000
100.000	0.000
100.000	0.000
100.000	0.000
100.000	0.000
100.000	0.000
100.000	0.000
100.000	0.000
100.000	0.000
100.000	0.000
100.000	0.000
100.000	0.000
100.000	0.000
100.000	0.000
100.000	0.000
100.000	0.000
100.000	0.000
100.000	0.000
100.000	0.000
100.000	0.000
100.000	0.000
100.000	0.000
100.000	0.000
100.000	0.000
100.000	0.000
100.000	0.000
100.000	0.000
100.000	0.000
100.000	0.000
100.000	0.000
100.000	0.000
100.000	0.000
100.000	0.000
100.000	0.000
100.000	0.000
100.000	0.000
100.000	0.000
100.000	0.000
100.000	0.000
100.000	0.000
100.000	0.000
100.000	0.000
100.000	0.000
100.000	0.000
100.000	0.000
100.000	0.000
100.000	0.000
100.000	0.000
100.000	0.000
100.000	0.000
100.000	0.000
100.000	0.000
100.000	0.000
100.000	0.000
100.000	0.000
100.000	0.000
100.000	0.000
100.000	0.000
100.000	0.000
100.000	0.000
100.000	0.000
100.000	0.000
100.000	0.000
100.000	0.000
100.000	0.000
100.000	0.000
100.000	0.000
100.000	0.000
100.000	0.000
100.000	0.000
100.000	0.000
100.000	0.000
100.000	0.000
100.000	0.000
100.000	0.000
100.000	0.000
100.000	0.000
100.000	0.000
100.000	0.000
100.000	0.000
100.000	0.000
100.000	0.000
100.000	0.000
100.000	0.000
100.000	0.000
100.000	0.000
100.000	0.000
100.000	0.000
100.000	0.000
100.000	0.000
100.000	0.000
100.000	0.000
100.000	0.000
100.000	0.000
100.000	0.000
100.000	0.000
100.000	0.000
100.000	0.000
100.000	0.000
100.000	0.000
100.000	0.000
100.000	0.000
100.000	0.000
100.000	0.000
100.000	0.000
100.000	0.000
100.000	0.000
100.000	0.000
100.000	0.000
100.000	0.000
100.000	0.000
100.000	0.000
100.000	0.000
100.000	0.000
100.000	0.000
100.000	0.000
100.000	0.000
100.000	0.000
100.000	0.000
100.000	0.000
100.000	0.000
100.000	0.000
100.000	0.000
100.000	0.000
100.000	0.000
100.000	0.000
100.000	0.000
100.000	0.000
100.000	0.000
100.000	0.000
100.000	0.000
100.000	0.000
100.000	0.000
100.000	0.000
100.000	0.000
100.000	0.000
100.000	0.000
100.000	0.000
100.000	0.000
100.000	0.000
100.000	0.000
100.000	0.000
100.000	0.000
100.000	0.000
100.000	0.000
100.000	0.000
100.000	0.000
100.000	0.000
100.000	0.000
100.000	0.000
100.000	0.000
100.000	0.000
100.000	0.000
100.000	0.000
100.000	0.000
100.000	0.000
100.000	0.000
100.000	0.000
100.000	0.000
100.000	0.000
100.000	0.000
100.000	0.000
100.000	0.000
100.000	0.000
100.000	0.000
100.000	0.000
100.000	0.000
100.000	0.000
100.000	0.000
100.000	0.000
100.000	0.000
100.000	0.000
100.000	0.000
100.000	0.000
100.000	0.000
100.000	0.000
100.000	0.000
100.000	0.000
100.000	0.000
100.000	0.000
100.000	0.000
100.000	0.000
100.000	0.000
100.000	0.000
100.000	0.000
100.000	0.000
100.000	0.000
100.000	0.000
100.000	0.000
100.000	0.000
100.000	0.000
100.000	0.000
100.000	0.000
100.000	0.000
100.000	0.000
100.000	0.000
100.000	0.000
100.000	0.000
100.000	0.000
100.000	0.000
100.000	0.000
100.000	0.000
100.000	0.000
100.000	0.000
100.000	0.000
100.000	0.000
100.000	0.000
100.000	0.000
100.000	0.000
100.000	0.000
100.000	0.000
100.000	0.000
100.000	0.000
100.000	0.000
100.000	0.000
100.000	0.000
100.000	0.000
100.000	0.000
100.000	0.000
100.000	0.000
100.000	0.000
100.000	0.000
100.000	0.000
100.000	0.000
100.000	0.000
100.000	0.000
100.000	0.000
100.000	0.000
100.000	0.000
100.000	0.000
100.000	0.000
100.000	0.000
100.000	0.000
100.000	0.000
100.000	0.000
100.000	0.000
100.000	0.000
100.000	0.000
100.000	0.000
100.000	0.000
100.000	0.000
100.000	0.000
100.000	0.000
100.000	0.000
100.000	0.000
100.000	0.000
100.000	0.000
100.000	0.000
100.000	0.000
100.000	0.000
100.000	0.000
100.000	0.000
100.000	0.000
100.000	0.000
100.000	0.000
100.000	0.000
100.000	0.000
100.000	0.000
100.000	0.000
100.000	0.000
100.000	0.000
100.000	0.000
100.000	0.000
100.000	0.000
100.000	0.000
100.000	0.000
100.000	0.000
100.000	0.000
100.000	0.000
100.000	0.000
100.000	0.000
100.000	0.000
100.000	0.000
100.000	0.000
100.000	0.000
100.000	0.000
100.000	0.000
100.000	0.000
100.000	0.000
100.000	0.000
100.000	0.000
100.000	0.000
100.000	0.000
100.000	0.000
100.000	0.000
100.000	0.000
100.000	0.000
100.000	0.000
100.000	0.000
100.000	0.000
100.000	0.000
100.000	0.000
100.000	0.000
100.000	0.000
100.000	0.000
100.000	0.000
100.000	0.000
100.000	0.000
100.000	0.000
100.000	0.000
100.000	0.000
100.000	0.000
100.000	0.000
100.000	0.000
100.000	0.000
100.000	0.000
100.000	0.000
100.000	0.000
100.000	0.000
100.000	0.000
100.000	0.000
100.000	0.000
100.000	0.000
100.000	0.000
100.000	0.000
100.000	0.000
100.000	0.000
100.000	0.000
100.000	0.000
100.000	0.000
100.000	0.000
100.000	0.000
100.000	0.000
100.000	0.000
