1000.000	0.605
1000.000	0.017
1000.000	0.005
1000.000	0.002
1000.000	0.000
1000.000	0.001
1000.000	0.002
1000.000	0.001
1000.000	0.000
1000.000	0.000
1000.000	0.001
1000.000	0.000
1000.000	0.000
1000.000	0.004
1000.000	0.002
1000.000	0.001
1000.000	0.000
1000.000	0.000
1000.000	0.001
1000.000	0.000
1000.000	0.000
1000.000	0.001
1000.000	0.000
1000.000	0.000
1000.000	0.000
1000.000	0.001
1000.000	0.001
1000.000	0.000
1000.000	0.001
1000.000	0.000
1000.000	0.000
1000.000	0.000
1000.000	0.000
1000.000	0.002
1000.000	0.000
1000.000	0.002
1000.000	0.000
1000.000	0.000
1000.000	0.000
1000.000	0.000
1000.000	0.000
1000.000	0.001
1000.000	0.000
1000.000	0.001
1000.000	0.001
1000.000	0.001
1000.000	0.000
1000.000	0.001
1000.000	0.000
1000.000	0.000
1000.000	0.001
1000.000	0.000
1000.000	0.001
1000.000	0.000
1000.000	0.000
1000.000	0.000
1000.000	0.001
1000.000	0.001
1000.000	0.000
1000.000	0.001
1000.000	0.001
1000.000	0.001
1000.000	0.001
1000.000	0.000
1000.000	0.000
1000.000	0.000
1000.000	0.001
1000.000	0.001
1000.000	0.000
1000.000	0.000
1000.000	0.001
1000.000	0.001
1000.000	0.000
1000.000	0.001
1000.000	0.001
1000.000	0.000
1000.000	0.000
1000.000	0.000
1000.000	0.001
1000.000	0.000
1000.000	0.001
1000.000	0.000
1000.000	0.001
1000.000	0.000
1000.000	0.000
1000.000	0.000
1000.000	0.000
1000.000	0.000
1000.000	0.001
1000.000	0.000
1000.000	0.000
1000.000	0.000
1000.000	0.000
1000.000	0.000
1000.000	0.000
1000.000	0.000
1000.000	0.000
1000.000	0.001
1000.000	0.001
1000.000	0.000
1000.000	0.001
1000.000	0.000
1000.000	0.000
1000.000	0.000
1000.000	0.002
1000.000	0.000
1000.000	0.000
1000.000	0.000
1000.000	0.000
1000.000	0.000
1000.000	0.001
1000.000	0.000
1000.000	0.001
1000.000	0.000
1000.000	0.000
1000.000	0.002
1000.000	0.001
1000.000	0.000
1000.000	0.001
1000.000	0.000
1000.000	0.000
1000.000	0.000
1000.000	0.000
1000.000	0.000
1000.000	0.000
1000.000	0.000
1000.000	0.000
1000.000	0.000
1000.000	0.001
1000.000	0.000
1000.000	0.000
1000.000	0.000
1000.000	0.000
1000.000	0.000
1000.000	0.002
1000.000	0.000
1000.000	0.001
1000.000	0.000
1000.000	0.001
1000.000	0.001
1000.000	0.001
1000.000	0.000
1000.000	0.000
1000.000	0.000
1000.000	0.000
1000.000	0.001
1000.000	0.000
1000.000	0.000
1000.000	0.000
1000.000	0.000
1000.000	0.001
1000.000	0.001
1000.000	0.001
1000.000	0.000
1000.000	0.001
1000.000	0.001
1000.000	0.000
1000.000	0.000
1000.000	0.000
1000.000	0.000
1000.000	0.000
1000.000	0.001
1000.000	0.000
1000.000	0.000
1000.000	0.000
1000.000	0.000
1000.000	0.000
1000.000	0.000
1000.000	0.000
1000.000	0.002
1000.000	0.000
1000.000	0.001
1000.000	0.001
1000.000	0.001
1000.000	0.000
1000.000	0.000
1000.000	0.000
1000.000	0.000
1000.000	0.000
1000.000	0.001
1000.000	0.000
1000.000	0.000
1000.000	0.001
1000.000	0.000
1000.000	0.000
1000.000	0.000
1000.000	0.000
1000.000	0.000
1000.000	0.001
1000.000	0.000
1000.000	0.002
1000.000	0.000
1000.000	0.000
1000.000	0.001
1000.000	0.001
1000.000	0.000
1000.000	0.000
1000.000	0.000
1000.000	0.000
1000.000	0.001
1000.000	0.000
1000.000	0.000
1000.000	0.001
1000.000	0.000
1000.000	0.000
1000.000	0.000
1000.000	0.000
1000.000	0.000
1000.000	0.001
1000.000	0.000
1000.000	0.001
1000.000	0.000
1000.000	0.000
1000.000	0.001
1000.000	0.000
1000.000	0.000
1000.000	0.000
1000.000	0.000
1000.000	0.001
1000.000	0.000
1000.000	0.001
1000.000	0.000
1000.000	0.000
1000.000	0.001
1000.000	0.000
1000.000	0.000
1000.000	0.001
1000.000	0.001
1000.000	0.000
1000.000	0.000
1000.000	0.001
1000.000	0.000
1000.000	0.000
1000.000	0.000
1000.000	0.001
1000.000	0.001
1000.000	0.001
1000.000	0.000
1000.000	0.000
1000.000	0.000
1000.000	0.001
1000.000	0.000
1000.000	0.001
1000.000	0.001
1000.000	0.000
1000.000	0.000
1000.000	0.001
1000.000	0.000
1000.000	0.000
1000.000	0.000
1000.000	0.001
1000.000	0.000
1000.000	0.001
1000.000	0.000
1000.000	0.001
1000.000	0.000
1000.000	0.001
1000.000	0.001
1000.000	0.001
1000.000	0.000
1000.000	0.000
1000.000	0.000
1000.000	0.000
1000.000	0.000
1000.000	0.000
1000.000	0.001
1000.000	0.000
1000.000	0.000
1000.000	0.000
1000.000	0.000
1000.000	0.001
1000.000	0.001
1000.000	0.002
1000.000	0.001
1000.000	0.000
1000.000	0.001
1000.000	0.000
1000.000	0.001
1000.000	0.000
1000.000	0.000
1000.000	0.000
1000.000	0.000
1000.000	0.000
1000.000	0.000
1000.000	0.000
1000.000	0.000
1000.000	0.000
1000.000	0.001
1000.000	0.000
1000.000	0.001
1000.000	0.000
1000.000	0.000
1000.000	0.001
1000.000	0.000
1000.000	0.001
1000.000	0.001
1000.000	0.001
1000.000	0.001
1000.000	0.000
1000.000	0.001
1000.000	0.001
1000.000	0.000
1000.000	0.000
1000.000	0.001
1000.000	0.000
1000.000	0.000
1000.000	0.000
1000.000	0.000
1000.000	0.000
1000.000	0.000
1000.000	0.000
1000.000	0.000
1000.000	0.000
1000.000	0.001
1000.000	0.000
1000.000	0.000
1000.000	0.001
1000.000	0.000
1000.000	0.001
1000.000	0.000
1000.000	0.000
1000.000	0.000
1000.000	0.000
1000.000	0.000
1000.000	0.002
1000.000	0.000
1000.000	0.000
1000.000	0.002
1000.000	0.000
1000.000	0.000
1000.000	0.001
1000.000	0.000
1000.000	0.001
1000.000	0.001
1000.000	0.000
1000.000	0.000
1000.000	0.000
1000.000	0.003
1000.000	0.000
1000.000	0.001
1000.000	0.000
1000.000	0.000
1000.000	0.001
1000.000	0.000
1000.000	0.003
1000.000	0.000
1000.000	0.000
1000.000	0.000
1000.000	0.001
1000.000	0.002
1000.000	0.000
1000.000	0.000
1000.000	0.000
1000.000	0.001
1000.000	0.000
1000.000	0.000
1000.000	0.000
1000.000	0.000
1000.000	0.000
1000.000	0.000
1000.000	0.000
1000.000	0.000
1000.000	0.000
1000.000	0.000
1000.000	0.000
1000.000	0.000
1000.000	0.000
1000.000	0.000
1000.000	0.001
1000.000	0.000
1000.000	0.000
1000.000	0.002
1000.000	0.000
1000.000	0.001
1000.000	0.000
1000.000	0.000
1000.000	0.001
1000.000	0.000
1000.000	0.000
1000.000	0.000
1000.000	0.000
1000.000	0.000
1000.000	0.001
1000.000	0.000
1000.000	0.000
1000.000	0.000
1000.000	0.000
1000.000	0.000
1000.000	0.001
1000.000	0.000
1000.000	0.000
1000.000	0.000
1000.000	0.002
1000.000	0.000
1000.000	0.000
1000.000	0.001
1000.000	0.000
1000.000	0.001
1000.000	0.001
1000.000	0.000
1000.000	0.000
1000.000	0.000
1000.000	0.000
1000.000	0.000
1000.000	0.000
1000.000	0.001
1000.000	0.000
1000.000	0.000
1000.000	0.000
1000.000	0.000
1000.000	0.000
1000.000	0.000
1000.000	0.001
1000.000	0.000
1000.000	0.001
1000.000	0.000
1000.000	0.000
1000.000	0.000
1000.000	0.001
1000.000	0.000
1000.000	0.000
998.100	0.000
995.735	0.000
993.381	0.000
991.038	0.000
988.706	0.000
986.385	0.000
984.075	0.000
981.776	0.000
979.487	0.001
977.209	0.000
974.942	0.000
972.685	0.000
970.439	0.001
968.203	0.001
965.977	0.000
963.761	0.001
961.556	0.001
959.361	0.000
957.175	0.000
955.000	0.001
952.834	0.001
950.679	0.000
948.533	0.000
946.396	0.000
944.270	0.000
942.152	0.000
940.045	0.000
937.946	0.000
935.857	0.000
933.778	0.000
931.707	0.001
929.646	0.000
927.594	0.000
925.551	0.000
923.516	0.000
921.491	0.000
919.475	0.000
917.467	0.001
915.468	0.000
913.478	0.001
911.497	0.001
909.524	0.001
907.559	0.000
905.603	0.001
903.656	0.001
901.717	0.001
899.786	0.000
897.863	0.001
895.949	0.000
894.043	0.000
892.144	0.002
890.254	0.000
888.372	0.000
886.498	0.000
884.632	0.000
882.773	0.000
880.922	0.000
879.079	0.000
877.244	0.001
875.417	0.000
873.597	0.000
871.784	0.000
869.979	0.000
868.182	0.000
866.392	0.000
864.609	0.001
862.834	0.001
861.066	0.001
859.305	0.000
857.551	0.000
855.804	0.000
854.065	0.002
852.333	0.000
850.607	0.001
848.889	0.000
847.177	0.001
845.473	0.001
843.775	0.000
842.084	0.000
840.400	0.002
838.723	0.000
837.052	0.001
835.388	0.000
833.730	0.000
832.079	0.000
830.435	0.001
828.797	0.000
827.165	0.000
825.540	0.000
823.922	0.000
822.309	0.001
820.703	0.000
819.103	0.001
817.510	0.000
815.922	0.001
814.341	0.000
812.766	0.000
811.197	0.000
809.634	0.000
808.077	0.002
806.526	0.001
804.981	0.000
803.442	0.000
801.908	0.000
800.381	0.001
798.859	0.000
797.343	0.000
795.833	0.000
794.329	0.000
792.830	0.000
791.337	0.000
789.850	0.002
788.368	0.000
786.891	0.001
785.421	0.001
783.955	0.000
782.495	0.000
781.041	0.001
779.592	0.001
778.148	0.001
776.710	0.000
775.277	0.000
773.849	0.000
772.426	0.000
771.009	0.001
769.597	0.000
768.190	0.001
766.788	0.001
765.392	0.000
764.000	0.000
762.613	0.000
761.232	0.000
759.855	0.000
758.484	0.000
757.117	0.000
755.755	0.001
754.399	0.000
753.047	0.000
751.699	0.001
750.357	0.000
749.020	0.000
747.687	0.000
746.359	0.002
745.035	0.001
743.717	0.000
742.403	0.001
741.093	0.000
739.789	0.000
738.489	0.000
737.193	0.000
735.902	0.000
734.615	0.000
733.333	0.000
732.056	0.000
730.783	0.001
729.514	0.001
728.250	0.001
726.990	0.000
725.734	0.000
724.483	0.001
723.236	0.002
721.993	0.002
720.755	0.001
719.521	0.001
718.291	0.001
717.065	0.000
715.843	0.003
714.626	0.001
713.413	0.000
712.203	0.000
710.998	0.000
709.797	0.000
708.600	0.001
707.407	0.000
706.218	0.000
705.034	0.001
703.853	0.000
702.676	0.001
701.503	0.000
700.333	0.000
699.168	0.001
698.007	0.002
696.849	0.001
695.695	0.000
694.545	0.000
693.399	0.000
692.257	0.000
691.118	0.000
689.984	0.000
688.852	0.000
687.725	0.000
686.601	0.000
685.481	0.000
684.365	0.002
683.252	0.000
682.143	0.000
681.037	0.003
679.935	0.001
678.837	0.001
677.742	0.001
676.651	0.000
675.563	0.001
674.478	0.000
673.397	0.001
672.320	0.000
671.246	0.000
670.175	0.000
669.108	0.001
668.045	0.001
666.984	0.000
665.927	0.001
664.873	0.000
663.823	0.002
662.776	0.000
661.732	0.001
660.692	0.000
659.655	0.001
658.621	0.000
657.590	0.000
656.563	0.000
655.538	0.000
654.517	0.001
653.499	0.001
652.484	0.001
651.473	0.002
650.464	0.001
649.459	0.001
648.457	0.000
647.458	0.001
646.462	0.001
645.469	0.000
644.479	0.000
643.492	0.000
642.508	0.001
641.527	0.000
640.549	0.003
639.574	0.003
638.602	0.000
637.633	0.001
636.667	0.000
635.703	0.001
634.743	0.000
633.786	0.002
632.831	0.003
631.880	0.001
630.931	0.000
629.985	0.002
629.042	0.001
628.102	0.001
627.164	0.001
626.230	0.001
625.298	0.001
624.368	0.003
623.442	0.001
622.519	0.004
621.598	0.003
620.679	0.002
619.764	0.003
618.851	0.003
617.941	0.004
617.034	0.005
616.129	0.002
615.227	0.003
614.327	0.006
613.431	0.003
612.536	0.002
611.645	0.006
610.756	0.007
609.869	0.005
608.986	0.004
608.104	0.004
607.225	0.009
606.349	0.011
605.476	0.015
604.604	0.010
603.736	0.012
602.869	0.015
602.006	0.012
601.144	0.008
600.286	0.015
599.429	0.016
598.575	0.014
597.724	0.011
596.875	0.016
596.028	0.015
595.184	0.022
594.342	0.022
593.503	0.026
592.666	0.037
591.831	0.035
590.999	0.042
590.169	0.047
589.341	0.035
588.515	0.039
587.692	0.040
586.872	0.043
586.053	0.046
585.237	0.057
584.423	0.035
583.611	0.052
582.802	0.061
581.994	0.057
581.189	0.063
580.387	0.080
579.586	0.088
578.788	0.121
577.992	0.108
577.198	0.125
576.406	0.128
575.616	0.139
574.829	0.129
574.044	0.141
573.261	0.149
572.480	0.140
571.701	0.155
570.924	0.140
570.149	0.140
569.377	0.164
568.606	0.149
567.838	0.189
567.072	0.225
566.307	0.248
565.545	0.274
564.785	0.343
564.027	0.355
563.271	0.345
562.517	0.319
561.765	0.389
561.015	0.361
560.267	0.361
559.521	0.320
558.777	0.335
558.035	0.365
557.294	0.342
556.556	0.356
555.820	0.366
555.086	0.382
554.354	0.476
553.623	0.518
552.895	0.556
552.168	0.578
551.444	0.664
550.721	0.657
550.000	0.641
549.281	0.589
548.564	0.575
547.849	0.591
547.135	0.548
546.424	0.522
545.714	0.556
545.006	0.547
544.301	0.555
543.596	0.563
542.894	0.641
542.194	0.638
541.495	0.729
540.798	0.806
540.103	0.854
539.409	0.812
538.718	0.797
538.028	0.762
537.340	0.669
536.654	0.576
535.969	0.517
535.287	0.470
534.606	0.438
533.926	0.398
533.249	0.387
532.573	0.380
531.899	0.365
531.226	0.373
530.556	0.345
529.887	0.354
529.219	0.356
528.553	0.315
527.889	0.282
527.227	0.263
526.566	0.207
525.907	0.180
525.250	0.157
524.594	0.113
523.940	0.108
523.288	0.084
522.637	0.066
521.988	0.069
521.340	0.051
520.694	0.046
520.050	0.049
519.407	0.045
518.765	0.044
518.126	0.035
517.488	0.033
516.851	0.023
516.216	0.019
515.583	0.013
514.951	0.010
514.321	0.007
513.692	0.008
513.065	0.007
512.439	0.008
511.815	0.004
511.192	0.005
510.571	0.003
509.951	0.002
509.333	0.002
508.717	0.005
508.102	0.002
507.488	0.004
506.876	0.000
506.265	0.002
505.656	0.001
505.048	0.001
504.442	0.001
503.837	0.003
503.234	0.001
502.632	0.001
502.031	0.001
501.432	0.002
500.834	0.000
500.238	0.001
499.643	0.000
499.050	0.001
498.458	0.000
497.867	0.001
497.278	0.000
496.690	0.001
496.104	0.002
495.519	0.000
494.935	0.004
494.353	0.001
493.772	0.000
493.192	0.001
492.614	0.000
492.037	0.002
491.462	0.002
490.888	0.000
490.315	0.001
489.744	0.000
489.173	0.000
488.605	0.000
488.037	0.000
487.471	0.001
486.906	0.001
486.343	0.000
485.780	0.001
485.219	0.000
484.660	0.000
484.101	0.000
483.544	0.001
482.989	0.000
482.434	0.001
481.881	0.001
481.329	0.000
480.778	0.000
480.229	0.001
479.680	0.000
479.133	0.001
478.588	0.000
478.043	0.000
477.500	0.000
476.958	0.001
476.417	0.001
475.878	0.002
475.339	0.000
474.802	0.000
474.266	0.000
473.732	0.000
473.198	0.000
472.666	0.000
472.135	0.000
471.605	0.000
471.076	0.001
470.549	0.000
470.022	0.000
469.497	0.000
468.973	0.001
468.450	0.000
467.929	0.002
467.408	0.000
466.889	0.000
466.371	0.001
465.854	0.001
465.338	0.001
464.823	0.001
464.309	0.000
463.797	0.001
463.286	0.000
462.775	0.001
462.266	0.000
461.758	0.001
461.251	0.000
460.746	0.000
460.241	0.000
459.737	0.000
459.235	0.000
458.734	0.000
458.233	0.000
457.734	0.000
457.236	0.000
456.739	0.000
456.243	0.001
455.748	0.001
455.255	0.000
454.762	0.000
454.270	0.000
453.780	0.001
453.290	0.001
452.802	0.000
452.314	0.000
451.828	0.000
451.343	0.001
450.858	0.000
450.375	0.000
449.893	0.001
449.412	0.000
448.932	0.001
448.453	0.000
447.974	0.001
447.497	0.001
447.021	0.000
446.546	0.000
446.072	0.000
445.599	0.001
445.127	0.000
444.656	0.000
444.186	0.000
443.717	0.000
443.249	0.000
442.782	0.000
442.316	0.001
441.851	0.002
441.387	0.000
440.923	0.001
440.461	0.000
440.000	0.000
439.540	0.000
439.080	0.001
438.622	0.001
438.165	0.000
437.708	0.000
437.253	0.001
436.798	0.000
436.345	0.000
435.892	0.000
435.440	0.000
434.990	0.000
434.540	0.000
434.091	0.000
433.643	0.000
433.196	0.000
432.750	0.000
432.305	0.000
431.860	0.001
431.417	0.000
430.974	0.000
430.533	0.000
430.092	0.000
429.652	0.000
429.213	0.001
428.776	0.001
428.338	0.000
427.902	0.000
427.467	0.000
427.033	0.000
426.599	0.000
426.166	0.000
425.735	0.000
425.304	0.001
424.874	0.000
424.444	0.000
424.016	0.001
423.589	0.002
423.162	0.000
422.736	0.000
422.312	0.000
421.888	0.000
421.464	0.002
421.042	0.000
420.621	0.000
420.200	0.000
419.780	0.000
419.361	0.001
418.943	0.000
418.526	0.000
418.109	0.000
417.694	0.001
417.279	0.000
416.865	0.001
416.452	0.000
416.040	0.000
415.628	0.000
415.217	0.000
414.808	0.000
414.398	0.001
413.990	0.002
413.583	0.000
413.176	0.000
412.770	0.000
412.365	0.000
411.961	0.000
411.557	0.000
411.155	0.000
410.753	0.000
410.352	0.001
409.951	0.000
409.552	0.000
409.153	0.000
408.755	0.000
408.358	0.000
407.961	0.000
407.565	0.001
407.171	0.000
406.776	0.000
406.383	0.000
405.990	0.000
405.598	0.000
405.207	0.000
404.817	0.001
404.427	0.004
404.038	0.000
403.650	0.000
403.263	0.000
402.876	0.001
402.490	0.000
402.105	0.001
401.721	0.000
401.337	0.001
400.954	0.000
400.572	0.001
400.190	0.001
399.810	0.000
399.430	0.001
399.050	0.001
398.672	0.000
398.294	0.000
397.917	0.000
397.540	0.000
397.164	0.001
396.789	0.000
396.415	0.000
396.041	0.000
395.669	0.001
395.296	0.001
394.925	0.001
394.554	0.001
394.184	0.000
393.814	0.000
393.446	0.001
393.078	0.002
392.710	0.000
392.344	0.001
391.978	0.001
391.612	0.000
391.248	0.001
390.884	0.000
390.520	0.001
390.158	0.001
389.796	0.000
389.435	0.001
389.074	0.002
388.714	0.000
388.355	0.002
387.996	0.001
387.638	0.001
387.281	0.000
386.924	0.000
386.569	0.000
386.213	0.000
385.859	0.000
385.505	0.000
385.151	0.000
384.799	0.001
384.446	0.000
384.095	0.001
383.744	0.001
383.394	0.000
383.045	0.000
382.696	0.001
382.348	0.000
382.000	0.000
381.653	0.000
381.307	0.000
380.961	0.000
380.616	0.001
380.271	0.001
379.928	0.000
379.584	0.001
379.242	0.001
378.900	0.000
378.559	0.000
378.218	0.001
377.878	0.001
377.538	0.001
377.199	0.001
376.861	0.000
376.523	0.000
376.186	0.001
375.850	0.000
375.514	0.000
375.179	0.001
374.844	0.001
374.510	0.000
374.176	0.000
373.843	0.000
373.511	0.002
373.179	0.001
372.848	0.002
372.518	0.000
372.188	0.001
371.858	0.000
371.530	0.001
371.201	0.000
370.874	0.000
370.547	0.001
370.220	0.001
369.894	0.001
369.569	0.000
369.244	0.001
368.920	0.000
368.596	0.000
368.273	0.001
367.951	0.000
367.629	0.000
367.308	0.001
366.987	0.000
366.667	0.000
366.347	0.001
366.028	0.001
365.709	0.000
365.391	0.000
365.074	0.000
364.757	0.000
364.441	0.002
364.125	0.001
363.810	0.001
363.495	0.001
363.181	0.001
362.867	0.000
362.554	0.001
362.241	0.001
361.929	0.001
361.618	0.000
361.307	0.000
360.997	0.000
360.687	0.000
360.377	0.000
360.069	0.001
359.760	0.000
359.453	0.000
359.145	0.000
358.839	0.000
358.532	0.001
358.227	0.001
357.922	0.000
357.617	0.000
357.313	0.000
357.009	0.001
356.706	0.001
356.404	0.001
356.102	0.000
355.800	0.001
355.499	0.002
355.199	0.001
354.899	0.000
354.599	0.000
354.300	0.000
354.002	0.000
353.704	0.000
353.406	0.001
353.109	0.000
352.813	0.001
352.517	0.000
352.221	0.000
351.926	0.000
351.632	0.000
351.338	0.000
351.044	0.000
350.751	0.001
350.459	0.000
350.167	0.000
349.875	0.000
349.584	0.001
349.293	0.000
349.003	0.001
348.714	0.000
348.425	0.000
348.136	0.001
347.848	0.000
347.560	0.000
347.273	0.000
346.986	0.000
346.700	0.000
346.414	0.000
346.129	0.000
345.844	0.001
345.559	0.000
345.275	0.001
344.992	0.000
344.709	0.000
344.426	0.000
344.144	0.000
343.863	0.000
343.581	0.000
343.301	0.000
343.020	0.000
342.741	0.000
342.461	0.001
342.182	0.000
341.904	0.002
341.626	0.000
341.348	0.000
341.071	0.001
340.795	0.001
340.519	0.001
340.243	0.001
339.968	0.001
339.693	0.000
339.418	0.000
339.144	0.001
338.871	0.001
338.598	0.001
338.325	0.001
338.053	0.001
337.781	0.000
337.510	0.000
337.239	0.001
336.969	0.003
336.699	0.000
336.429	0.000
336.160	0.001
335.891	0.001
335.623	0.002
335.355	0.000
335.088	0.000
334.821	0.000
334.554	0.000
334.288	0.000
334.022	0.000
333.757	0.002
333.492	0.001
333.228	0.000
332.964	0.000
332.700	0.000
332.437	0.000
332.174	0.001
331.912	0.000
331.650	0.000
331.388	0.002
331.127	0.001
330.866	0.000
330.606	0.000
330.346	0.000
330.086	0.001
329.827	0.001
329.569	0.000
329.310	0.000
329.052	0.001
328.795	0.000
328.538	0.001
328.281	0.000
328.025	0.000
327.769	0.001
327.514	0.000
327.259	0.000
327.004	0.000
326.750	0.001
326.496	0.000
326.242	0.000
325.989	0.000
325.736	0.000
325.484	0.000
325.232	0.000
324.981	0.001
324.730	0.000
324.479	0.000
324.228	0.000
323.978	0.000
323.729	0.000
323.480	0.001
323.231	0.000
322.982	0.000
322.734	0.000
322.487	0.001
322.239	0.001
321.992	0.000
321.746	0.000
321.500	0.000
321.254	0.000
321.008	0.001
320.763	0.000
320.519	0.000
320.274	0.000
320.030	0.001
319.787	0.001
319.544	0.000
319.301	0.001
319.058	0.001
318.816	0.001
318.575	0.001
318.333	0.000
318.092	0.001
317.852	0.000
317.611	0.001
317.372	0.000
317.132	0.000
316.893	0.000
316.654	0.000
316.416	0.000
316.178	0.000
315.940	0.001
315.702	0.000
315.465	0.000
315.229	0.000
314.993	0.000
314.757	0.001
314.521	0.000
314.286	0.000
314.051	0.000
313.816	0.000
313.582	0.000
313.348	0.001
313.115	0.002
312.882	0.001
312.649	0.000
312.416	0.001
312.184	0.001
311.952	0.000
311.721	0.001
311.490	0.001
311.259	0.000
311.029	0.000
310.799	0.001
310.569	0.000
310.340	0.000
310.111	0.000
309.882	0.001
309.654	0.000
309.426	0.001
309.198	0.000
308.971	0.000
308.744	0.000
308.517	0.000
308.291	0.000
308.065	0.000
307.839	0.000
307.613	0.000
307.388	0.000
307.164	0.000
306.939	0.000
306.715	0.000
306.492	0.001
306.268	0.000
306.045	0.000
305.822	0.001
305.600	0.000
305.378	0.000
305.156	0.000
304.935	0.000
304.714	0.000
304.493	0.000
304.272	0.000
304.052	0.000
303.832	0.001
303.613	0.000
303.394	0.000
303.175	0.001
302.956	0.000
302.738	0.002
302.520	0.000
302.302	0.001
302.085	0.000
301.868	0.001
301.651	0.000
301.435	0.001
301.219	0.000
301.003	0.000
300.787	0.000
300.572	0.001
300.357	0.000
300.143	0.001
299.929	0.000
299.715	0.000
299.501	0.001
299.288	0.001
299.075	0.000
298.862	0.001
298.650	0.000
298.438	0.001
298.226	0.000
298.014	0.000
297.803	0.000
297.592	0.000
297.381	0.000
297.171	0.000
296.961	0.000
296.751	0.000
296.542	0.000
296.333	0.000
296.124	0.000
295.915	0.000
295.707	0.001
295.499	0.000
295.292	0.001
295.084	0.001
294.877	0.000
294.670	0.000
294.464	0.000
294.258	0.001
294.052	0.001
293.846	0.001
293.641	0.000
293.436	0.000
293.231	0.000
293.026	0.000
292.822	0.000
292.618	0.000
292.415	0.000
292.211	0.000
292.008	0.001
291.806	0.000
291.603	0.001
291.401	0.001
291.199	0.000
290.997	0.001
290.796	0.001
290.595	0.000
290.394	0.000
290.193	0.000
289.993	0.000
289.793	0.000
289.593	0.000
289.394	0.000
289.195	0.000
288.996	0.000
288.797	0.000
288.599	0.000
288.401	0.000
288.203	0.000
288.005	0.000
287.808	0.000
287.611	0.000
287.415	0.001
287.218	0.000
287.022	0.000
286.826	0.000
286.630	0.000
286.435	0.000
286.240	0.000
286.045	0.000
285.850	0.001
285.656	0.001
285.462	0.001
285.268	0.000
285.075	0.000
284.881	0.002
284.688	0.000
284.496	0.000
284.303	0.001
284.111	0.002
283.919	0.000
283.727	0.001
283.536	0.000
283.345	0.000
283.154	0.000
282.963	0.000
282.773	0.000
282.582	0.001
282.392	0.000
282.203	0.001
282.013	0.001
281.824	0.001
281.635	0.001
281.447	0.000
281.258	0.001
281.070	0.001
280.882	0.000
280.695	0.000
280.507	0.001
280.320	0.000
280.133	0.000
279.947	0.000
279.760	0.001
279.574	0.001
279.388	0.001
279.203	0.000
279.017	0.001
278.832	0.000
278.647	0.000
278.463	0.002
278.278	0.000
278.094	0.001
277.910	0.001
277.726	0.001
277.543	0.001
277.360	0.000
277.177	0.000
276.994	0.001
276.812	0.000
276.629	0.000
276.447	0.000
276.266	0.000
276.084	0.001
275.903	0.000
275.722	0.000
275.541	0.000
275.360	0.000
275.180	0.000
275.000	0.000
274.820	0.000
274.641	0.002
274.461	0.000
274.282	0.000
274.103	0.000
273.924	0.000
273.746	0.000
273.568	0.000
273.390	0.000
273.212	0.000
273.034	0.000
272.857	0.000
272.680	0.000
272.503	0.000
272.327	0.000
272.150	0.000
271.974	0.000
271.798	0.000
271.622	0.000
271.447	0.000
271.272	0.000
271.097	0.000
270.922	0.000
270.747	0.000
270.573	0.002
270.399	0.000
270.225	0.000
270.051	0.000
269.878	0.001
269.705	0.000
269.532	0.000
269.359	0.000
269.186	0.000
269.014	0.000
268.842	0.000
268.670	0.000
268.498	0.000
268.327	0.002
268.156	0.000
267.985	0.000
267.814	0.000
267.643	0.000
267.473	0.000
267.303	0.000
267.133	0.000
266.963	0.000
266.794	0.000
266.624	0.000
266.455	0.000
266.286	0.000
266.118	0.000
265.949	0.001
265.781	0.001
265.613	0.001
265.445	0.000
265.278	0.000
265.110	0.000
264.943	0.000
264.776	0.000
264.610	0.000
264.443	0.001
264.277	0.000
264.111	0.001
263.945	0.000
263.779	0.000
263.614	0.000
263.448	0.000
263.283	0.000
263.118	0.000
262.954	0.000
262.789	0.000
262.625	0.000
262.461	0.000
262.297	0.000
262.133	0.000
261.970	0.001
261.807	0.000
261.644	0.000
261.481	0.000
261.318	0.000
261.156	0.000
260.994	0.000
260.832	0.000
260.670	0.000
260.508	0.000
260.347	0.000
260.186	0.001
260.025	0.000
259.864	0.001
259.703	0.000
259.543	0.000
259.383	0.000
259.223	0.002
259.063	0.000
258.903	0.000
258.744	0.001
258.585	0.001
258.426	0.000
258.267	0.001
258.108	0.000
257.950	0.000
257.791	0.000
257.633	0.001
257.475	0.000
257.318	0.001
257.160	0.000
257.003	0.001
256.846	0.002
256.689	0.000
256.532	0.000
256.376	0.000
256.220	0.001
256.063	0.001
255.907	0.000
255.752	0.001
255.596	0.000
255.441	0.001
255.286	0.000
255.131	0.000
254.976	0.000
254.821	0.000
254.667	0.000
254.512	0.000
254.358	0.001
254.204	0.001
254.051	0.000
253.897	0.001
253.744	0.000
253.591	0.000
253.438	0.000
253.285	0.000
253.133	0.000
252.980	0.000
252.828	0.000
252.676	0.001
252.524	0.001
252.372	0.001
252.221	0.000
252.070	0.001
251.918	0.001
251.768	0.000
251.617	0.000
251.466	0.001
251.316	0.001
251.166	0.000
251.016	0.001
250.866	0.000
250.716	0.000
250.566	0.000
250.417	0.001
250.268	0.000
250.119	0.001
249.970	0.000
249.822	0.001
249.673	0.001
249.525	0.000
249.377	0.000
249.229	0.000
249.081	0.000
248.934	0.001
248.786	0.001
248.639	0.000
248.492	0.001
248.345	0.000
248.198	0.000
248.052	0.000
247.906	0.000
247.759	0.000
247.613	0.000
247.468	0.001
247.322	0.000
247.176	0.000
247.031	0.000
246.886	0.001
246.741	0.000
246.596	0.001
246.452	0.000
246.307	0.001
246.163	0.000
246.019	0.000
245.875	0.000
245.731	0.000
245.587	0.000
245.444	0.000
245.301	0.000
245.158	0.000
245.015	0.001
244.872	0.000
244.729	0.000
244.587	0.000
244.444	0.001
244.302	0.001
244.160	0.000
244.019	0.000
243.877	0.000
243.735	0.000
243.594	0.001
243.453	0.000
243.312	0.000
243.171	0.000
243.031	0.000
242.890	0.001
242.750	0.000
242.610	0.001
242.470	0.000
242.330	0.001
242.190	0.001
242.051	0.000
241.911	0.000
241.772	0.000
241.633	0.001
241.494	0.001
241.356	0.000
241.217	0.001
241.079	0.001
240.940	0.000
240.802	0.002
240.664	0.000
240.527	0.000
240.389	0.001
240.252	0.000
240.114	0.001
239.977	0.000
239.840	0.001
239.703	0.000
239.567	0.001
239.430	0.001
239.294	0.000
239.158	0.001
239.022	0.000
238.886	0.000
238.750	0.000
238.614	0.000
238.479	0.000
238.344	0.000
238.209	0.000
238.074	0.000
237.939	0.000
237.804	0.002
237.670	0.000
237.535	0.000
237.401	0.000
237.267	0.000
237.133	0.000
236.999	0.001
236.866	0.001
236.732	0.001
236.599	0.000
236.466	0.002
236.333	0.000
236.200	0.000
236.067	0.000
235.935	0.000
235.802	0.000
235.670	0.000
235.538	0.001
235.406	0.000
235.274	0.000
235.143	0.000
235.011	0.000
234.880	0.000
234.749	0.000
234.618	0.000
234.487	0.001
234.356	0.000
234.225	0.000
234.095	0.000
233.964	0.000
233.834	0.001
233.704	0.001
233.574	0.001
233.444	0.001
233.315	0.001
233.185	0.000
233.056	0.001
232.927	0.000
232.798	0.001
232.669	0.000
232.540	0.001
232.412	0.000
232.283	0.000
232.155	0.000
232.027	0.000
231.898	0.000
231.771	0.000
231.643	0.000
231.515	0.001
231.388	0.002
231.260	0.001
231.133	0.000
231.006	0.000
230.879	0.001
230.752	0.000
230.626	0.000
230.499	0.000
230.373	0.000
230.247	0.000
230.120	0.000
229.995	0.000
229.869	0.000
229.743	0.000
229.617	0.000
229.492	0.000
229.367	0.001
229.242	0.000
229.117	0.001
228.992	0.000
228.867	0.000
228.743	0.000
228.618	0.000
228.494	0.000
228.370	0.000
228.246	0.000
228.122	0.001
227.998	0.000
227.874	0.000
227.751	0.000
227.627	0.000
227.504	0.001
227.381	0.001
227.258	0.000
227.135	0.000
227.012	0.000
226.890	0.001
226.767	0.001
226.645	0.000
226.523	0.000
226.401	0.002
226.279	0.001
226.157	0.000
226.036	0.001
225.914	0.000
225.793	0.000
225.671	0.000
225.550	0.000
225.429	0.000
225.308	0.000
225.188	0.001
225.067	0.001
224.946	0.000
224.826	0.000
224.706	0.000
224.586	0.000
224.466	0.001
224.346	0.000
224.226	0.000
224.107	0.001
223.987	0.001
223.868	0.001
223.749	0.000
223.630	0.000
223.511	0.000
223.392	0.001
223.273	0.000
223.155	0.000
223.036	0.001
222.918	0.001
222.800	0.001
222.682	0.001
222.564	0.001
222.446	0.001
222.328	0.001
222.210	0.000
222.093	0.000
221.976	0.000
221.859	0.000
221.741	0.001
221.624	0.000
221.508	0.000
221.391	0.001
221.274	0.000
221.158	0.002
221.042	0.002
220.925	0.000
220.809	0.000
220.693	0.001
220.577	0.001
220.462	0.001
220.346	0.000
220.231	0.001
220.115	0.000
220.000	0.001
219.885	0.000
219.770	0.000
219.655	0.000
219.540	0.000
219.426	0.000
219.311	0.001
219.197	0.001
219.082	0.000
218.968	0.000
218.854	0.000
218.740	0.000
218.626	0.000
218.513	0.000
218.399	0.000
218.286	0.002
218.172	0.000
218.059	0.000
217.946	0.001
217.833	0.000
217.720	0.001
217.607	0.001
217.495	0.000
217.382	0.000
217.270	0.000
217.158	0.001
217.045	0.000
216.933	0.000
216.821	0.000
216.710	0.001
216.598	0.000
216.486	0.000
216.375	0.001
216.264	0.001
216.152	0.000
216.041	0.001
215.930	0.000
215.819	0.000
215.708	0.001
215.598	0.001
215.487	0.000
215.377	0.000
215.266	0.001
215.156	0.001
215.046	0.000
214.936	0.000
214.826	0.000
214.716	0.001
214.607	0.000
214.497	0.000
214.388	0.000
214.278	0.001
214.169	0.001
214.060	0.002
213.951	0.001
213.842	0.000
213.733	0.001
213.625	0.000
213.516	0.000
213.408	0.002
213.299	0.001
213.191	0.000
213.083	0.001
212.975	0.001
212.867	0.001
212.759	0.000
212.652	0.002
212.544	0.000
212.437	0.000
212.329	0.001
212.222	0.001
212.115	0.001
212.008	0.000
211.901	0.001
211.794	0.000
211.688	0.000
211.581	0.001
211.475	0.000
211.368	0.001
211.262	0.001
211.156	0.000
211.050	0.001
210.944	0.000
210.838	0.001
210.732	0.001
210.627	0.002
210.521	0.000
210.416	0.000
210.310	0.000
210.205	0.000
210.100	0.000
209.995	0.000
209.890	0.001
209.785	0.002
209.681	0.000
209.576	0.000
209.472	0.001
209.367	0.000
209.263	0.001
209.159	0.000
209.055	0.000
208.951	0.000
208.847	0.000
208.743	0.000
208.640	0.000
208.536	0.000
208.433	0.000
208.329	0.000
208.226	0.001
208.123	0.001
208.020	0.000
207.917	0.000
207.814	0.001
207.711	0.001
207.609	0.000
207.506	0.000
207.404	0.000
207.301	0.001
207.199	0.000
207.097	0.000
206.995	0.001
206.893	0.000
206.791	0.000
206.690	0.000
206.588	0.000
206.486	0.000
206.385	0.001
206.284	0.000
206.183	0.000
206.081	0.000
205.980	0.000
205.879	0.000
205.779	0.001
205.678	0.000
205.577	0.000
205.477	0.000
205.376	0.002
205.276	0.001
205.176	0.000
205.076	0.000
204.976	0.001
204.876	0.000
204.776	0.001
204.676	0.000
204.576	0.001
204.477	0.000
204.377	0.001
204.278	0.000
204.179	0.001
204.080	0.000
203.981	0.001
203.882	0.000
203.783	0.002
203.684	0.002
203.585	0.001
203.487	0.002
203.388	0.000
203.290	0.001
203.191	0.000
203.093	0.000
202.995	0.000
202.897	0.000
202.799	0.002
202.701	0.000
202.604	0.000
202.506	0.001
202.408	0.000
202.311	0.000
202.214	0.000
202.116	0.005
202.019	0.001
201.922	0.000
201.825	0.000
201.728	0.000
201.631	0.003
201.535	0.002
201.438	0.001
201.342	0.000
201.245	0.000
201.149	0.000
201.053	0.000
200.956	0.000
200.860	0.001
200.764	0.000
200.669	0.000
200.573	0.000
200.477	0.000
200.381	0.000
200.286	0.000
200.191	0.001
200.095	0.002
200.000	0.001
199.905	0.001
199.810	0.000
199.715	0.001
199.620	0.000
199.525	0.000
199.430	0.000
199.336	0.000
199.241	0.000
199.147	0.000
199.053	0.001
198.958	0.000
198.864	0.001
198.770	0.000
198.676	0.000
198.582	0.000
198.488	0.000
198.395	0.000
198.301	0.000
198.208	0.000
198.114	0.001
198.021	0.000
197.927	0.000
197.834	0.001
197.741	0.000
197.648	0.000
197.555	0.000
197.462	0.001
197.370	0.000
197.277	0.000
197.184	0.000
197.092	0.000
197.000	0.000
196.907	0.001
196.815	0.000
196.723	0.000
196.631	0.000
196.539	0.000
196.447	0.000
196.355	0.000
196.263	0.000
196.172	0.000
196.080	0.000
195.989	0.000
195.897	0.001
195.806	0.000
195.715	0.002
195.624	0.001
195.533	0.000
195.442	0.000
195.351	0.000
195.260	0.000
195.170	0.000
195.079	0.000
194.988	0.001
194.898	0.001
194.808	0.000
194.717	0.000
194.627	0.000
194.537	0.000
194.447	0.000
194.357	0.000
194.267	0.001
194.177	0.000
194.088	0.000
193.998	0.000
193.909	0.000
193.819	0.000
193.730	0.000
193.641	0.001
193.551	0.000
193.462	0.001
193.373	0.001
193.284	0.000
193.195	0.002
193.107	0.000
193.018	0.000
192.929	0.000
192.841	0.000
192.752	0.000
192.664	0.001
192.576	0.000
192.487	0.000
192.399	0.000
192.311	0.000
192.223	0.000
192.135	0.000
192.048	0.001
191.960	0.000
191.872	0.001
191.785	0.000
191.697	0.001
191.610	0.001
191.522	0.000
191.435	0.001
191.348	0.001
191.261	0.001
191.174	0.001
191.087	0.000
191.000	0.001
190.913	0.001
190.827	0.000
190.740	0.000
190.653	0.000
190.567	0.001
190.481	0.000
190.394	0.000
190.308	0.001
190.222	0.001
190.136	0.000
190.050	0.000
189.964	0.001
189.878	0.001
189.792	0.001
189.707	0.000
189.621	0.001
189.535	0.000
189.450	0.001
189.365	0.000
189.279	0.000
189.194	0.000
189.109	0.001
189.024	0.001
188.939	0.000
188.854	0.000
188.769	0.002
188.684	0.001
188.600	0.000
188.515	0.000
188.430	0.000
188.346	0.000
188.262	0.001
188.177	0.001
188.093	0.000
188.009	0.000
187.925	0.000
187.841	0.000
187.757	0.000
187.673	0.000
187.589	0.000
187.506	0.000
187.422	0.000
187.338	0.001
187.255	0.000
187.171	0.000
187.088	0.000
187.005	0.000
186.922	0.000
186.839	0.001
186.756	0.000
186.673	0.000
186.590	0.001
186.507	0.000
186.424	0.000
186.341	0.001
186.259	0.001
186.176	0.001
186.094	0.000
186.012	0.000
185.929	0.000
185.847	0.000
185.765	0.000
185.683	0.000
185.601	0.001
185.519	0.000
185.437	0.001
185.355	0.000
185.273	0.000
185.192	0.000
185.110	0.000
185.029	0.000
184.947	0.000
184.866	0.000
184.785	0.000
184.703	0.000
184.622	0.000
184.541	0.000
184.460	0.000
184.379	0.000
184.298	0.000
184.217	0.000
184.137	0.001
184.056	0.000
183.975	0.000
183.895	0.000
183.815	0.000
183.734	0.000
183.654	0.000
183.574	0.000
183.493	0.001
183.413	0.002
183.333	0.001
183.253	0.000
183.173	0.000
183.094	0.000
183.014	0.001
182.934	0.000
182.855	0.000
182.775	0.000
182.696	0.000
182.616	0.000
182.537	0.000
182.458	0.000
182.378	0.000
182.299	0.001
182.220	0.001
182.141	0.001
182.062	0.000
181.984	0.000
181.905	0.000
181.826	0.000
181.747	0.001
181.669	0.000
181.590	0.001
181.512	0.001
181.434	0.000
181.355	0.001
181.277	0.000
181.199	0.000
181.121	0.002
181.043	0.000
180.965	0.000
180.887	0.000
180.809	0.000
180.731	0.000
180.653	0.000
180.576	0.000
180.498	0.000
180.421	0.000
180.343	0.001
180.266	0.000
180.189	0.000
180.111	0.001
180.034	0.000
179.957	0.000
179.880	0.000
179.803	0.000
179.726	0.001
179.649	0.001
179.573	0.000
179.496	0.000
179.419	0.000
179.343	0.000
179.266	0.000
179.190	0.000
179.113	0.000
179.037	0.001
178.961	0.001
178.885	0.000
178.809	0.000
178.732	0.000
178.656	0.000
178.581	0.001
178.505	0.000
178.429	0.000
178.353	0.000
178.277	0.000
178.202	0.000
178.126	0.000
178.051	0.000
177.975	0.000
177.900	0.000
177.825	0.000
177.750	0.000
177.674	0.001
177.599	0.000
177.524	0.000
177.449	0.000
177.374	0.000
177.300	0.000
177.225	0.001
177.150	0.000
177.075	0.000
177.001	0.001
176.926	0.000
176.852	0.000
176.777	0.000
176.703	0.000
176.629	0.000
176.555	0.000
176.480	0.001
176.406	0.000
176.332	0.000
176.258	0.000
176.184	0.000
176.111	0.000
176.037	0.001
175.963	0.000
175.889	0.000
175.816	0.000
175.742	0.000
175.669	0.000
175.595	0.000
175.522	0.001
175.449	0.000
175.376	0.000
175.302	0.001
175.229	0.000
175.156	0.000
175.083	0.000
175.010	0.000
174.938	0.000
174.865	0.000
174.792	0.000
174.719	0.001
174.647	0.000
174.574	0.000
174.502	0.000
174.429	0.000
174.357	0.000
174.285	0.000
174.212	0.000
174.140	0.000
174.068	0.001
173.996	0.000
173.924	0.000
173.852	0.000
173.780	0.000
173.708	0.001
173.636	0.000
173.565	0.000
173.493	0.000
173.421	0.001
173.350	0.000
173.278	0.000
173.207	0.000
173.136	0.001
173.064	0.000
172.993	0.000
172.922	0.001
172.851	0.000
172.780	0.000
172.709	0.001
172.638	0.000
172.567	0.000
172.496	0.000
172.425	0.000
172.354	0.000
172.284	0.000
172.213	0.000
172.143	0.000
172.072	0.000
172.002	0.000
171.931	0.000
171.861	0.000
171.791	0.000
171.720	0.000
171.650	0.000
171.580	0.000
171.510	0.001
171.440	0.000
171.370	0.001
171.300	0.000
171.231	0.001
171.161	0.000
171.091	0.000
171.022	0.000
170.952	0.000
170.882	0.000
170.813	0.000
170.744	0.000
170.674	0.001
170.605	0.000
170.536	0.000
170.467	0.001
170.397	0.000
170.328	0.000
170.259	0.000
170.190	0.001
170.121	0.000
170.053	0.000
169.984	0.000
169.915	0.000
169.846	0.000
169.778	0.001
169.709	0.000
169.641	0.001
169.572	0.000
169.504	0.000
169.435	0.000
169.367	0.000
169.299	0.000
169.231	0.000
169.163	0.000
169.095	0.000
169.027	0.000
168.959	0.000
168.891	0.001
168.823	0.000
168.755	0.000
168.687	0.000
168.620	0.000
168.552	0.001
168.484	0.000
168.417	0.000
168.349	0.000
168.282	0.001
168.215	0.000
168.147	0.000
168.080	0.001
168.013	0.000
167.946	0.000
167.879	0.000
167.812	0.001
167.745	0.000
167.678	0.000
167.611	0.000
167.544	0.000
167.477	0.000
167.410	0.000
167.344	0.000
167.277	0.000
167.211	0.000
167.144	0.000
167.078	0.000
167.011	0.001
166.945	0.000
166.878	0.000
166.812	0.002
166.746	0.002
166.680	0.000
166.614	0.000
166.548	0.000
166.482	0.000
166.416	0.000
166.350	0.000
166.284	0.000
166.218	0.000
166.153	0.000
166.087	0.000
166.021	0.000
165.956	0.000
165.890	0.000
165.825	0.000
165.759	0.000
165.694	0.001
165.629	0.000
165.563	0.000
165.498	0.000
165.433	0.000
165.368	0.000
165.303	0.000
165.238	0.000
165.173	0.000
165.108	0.000
165.043	0.000
164.978	0.000
164.914	0.000
164.849	0.000
164.784	0.000
164.720	0.000
164.655	0.000
164.591	0.000
164.526	0.000
164.462	0.001
164.397	0.000
164.333	0.000
164.269	0.000
164.205	0.000
164.141	0.000
164.077	0.001
164.012	0.000
163.948	0.001
163.885	0.000
163.821	0.000
163.757	0.000
163.693	0.000
163.629	0.000
163.566	0.000
163.502	0.001
163.438	0.001
163.375	0.001
163.311	0.000
163.248	0.000
163.184	0.000
163.121	0.000
163.058	0.001
162.995	0.000
162.931	0.000
162.868	0.000
162.805	0.001
162.742	0.000
162.679	0.000
162.616	0.000
162.553	0.001
162.490	0.000
162.428	0.001
162.365	0.000
162.302	0.001
162.239	0.000
162.177	0.000
162.114	0.000
162.052	0.000
161.989	0.000
161.927	0.000
161.864	0.001
161.802	0.000
161.740	0.001
161.678	0.000
161.615	0.000
161.553	0.000
161.491	0.001
161.429	0.000
161.367	0.000
161.305	0.001
161.243	0.000
161.181	0.000
161.120	0.000
161.058	0.000
160.996	0.000
160.935	0.001
160.873	0.000
160.811	0.000
160.750	0.000
160.688	0.000
160.627	0.000
160.566	0.001
160.504	0.000
160.443	0.001
160.382	0.000
160.320	0.000
160.259	0.000
160.198	0.001
160.137	0.002
160.076	0.000
160.015	0.000
159.954	0.000
159.893	0.000
159.833	0.000
159.772	0.000
159.711	0.001
159.650	0.001
159.590	0.000
159.529	0.000
159.469	0.000
159.408	0.000
159.348	0.000
159.287	0.000
159.227	0.001
159.167	0.000
159.106	0.000
159.046	0.000
158.986	0.001
158.926	0.000
158.866	0.000
158.806	0.000
158.746	0.000
158.686	0.000
158.626	0.000
158.566	0.000
158.506	0.000
158.446	0.001
158.387	0.000
158.327	0.001
158.267	0.000
158.208	0.000
158.148	0.000
158.089	0.000
158.029	0.000
157.970	0.000
157.911	0.000
157.851	0.001
157.792	0.000
157.733	0.000
157.674	0.000
157.614	0.000
157.555	0.001
157.496	0.000
157.437	0.000
157.378	0.000
157.319	0.000
157.260	0.001
157.202	0.000
157.143	0.000
157.084	0.000
157.025	0.000
156.967	0.000
156.908	0.000
156.850	0.000
156.791	0.000
156.733	0.000
156.674	0.000
156.616	0.001
156.557	0.000
156.499	0.000
156.441	0.000
156.383	0.000
156.324	0.000
156.266	0.000
156.208	0.001
156.150	0.000
156.092	0.000
156.034	0.000
155.976	0.000
155.918	0.000
155.861	0.000
155.803	0.000
155.745	0.000
155.687	0.000
155.630	0.001
155.572	0.001
155.514	0.000
155.457	0.000
155.399	0.000
155.342	0.000
155.285	0.000
155.227	0.000
155.170	0.000
155.113	0.000
155.055	0.001
154.998	0.000
154.941	0.001
154.884	0.000
154.827	0.000
154.770	0.000
154.713	0.000
154.656	0.000
154.599	0.000
154.542	0.000
154.485	0.000
154.429	0.000
154.372	0.001
154.315	0.000
154.258	0.000
154.202	0.000
154.145	0.000
154.089	0.000
154.032	0.000
153.976	0.000
153.919	0.000
153.863	0.000
153.807	0.000
153.750	0.000
153.694	0.000
153.638	0.000
153.582	0.000
153.526	0.000
153.470	0.001
153.414	0.001
153.358	0.000
153.302	0.000
153.246	0.000
153.190	0.000
153.134	0.000
153.078	0.000
153.023	0.001
152.967	0.000
152.911	0.000
152.856	0.000
152.800	0.000
152.744	0.000
152.689	0.000
152.633	0.000
152.578	0.001
152.523	0.000
152.467	0.000
152.412	0.000
152.357	0.001
152.302	0.001
152.246	0.001
152.191	0.000
152.136	0.000
152.081	0.001
152.026	0.000
151.971	0.000
151.916	0.000
151.861	0.000
151.806	0.000
151.752	0.000
151.697	0.000
151.642	0.000
151.587	0.000
151.533	0.000
151.478	0.000
151.423	0.000
151.369	0.000
151.314	0.000
151.260	0.000
151.205	0.000
151.151	0.001
151.097	0.000
151.042	0.000
150.988	0.001
150.934	0.000
150.880	0.000
150.826	0.000
150.771	0.001
150.717	0.000
150.663	0.000
150.609	0.000
150.555	0.001
150.501	0.000
150.448	0.000
150.394	0.001
150.340	0.000
150.286	0.000
150.232	0.000
150.179	0.000
150.125	0.000
150.071	0.000
150.018	0.001
149.964	0.000
149.911	0.000
149.857	0.001
149.804	0.000
149.751	0.001
149.697	0.000
149.644	0.000
149.591	0.000
149.537	0.000
149.484	0.001
149.431	0.000
149.378	0.001
149.325	0.000
149.272	0.000
149.219	0.001
149.166	0.000
149.113	0.000
149.060	0.000
149.007	0.000
148.954	0.001
148.901	0.000
148.849	0.000
148.796	0.000
148.743	0.000
148.691	0.000
148.638	0.001
148.586	0.000
148.533	0.000
148.481	0.000
148.428	0.000
148.376	0.001
148.323	0.000
148.271	0.000
148.219	0.001
148.166	0.000
148.114	0.000
148.062	0.000
148.010	0.000
147.958	0.000
147.906	0.001
147.854	0.000
147.802	0.000
147.750	0.000
147.698	0.000
147.646	0.000
147.594	0.000
147.542	0.000
147.490	0.001
147.439	0.000
147.387	0.000
147.335	0.000
147.284	0.001
147.232	0.000
147.180	0.001
147.129	0.001
147.077	0.000
147.026	0.000
146.974	0.000
146.923	0.000
146.872	0.000
146.820	0.000
146.769	0.000
146.718	0.001
146.667	0.001
146.615	0.000
146.564	0.000
146.513	0.000
146.462	0.000
146.411	0.000
146.360	0.000
146.309	0.000
146.258	0.000
146.207	0.000
146.157	0.000
146.106	0.000
146.055	0.000
146.004	0.000
145.953	0.000
145.903	0.000
145.852	0.000
145.802	0.001
145.751	0.000
145.700	0.000
145.650	0.000
145.599	0.000
145.549	0.000
145.499	0.000
145.448	0.000
145.398	0.001
145.348	0.000
145.297	0.000
145.247	0.000
145.197	0.000
145.147	0.000
145.097	0.000
145.047	0.000
144.997	0.001
144.947	0.000
144.897	0.000
144.847	0.000
144.797	0.000
144.747	0.000
144.697	0.000
144.647	0.001
144.597	0.000
144.548	0.000
144.498	0.000
144.448	0.000
144.399	0.000
144.349	0.000
144.299	0.000
144.250	0.000
144.200	0.000
144.151	0.000
144.102	0.000
144.052	0.000
144.003	0.000
143.953	0.000
143.904	0.000
143.855	0.000
143.806	0.000
143.756	0.000
143.707	0.000
143.658	0.000
143.609	0.000
143.560	0.000
143.511	0.000
143.462	0.000
143.413	0.000
143.364	0.000
143.315	0.000
143.266	0.000
143.217	0.000
143.169	0.001
143.120	0.001
143.071	0.001
143.022	0.000
142.974	0.000
142.925	0.000
142.877	0.000
142.828	0.000
142.779	0.000
142.731	0.000
142.683	0.000
142.634	0.001
142.586	0.000
142.537	0.000
142.489	0.000
142.441	0.001
142.392	0.001
142.344	0.000
142.296	0.000
142.248	0.001
142.200	0.000
142.152	0.000
142.103	0.000
142.055	0.000
142.007	0.000
141.959	0.000
141.912	0.000
141.864	0.000
141.816	0.000
141.768	0.000
141.720	0.000
141.672	0.000
141.625	0.000
141.577	0.000
141.529	0.000
141.481	0.000
141.434	0.000
141.386	0.000
141.339	0.000
141.291	0.001
141.244	0.000
141.196	0.000
141.149	0.001
141.101	0.000
141.054	0.000
141.007	0.000
140.959	0.001
140.912	0.001
140.865	0.000
140.818	0.000
140.771	0.000
140.723	0.000
140.676	0.000
140.629	0.000
140.582	0.000
140.535	0.000
140.488	0.001
140.441	0.000
140.394	0.001
140.347	0.000
140.301	0.000
140.254	0.000
140.207	0.000
140.160	0.000
140.113	0.000
140.067	0.000
140.020	0.000
139.973	0.000
139.927	0.000
139.880	0.000
139.834	0.001
139.787	0.000
139.741	0.000
139.694	0.000
139.648	0.000
139.601	0.000
139.555	0.001
139.509	0.000
139.462	0.000
139.416	0.001
139.370	0.000
139.324	0.000
139.277	0.000
139.231	0.001
139.185	0.000
139.139	0.000
139.093	0.000
139.047	0.000
139.001	0.000
138.955	0.000
138.909	0.000
138.863	0.000
138.817	0.000
138.771	0.000
138.726	0.000
138.680	0.000
138.634	0.000
138.588	0.001
138.543	0.000
138.497	0.000
138.451	0.000
138.406	0.000
138.360	0.000
138.315	0.000
138.269	0.000
138.224	0.000
138.178	0.000
138.133	0.000
138.087	0.000
138.042	0.000
137.997	0.000
137.951	0.001
137.906	0.000
137.861	0.000
137.816	0.000
137.770	0.000
137.725	0.001
137.680	0.000
137.635	0.001
137.590	0.000
137.545	0.000
137.500	0.000
137.455	0.000
137.410	0.000
137.365	0.000
137.320	0.001
137.275	0.000
137.231	0.000
137.186	0.000
137.141	0.000
137.096	0.000
137.052	0.000
137.007	0.000
136.962	0.001
136.918	0.001
136.873	0.000
136.828	0.000
136.784	0.001
136.739	0.000
136.695	0.000
136.650	0.000
136.606	0.000
136.562	0.000
136.517	0.000
136.473	0.000
136.429	0.000
136.384	0.000
136.340	0.000
136.296	0.000
136.252	0.001
136.207	0.000
136.163	0.000
136.119	0.000
136.075	0.000
136.031	0.000
135.987	0.000
135.943	0.000
135.899	0.000
135.855	0.000
135.811	0.000
135.767	0.000
135.724	0.000
135.680	0.000
135.636	0.000
135.592	0.000
135.548	0.000
135.505	0.000
135.461	0.000
135.417	0.001
135.374	0.000
135.330	0.000
135.287	0.000
135.243	0.000
135.199	0.001
135.156	0.000
135.113	0.000
135.069	0.001
135.026	0.000
134.982	0.000
134.939	0.000
134.896	0.000
134.852	0.000
134.809	0.000
134.766	0.001
134.723	0.000
134.679	0.000
134.636	0.000
134.593	0.000
134.550	0.000
134.507	0.000
134.464	0.000
134.421	0.000
134.378	0.000
134.335	0.000
134.292	0.001
134.249	0.000
134.206	0.000
134.163	0.000
134.121	0.000
134.078	0.000
134.035	0.000
133.992	0.000
133.950	0.000
133.907	0.000
133.864	0.000
133.822	0.000
133.779	0.000
133.736	0.000
133.694	0.000
133.651	0.001
133.609	0.001
133.566	0.001
133.524	0.000
133.482	0.000
133.439	0.000
133.397	0.001
133.354	0.000
133.312	0.000
133.270	0.000
133.228	0.001
133.185	0.000
133.143	0.000
133.101	0.001
133.059	0.000
133.017	0.000
132.975	0.000
132.933	0.000
132.891	0.000
132.849	0.000
132.807	0.000
132.765	0.000
132.723	0.000
132.681	0.000
132.639	0.000
132.597	0.000
132.555	0.000
132.513	0.000
132.472	0.000
132.430	0.001
132.388	0.000
132.346	0.000
132.305	0.000
132.263	0.001
132.222	0.001
132.180	0.000
132.138	0.000
132.097	0.000
132.055	0.000
132.014	0.000
131.972	0.000
131.931	0.000
131.890	0.001
131.848	0.000
131.807	0.000
131.765	0.000
131.724	0.000
131.683	0.000
131.642	0.001
131.600	0.000
131.559	0.000
131.518	0.000
131.477	0.001
131.436	0.000
131.395	0.000
131.354	0.000
131.313	0.000
131.271	0.000
131.230	0.001
131.190	0.000
131.149	0.000
131.108	0.000
131.067	0.000
131.026	0.001
130.985	0.000
130.944	0.000
130.903	0.000
130.863	0.000
130.822	0.000
130.781	0.000
130.741	0.000
130.700	0.000
130.659	0.000
130.619	0.000
130.578	0.000
130.537	0.000
130.497	0.000
130.456	0.000
130.416	0.000
130.375	0.000
130.335	0.000
130.295	0.000
130.254	0.000
130.214	0.000
130.173	0.000
130.133	0.001
130.093	0.000
130.053	0.000
130.012	0.000
129.972	0.000
129.932	0.000
129.892	0.000
129.852	0.000
129.812	0.000
129.771	0.000
129.731	0.000
129.691	0.000
129.651	0.000
129.611	0.000
129.571	0.000
129.531	0.000
129.492	0.000
129.452	0.000
129.412	0.000
129.372	0.000
129.332	0.000
129.292	0.000
129.253	0.000
129.213	0.000
129.173	0.000
129.133	0.001
129.094	0.001
129.054	0.000
129.014	0.000
128.975	0.000
128.935	0.000
128.896	0.000
128.856	0.000
128.817	0.000
128.777	0.000
128.738	0.001
128.698	0.000
128.659	0.000
128.620	0.000
128.580	0.000
128.541	0.000
128.502	0.000
128.462	0.000
128.423	0.000
128.384	0.000
128.345	0.000
128.305	0.000
128.266	0.000
128.227	0.000
128.188	0.000
128.149	0.000
128.110	0.000
128.071	0.000
128.032	0.000
127.993	0.000
127.954	0.000
127.915	0.000
127.876	0.000
127.837	0.000
127.798	0.000
127.759	0.000
127.720	0.000
127.682	0.000
127.643	0.000
127.604	0.001
127.565	0.000
127.527	0.000
127.488	0.000
127.449	0.001
127.411	0.000
127.372	0.000
127.333	0.000
127.295	0.000
127.256	0.000
127.218	0.000
127.179	0.000
127.141	0.000
127.102	0.000
127.064	0.001
127.025	0.000
126.987	0.001
126.949	0.000
126.910	0.001
126.872	0.000
126.834	0.000
126.795	0.000
126.757	0.000
126.719	0.001
126.681	0.000
126.643	0.000
126.604	0.000
126.566	0.000
126.528	0.000
126.490	0.000
126.452	0.000
126.414	0.000
126.376	0.000
126.338	0.000
126.300	0.000
126.262	0.000
126.224	0.000
126.186	0.000
126.148	0.000
126.110	0.000
126.073	0.000
126.035	0.000
125.997	0.000
125.959	0.000
125.921	0.000
125.884	0.000
125.846	0.000
125.808	0.000
125.771	0.000
125.733	0.000
125.695	0.000
125.658	0.000
125.620	0.001
125.583	0.000
125.545	0.000
125.508	0.000
125.470	0.000
125.433	0.000
125.395	0.000
125.358	0.000
125.321	0.000
125.283	0.000
125.246	0.000
125.209	0.001
125.171	0.000
125.134	0.000
125.097	0.000
125.060	0.000
125.022	0.000
124.985	0.000
124.948	0.001
124.911	0.000
124.874	0.000
124.837	0.000
124.800	0.000
124.762	0.000
124.725	0.001
124.688	0.000
124.651	0.000
124.614	0.000
124.578	0.000
124.541	0.000
124.504	0.000
124.467	0.000
124.430	0.000
124.393	0.000
124.356	0.000
124.320	0.000
124.283	0.001
124.246	0.000
124.209	0.000
124.173	0.000
124.136	0.000
124.099	0.000
124.063	0.000
124.026	0.000
123.989	0.000
123.953	0.000
123.916	0.000
123.880	0.000
123.843	0.000
123.807	0.000
123.770	0.000
123.734	0.001
123.697	0.000
123.661	0.000
123.625	0.000
123.588	0.000
123.552	0.000
123.516	0.000
123.479	0.000
123.443	0.000
123.407	0.000
123.371	0.000
123.334	0.000
123.298	0.000
123.262	0.000
123.226	0.000
123.190	0.000
123.154	0.000
123.117	0.000
123.081	0.000
123.045	0.000
123.009	0.000
122.973	0.000
122.937	0.001
122.901	0.000
122.865	0.001
122.830	0.000
122.794	0.000
122.758	0.000
122.722	0.000
122.686	0.000
122.650	0.000
122.615	0.001
122.579	0.000
122.543	0.000
122.507	0.000
122.472	0.000
122.436	0.000
122.400	0.000
122.365	0.000
122.329	0.000
122.293	0.000
122.258	0.000
122.222	0.000
122.187	0.000
122.151	0.000
122.116	0.000
122.080	0.001
122.045	0.000
122.009	0.000
121.974	0.000
121.938	0.000
121.903	0.000
121.868	0.000
121.832	0.000
121.797	0.000
121.762	0.000
121.727	0.001
121.691	0.000
121.656	0.000
121.621	0.000
121.586	0.000
121.550	0.000
121.515	0.000
121.480	0.000
121.445	0.000
121.410	0.000
121.375	0.000
121.340	0.000
121.305	0.000
121.270	0.001
121.235	0.000
121.200	0.001
121.165	0.000
121.130	0.000
121.095	0.000
121.060	0.000
121.025	0.000
120.990	0.001
120.956	0.000
120.921	0.000
120.886	0.000
120.851	0.000
120.817	0.000
120.782	0.000
120.747	0.001
120.712	0.000
120.678	0.000
120.643	0.000
120.608	0.000
120.574	0.000
120.539	0.000
120.505	0.000
120.470	0.000
120.436	0.000
120.401	0.000
120.367	0.000
120.332	0.000
120.298	0.000
120.263	0.000
120.229	0.000
120.195	0.000
120.160	0.000
120.126	0.000
120.091	0.001
120.057	0.000
120.023	0.000
119.989	0.000
119.954	0.000
119.920	0.000
119.886	0.000
119.852	0.000
119.818	0.000
119.783	0.000
119.749	0.000
119.715	0.000
119.681	0.000
119.647	0.000
119.613	0.000
119.579	0.000
119.545	0.000
119.511	0.001
119.477	0.000
119.443	0.000
119.409	0.000
119.375	0.000
119.341	0.000
119.307	0.000
119.273	0.000
119.240	0.000
119.206	0.000
119.172	0.000
119.138	0.000
119.104	0.001
119.071	0.000
119.037	0.000
119.003	0.000
118.969	0.000
118.936	0.000
118.902	0.000
118.868	0.000
118.835	0.001
118.801	0.000
118.768	0.000
118.734	0.000
118.701	0.000
118.667	0.000
118.634	0.000
118.600	0.000
118.567	0.000
118.533	0.000
118.500	0.000
118.466	0.002
118.433	0.000
118.400	0.000
118.366	0.000
118.333	0.000
118.300	0.000
118.266	0.000
118.233	0.000
118.200	0.000
118.166	0.000
118.133	0.000
118.100	0.000
118.067	0.000
118.034	0.000
118.001	0.000
117.967	0.000
117.934	0.000
117.901	0.000
117.868	0.000
117.835	0.000
117.802	0.000
117.769	0.001
117.736	0.001
117.703	0.000
117.670	0.000
117.637	0.000
117.604	0.000
117.571	0.000
117.538	0.000
117.506	0.000
117.473	0.000
117.440	0.000
117.407	0.000
117.374	0.000
117.342	0.000
117.309	0.000
117.276	0.000
117.243	0.000
117.211	0.000
117.178	0.000
117.145	0.001
117.113	0.000
117.080	0.000
117.047	0.000
117.015	0.000
116.982	0.000
116.950	0.000
116.917	0.000
116.885	0.000
116.852	0.000
116.820	0.000
116.787	0.000
116.755	0.000
116.722	0.000
116.690	0.000
116.657	0.000
116.625	0.001
116.593	0.000
116.560	0.000
116.528	0.000
116.496	0.000
116.463	0.000
116.431	0.000
116.399	0.000
116.367	0.000
116.334	0.000
116.302	0.000
116.270	0.001
116.238	0.000
116.206	0.000
116.174	0.001
116.142	0.000
116.109	0.000
116.077	0.001
116.045	0.000
116.013	0.000
115.981	0.000
115.949	0.000
115.917	0.000
115.885	0.000
115.853	0.000
115.821	0.000
115.789	0.000
115.758	0.000
115.726	0.002
115.694	0.000
115.662	0.000
115.630	0.000
115.598	0.000
115.567	0.001
115.535	0.000
115.503	0.001
115.471	0.001
115.440	0.000
115.408	0.000
115.376	0.000
115.344	0.000
115.313	0.000
115.281	0.000
115.250	0.000
115.218	0.000
115.186	0.000
115.155	0.000
115.123	0.000
115.092	0.000
115.060	0.000
115.029	0.000
114.997	0.000
114.966	0.001
114.934	0.000
114.903	0.001
114.872	0.001
114.840	0.000
114.809	0.000
114.777	0.000
114.746	0.000
114.715	0.000
114.683	0.000
114.652	0.000
114.621	0.000
114.590	0.000
114.558	0.000
114.527	0.000
114.496	0.000
114.465	0.000
114.434	0.000
114.402	0.000
114.371	0.000
114.340	0.000
114.309	0.000
114.278	0.000
114.247	0.000
114.216	0.000
114.185	0.001
114.154	0.000
114.123	0.000
114.092	0.000
114.061	0.000
114.030	0.000
113.999	0.000
113.968	0.000
113.937	0.000
113.906	0.000
113.875	0.001
113.844	0.000
113.814	0.000
113.783	0.000
113.752	0.000
113.721	0.000
113.690	0.000
113.660	0.000
113.629	0.000
113.598	0.000
113.568	0.000
113.537	0.000
113.506	0.000
113.476	0.000
113.445	0.000
113.414	0.000
113.384	0.000
113.353	0.000
113.323	0.000
113.292	0.000
113.261	0.000
113.231	0.000
113.200	0.000
113.170	0.000
113.139	0.000
113.109	0.000
113.079	0.000
113.048	0.000
113.018	0.000
112.987	0.000
112.957	0.000
112.927	0.000
112.896	0.000
112.866	0.000
112.836	0.000
112.805	0.000
112.775	0.000
112.745	0.000
112.715	0.000
112.684	0.000
112.654	0.001
112.624	0.000
112.594	0.000
112.564	0.000
112.533	0.000
112.503	0.000
112.473	0.000
112.443	0.000
112.413	0.000
112.383	0.000
112.353	0.000
112.323	0.000
112.293	0.000
112.263	0.000
112.233	0.000
112.203	0.000
112.173	0.000
112.143	0.000
112.113	0.000
112.083	0.000
112.053	0.000
112.023	0.000
111.994	0.000
111.964	0.000
111.934	0.000
111.904	0.000
111.874	0.000
111.845	0.000
111.815	0.000
111.785	0.000
111.755	0.000
111.726	0.000
111.696	0.000
111.666	0.001
111.637	0.000
111.607	0.000
111.577	0.001
111.548	0.001
111.518	0.000
111.488	0.000
111.459	0.000
111.429	0.000
111.400	0.000
111.370	0.000
111.341	0.000
111.311	0.000
111.282	0.000
111.252	0.000
111.223	0.000
111.193	0.000
111.164	0.000
111.135	0.000
111.105	0.000
111.076	0.000
111.047	0.000
111.017	0.000
110.988	0.000
110.959	0.001
110.929	0.000
110.900	0.000
110.871	0.000
110.841	0.000
110.812	0.000
110.783	0.000
110.754	0.000
110.725	0.000
110.695	0.000
110.666	0.000
110.637	0.000
110.608	0.001
110.579	0.000
110.550	0.000
110.521	0.000
110.492	0.000
110.463	0.000
110.434	0.000
110.405	0.000
110.376	0.000
110.347	0.000
110.318	0.000
110.289	0.000
110.260	0.001
110.231	0.000
110.202	0.000
110.173	0.000
110.144	0.000
110.115	0.000
110.086	0.000
110.058	0.000
110.029	0.000
110.000	0.000
109.971	0.000
109.942	0.000
109.914	0.000
109.885	0.000
109.856	0.000
109.827	0.000
109.799	0.000
109.770	0.000
109.741	0.000
109.713	0.000
109.684	0.000
109.656	0.000
109.627	0.000
109.598	0.000
109.570	0.000
109.541	0.000
109.513	0.001
109.484	0.000
109.456	0.000
109.427	0.000
109.399	0.000
109.370	0.000
109.342	0.000
109.313	0.000
109.285	0.000
109.256	0.000
109.228	0.000
109.200	0.000
109.171	0.001
109.143	0.000
109.115	0.000
109.086	0.000
109.058	0.000
109.030	0.000
109.001	0.000
108.973	0.000
108.945	0.000
108.917	0.001
108.888	0.000
108.860	0.000
108.832	0.000
108.804	0.000
108.776	0.000
108.747	0.000
108.719	0.000
108.691	0.000
108.663	0.000
108.635	0.000
108.607	0.000
108.579	0.000
108.551	0.000
108.523	0.000
108.495	0.000
108.467	0.000
108.439	0.000
108.411	0.000
108.383	0.000
108.355	0.000
108.327	0.000
108.299	0.000
108.271	0.000
108.243	0.000
108.215	0.000
108.187	0.000
108.160	0.000
108.132	0.000
108.104	0.000
108.076	0.000
108.048	0.000
108.021	0.000
107.993	0.000
107.965	0.000
107.937	0.000
107.910	0.000
107.882	0.000
107.854	0.000
107.827	0.000
107.799	0.000
107.771	0.001
107.744	0.000
107.716	0.000
107.688	0.000
107.661	0.000
107.633	0.000
107.606	0.000
107.578	0.001
107.551	0.000
107.523	0.000
107.496	0.000
107.468	0.000
107.441	0.000
107.413	0.000
107.386	0.000
107.358	0.000
107.331	0.000
107.303	0.000
107.276	0.001
107.249	0.001
107.221	0.000
107.194	0.000
107.167	0.000
107.139	0.001
107.112	0.000
107.085	0.000
107.057	0.001
107.030	0.000
107.003	0.001
106.976	0.000
106.948	0.000
106.921	0.000
106.894	0.000
106.867	0.000
106.840	0.000
106.812	0.000
106.785	0.000
106.758	0.000
106.731	0.000
106.704	0.000
106.677	0.000
106.650	0.000
106.623	0.000
106.596	0.000
106.569	0.000
106.542	0.000
106.515	0.000
106.488	0.000
106.461	0.000
106.434	0.000
106.407	0.000
106.380	0.000
106.353	0.000
106.326	0.000
106.299	0.000
106.272	0.000
106.245	0.000
106.218	0.000
106.192	0.000
106.165	0.000
106.138	0.000
106.111	0.000
106.084	0.000
106.058	0.000
106.031	0.000
106.004	0.000
105.977	0.000
105.951	0.000
105.924	0.000
105.897	0.000
105.870	0.000
105.844	0.000
105.817	0.000
105.791	0.000
105.764	0.000
105.737	0.000
105.711	0.000
105.684	0.000
105.658	0.000
105.631	0.000
105.604	0.000
105.578	0.000
105.551	0.000
105.525	0.000
105.498	0.000
105.472	0.000
105.445	0.000
105.419	0.000
105.393	0.000
105.366	0.001
105.340	0.000
105.313	0.000
105.287	0.000
105.261	0.000
105.234	0.000
105.208	0.000
105.181	0.000
105.155	0.000
105.129	0.000
105.103	0.000
105.076	0.000
105.050	0.000
105.024	0.000
104.998	0.000
104.971	0.000
104.945	0.000
104.919	0.000
104.893	0.000
104.866	0.000
104.840	0.001
104.814	0.000
104.788	0.000
104.762	0.000
104.736	0.000
104.710	0.000
104.684	0.000
104.658	0.000
104.631	0.000
104.605	0.000
104.579	0.000
104.553	0.000
104.527	0.000
104.501	0.000
104.475	0.000
104.449	0.000
104.423	0.000
104.398	0.000
104.372	0.000
104.346	0.000
104.320	0.000
104.294	0.000
104.268	0.000
104.242	0.000
104.216	0.000
104.190	0.000
104.165	0.000
104.139	0.000
104.113	0.000
104.087	0.000
104.061	0.000
104.036	0.001
104.010	0.000
103.984	0.000
103.958	0.000
103.933	0.000
103.907	0.000
103.881	0.000
103.856	0.000
103.830	0.000
103.804	0.000
103.779	0.001
103.753	0.000
103.727	0.000
103.702	0.001
103.676	0.000
103.651	0.000
103.625	0.000
103.600	0.000
103.574	0.000
103.549	0.000
103.523	0.000
103.498	0.000
103.472	0.000
103.447	0.000
103.421	0.000
103.396	0.000
103.370	0.000
103.345	0.000
103.319	0.000
103.294	0.000
103.269	0.000
103.243	0.000
103.218	0.000
103.193	0.000
103.167	0.000
103.142	0.000
103.117	0.000
103.091	0.000
103.066	0.000
103.041	0.000
103.015	0.000
102.990	0.000
102.965	0.000
102.940	0.000
102.915	0.000
102.889	0.000
102.864	0.000
102.839	0.000
102.814	0.000
102.789	0.000
102.764	0.000
102.738	0.001
102.713	0.000
102.688	0.000
102.663	0.000
102.638	0.000
102.613	0.000
102.588	0.000
102.563	0.000
102.538	0.000
102.513	0.000
102.488	0.000
102.463	0.000
102.438	0.000
102.413	0.000
102.388	0.000
102.363	0.000
102.338	0.000
102.313	0.000
102.288	0.000
102.263	0.000
102.238	0.000
102.214	0.000
102.189	0.001
102.164	0.000
102.139	0.000
102.114	0.000
102.089	0.001
102.065	0.000
102.040	0.001
102.015	0.000
101.990	0.000
101.966	0.000
101.941	0.000
101.916	0.001
101.891	0.000
101.867	0.000
101.842	0.000
101.817	0.000
101.793	0.000
101.768	0.000
101.743	0.000
101.719	0.000
101.694	0.000
101.669	0.000
101.645	0.000
101.620	0.000
101.596	0.000
101.571	0.000
101.547	0.000
101.522	0.000
101.498	0.000
101.473	0.000
101.449	0.000
101.424	0.000
101.400	0.000
101.375	0.000
101.351	0.000
101.326	0.000
101.302	0.000
101.277	0.001
101.253	0.000
101.229	0.000
101.204	0.000
101.180	0.000
101.156	0.000
101.131	0.000
101.107	0.000
101.083	0.001
101.058	0.000
101.034	0.000
101.010	0.000
100.985	0.000
100.961	0.001
100.937	0.000
100.913	0.000
100.888	0.000
100.864	0.000
100.840	0.000
100.816	0.000
100.792	0.000
100.767	0.000
100.743	0.000
100.719	0.000
100.695	0.000
100.671	0.000
100.647	0.000
100.623	0.001
100.599	0.000
100.574	0.000
100.550	0.000
100.526	0.000
100.502	0.000
100.478	0.001
100.454	0.000
100.430	0.000
100.406	0.000
100.382	0.000
100.358	0.000
100.334	0.000
100.310	0.000
100.286	0.000
100.262	0.001
100.239	0.000
100.215	0.000
100.191	0.000
100.167	0.000
100.143	0.000
100.119	0.000
100.095	0.000
100.071	0.000
100.048	0.000
100.024	0.000
100.000	0.000
100.000	0.001
100.000	0.000
100.000	0.000
100.000	0.000
100.000	0.000
100.000	0.000
100.000	0.000
100.000	0.000
100.000	0.000
100.000	0.001
100.000	0.000
100.000	0.000
100.000	0.000
100.000	0.000
100.000	0.000
100.000	0.000
100.000	0.000
100.000	0.001
100.000	0.000
100.000	0.000
100.000	0.000
100.000	0.000
100.000	0.000
100.000	0.000
100.000	0.000
100.000	0.000
100.000	0.000
100.000	0.000
100.000	0.000
100.000	0.000
100.000	0.000
100.000	0.000
100.000	0.000
100.000	0.000
100.000	0.000
100.000	0.000
100.000	0.000
100.000	0.000
100.000	0.000
100.000	0.000
100.000	0.000
100.000	0.000
100.000	0.000
100.000	0.000
100.000	0.000
100.000	0.000
100.000	0.000
100.000	0.000
100.000	0.000
100.000	0.000
100.000	0.001
100.000	0.000
100.000	0.000
100.000	0.000
100.000	0.000
100.000	0.000
100.000	0.000
100.000	0.000
100.000	0.001
100.000	0.000
100.000	0.000
100.000	0.000
100.000	0.000
100.000	0.000
100.000	0.000
100.000	0.000
100.000	0.001
100.000	0.000
100.000	0.000
100.000	0.000
100.000	0.000
100.000	0.000
100.000	0.000
100.000	0.000
100.000	0.000
100.000	0.001
100.000	0.000
100.000	0.000
100.000	0.000
100.000	0.000
100.000	0.001
100.000	0.000
100.000	0.000
100.000	0.000
100.000	0.000
100.000	0.000
100.000	0.000
100.000	0.000
100.000	0.000
100.000	0.000
100.000	0.000
100.000	0.000
100.000	0.000
100.000	0.000
100.000	0.000
100.000	0.000
100.000	0.000
100.000	0.000
100.000	0.000
100.000	0.000
100.000	0.000
100.000	0.000
100.000	0.000
100.000	0.000
100.000	0.000
100.000	0.000
100.000	0.000
100.000	0.000
100.000	0.000
100.000	0.000
100.000	0.000
100.000	0.000
100.000	0.000
100.000	0.000
100.000	0.000
100.000	0.000
100.000	0.000
100.000	0.000
100.000	0.000
100.000	0.001
100.000	0.000
100.000	0.000
100.000	0.000
100.000	0.000
100.000	0.000
100.000	0.000
100.000	0.000
100.000	0.000
100.000	0.000
100.000	0.000
100.000	0.000
100.000	0.000
100.000	0.000
100.000	0.000
100.000	0.000
100.000	0.000
100.000	0.000
100.000	0.000
100.000	0.000
100.000	0.001
100.000	0.000
100.000	0.000
100.000	0.001
100.000	0.000
100.000	0.001
100.000	0.000
100.000	0.000
100.000	0.000
100.000	0.000
100.000	0.000
100.000	0.000
100.000	0.000
100.000	0.000
100.000	0.000
100.000	0.000
100.000	0.000
100.000	0.000
100.000	0.000
100.000	0.000
100.000	0.000
100.000	0.001
100.000	0.000
100.000	0.000
100.000	0.000
100.000	0.000
100.000	0.000
100.000	0.000
100.000	0.000
100.000	0.000
100.000	0.000
100.000	0.000
100.000	0.000
100.000	0.000
100.000	0.000
100.000	0.000
100.000	0.000
100.000	0.000
100.000	0.000
100.000	0.000
100.000	0.000
100.000	0.000
100.000	0.000
100.000	0.000
100.000	0.000
100.000	0.001
100.000	0.000
100.000	0.000
100.000	0.000
100.000	0.000
100.000	0.000
100.000	0.000
100.000	0.000
100.000	0.000
100.000	0.000
100.000	0.000
100.000	0.000
100.000	0.000
100.000	0.000
100.000	0.000
100.000	0.000
100.000	0.000
100.000	0.001
100.000	0.000
100.000	0.000
100.000	0.001
100.000	0.000
100.000	0.000
100.000	0.000
100.000	0.000
100.000	0.000
100.000	0.000
100.000	0.000
100.000	0.000
100.000	0.000
100.000	0.000
100.000	0.000
100.000	0.000
100.000	0.000
100.000	0.000
100.000	0.000
100.000	0.000
100.000	0.000
100.000	0.000
100.000	0.001
100.000	0.000
100.000	0.000
100.000	0.000
100.000	0.000
100.000	0.000
100.000	0.000
100.000	0.000
100.000	0.000
100.000	0.000
100.000	0.000
100.000	0.000
100.000	0.000
100.000	0.000
100.000	0.000
100.000	0.001
100.000	0.000
100.000	0.000
100.000	0.000
100.000	0.000
100.000	0.000
100.000	0.000
100.000	0.000
100.000	0.000
100.000	0.000
100.000	0.000
100.000	0.000
100.000	0.000
100.000	0.000
100.000	0.000
100.000	0.000
100.000	0.000
100.000	0.000
100.000	0.000
100.000	0.000
100.000	0.000
100.000	0.000
100.000	0.000
100.000	0.000
100.000	0.001
100.000	0.000
100.000	0.000
100.000	0.000
100.000	0.000
100.000	0.000
100.000	0.000
100.000	0.000
100.000	0.000
100.000	0.000
100.000	0.000
100.000	0.000
100.000	0.000
100.000	0.000
100.000	0.000
100.000	0.000
100.000	0.001
100.000	0.000
100.000	0.000
100.000	0.000
100.000	0.000
100.000	0.001
100.000	0.000
100.000	0.000
100.000	0.000
100.000	0.000
100.000	0.000
100.000	0.000
100.000	0.000
100.000	0.000
100.000	0.000
100.000	0.000
100.000	0.000
100.000	0.000
100.000	0.000
100.000	0.000
100.000	0.000
100.000	0.000
100.000	0.000
100.000	0.000
100.000	0.000
100.000	0.000
100.000	0.000
100.000	0.000
100.000	0.000
100.000	0.000
100.000	0.000
100.000	0.001
100.000	0.000
100.000	0.000
100.000	0.000
100.000	0.000
100.000	0.000
100.000	0.000
100.000	0.000
100.000	0.000
100.000	0.000
100.000	0.000
100.000	0.000
100.000	0.000
100.000	0.000
100.000	0.000
100.000	0.000
100.000	0.000
100.000	0.000
100.000	0.000
100.000	0.000
100.000	0.000
100.000	0.000
100.000	0.000
100.000	0.000
100.000	0.000
100.000	0.000
100.000	0.000
100.000	0.000
100.000	0.000
100.000	0.000
100.000	0.000
100.000	0.000
100.000	0.000
100.000	0.000
100.000	0.000
100.000	0.000
100.000	0.000
100.000	0.000
100.000	0.000
100.000	0.000
100.000	0.000
100.000	0.000
100.000	0.000
100.000	0.000
100.000	0.000
100.000	0.000
100.000	0.000
100.000	0.000
100.000	0.000
100.000	0.000
100.000	0.001
100.000	0.000
100.000	0.000
100.000	0.000
100.000	0.000
100.000	0.000
100.000	0.000
100.000	0.000
100.000	0.000
100.000	0.000
100.000	0.000
100.000	0.000
100.000	0.000
100.000	0.000
100.000	0.000
100.000	0.000
100.000	0.000
100.000	0.000
100.000	0.000
100.000	0.000
100.000	0.000
100.000	0.000
100.000	0.000
100.000	0.000
100.000	0.000
100.000	0.000
100.000	0.000
100.000	0.000
100.000	0.000
100.000	0.000
100.000	0.000
100.000	0.000
100.000	0.000
100.000	0.000
100.000	0.001
100.000	0.000
100.000	0.000
100.000	0.000
100.000	0.000
100.000	0.000
100.000	0.000
100.000	0.000
100.000	0.000
100.000	0.000
100.000	0.000
100.000	0.000
100.000	0.000
100.000	0.000
100.000	0.000
100.000	0.000
100.000	0.000
100.000	0.000
100.000	0.000
100.000	0.000
100.000	0.001
100.000	0.000
100.000	0.000
100.000	0.000
100.000	0.000
100.000	0.000
100.000	0.000
100.000	0.000
100.000	0.000
100.000	0.000
100.000	0.000
100.000	0.000
100.000	0.000
100.000	0.000
100.000	0.000
100.000	0.001
100.000	0.000
100.000	0.000
100.000	0.000
100.000	0.000
100.000	0.000
100.000	0.000
100.000	0.000
100.000	0.000
100.000	0.000
100.000	0.000
100.000	0.000
100.000	0.000
100.000	0.000
100.000	0.000
100.000	0.000
100.000	0.000
100.000	0.000
100.000	0.000
100.000	0.000
100.000	0.000
100.000	0.000
100.000	0.000
100.000	0.000
100.000	0.000
100.000	0.000
100.000	0.000
100.000	0.000
100.000	0.000
100.000	0.000
100.000	0.001
100.000	0.000
100.000	0.000
100.000	0.000
100.000	0.000
100.000	0.000
100.000	0.000
100.000	0.000
100.000	0.000
100.000	0.000
100.000	0.000
100.000	0.000
100.000	0.000
100.000	0.000
100.000	0.000
100.000	0.000
100.000	0.000
100.000	0.000
100.000	0.000
100.000	0.000
100.000	0.000
100.000	0.000
100.000	0.000
100.000	0.000
100.000	0.000
100.000	0.000
100.000	0.000
100.000	0.000
100.000	0.000
100.000	0.000
100.000	0.000
100.000	0.000
100.000	0.000
100.000	0.000
100.000	0.000
100.000	0.000
100.000	0.000
100.000	0.001
100.000	0.000
100.000	0.000
100.000	0.000
100.000	0.000
100.000	0.000
100.000	0.000
100.000	0.000
100.000	0.000
100.000	0.000
100.000	0.000
100.000	0.000
100.000	0.000
100.000	0.000
100.000	0.000
100.000	0.000
100.000	0.000
100.000	0.000
100.000	0.000
100.000	0.000
100.000	0.000
100.000	0.000
100.000	0.000
100.000	0.000
100.000	0.000
100.000	0.000
100.000	0.000
100.000	0.000
100.000	0.000
100.000	0.000
100.000	0.000
100.000	0.000
100.000	0.000
100.000	0.000
100.000	0.000
100.000	0.000
100.000	0.000
100.000	0.000
100.000	0.000
100.000	0.000
100.000	0.000
100.000	0.000
100.000	0.000
100.000	0.000
100.000	0.000
100.000	0.000
100.000	0.001
100.000	0.000
100.000	0.000
100.000	0.000
100.000	0.000
100.000	0.000
100.000	0.000
100.000	0.000
100.000	0.000
100.000	0.000
100.000	0.000
100.000	0.001
100.000	0.000
100.000	0.000
100.000	0.000
100.000	0.000
100.000	0.000
100.000	0.000
100.000	0.000
100.000	0.000
100.000	0.001
100.000	0.000
100.000	0.000
100.000	0.000
100.000	0.000
100.000	0.000
100.000	0.000
100.000	0.000
100.000	0.001
100.000	0.000
100.000	0.000
100.000	0.000
100.000	0.000
100.000	0.000
100.000	0.000
100.000	0.000
100.000	0.000
100.000	0.000
100.000	0.000
100.000	0.001
100.000	0.000
100.000	0.001
100.000	0.000
100.000	0.000
100.000	0.000
100.000	0.000
100.000	0.000
100.000	0.000
100.000	0.000
100.000	0.000
100.000	0.001
100.000	0.000
100.000	0.000
100.000	0.000
100.000	0.000
100.000	0.000
100.000	0.000
100.000	0.000
100.000	0.000
100.000	0.000
100.000	0.000
100.000	0.000
100.000	0.000
100.000	0.000
100.000	0.000
100.000	0.000
100.000	0.000
100.000	0.000
100.000	0.000
100.000	0.000
100.000	0.001
100.000	0.000
100.000	0.000
100.000	0.000
100.000	0.000
100.000	0.000
100.000	0.000
100.000	0.000
100.000	0.000
100.000	0.000
100.000	0.000
100.000	0.000
100.000	0.000
100.000	0.000
100.000	0.000
100.000	0.000
100.000	0.000
100.000	0.000
100.000	0.000
100.000	0.000
100.000	0.000
100.000	0.000
100.000	0.000
100.000	0.000
100.000	0.000
100.000	0.000
100.000	0.000
100.000	0.000
100.000	0.000
100.000	0.000
100.000	0.000
100.000	0.000
100.000	0.000
100.000	0.000
100.000	0.000
100.000	0.000
100.000	0.000
100.000	0.000
100.000	0.000
100.000	0.000
100.000	0.001
100.000	0.000
100.000	0.000
100.000	0.000
100.000	0.000
100.000	0.000
100.000	0.000
100.000	0.000
100.000	0.000
100.000	0.001
100.000	0.000
100.000	0.000
100.000	0.000
100.000	0.000
100.000	0.000
100.000	0.000
100.000	0.000
100.000	0.000
100.000	0.001
100.000	0.000
100.000	0.000
100.000	0.000
100.000	0.000
100.000	0.000
100.000	0.000
100.000	0.000
100.000	0.000
100.000	0.000
100.000	0.000
100.000	0.001
100.000	0.000
100.000	0.000
100.000	0.000
100.000	0.000
100.000	0.000
100.000	0.000
100.000	0.000
100.000	0.000
100.000	0.000
100.000	0.000
100.000	0.000
100.000	0.000
100.000	0.000
100.000	0.000
100.000	0.000
100.000	0.000
100.000	0.000
100.000	0.000
100.000	0.000
100.000	0.000
100.000	0.000
100.000	0.000
100.000	0.000
100.000	0.000
100.000	0.000
100.000	0.000
100.000	0.000
100.000	0.000
100.000	0.000
100.000	0.000
100.000	0.000
100.000	0.000
100.000	0.000
100.000	0.000
100.000	0.000
100.000	0.000
100.000	0.000
100.000	0.000
100.000	0.000
100.000	0.000
100.000	0.001
100.000	0.000
100.000	0.000
100.000	0.000
100.000	0.000
100.000	0.000
100.000	0.000
100.000	0.000
100.000	0.000
100.000	0.000
100.000	0.000
100.000	0.000
100.000	0.000
100.000	0.000
100.000	0.000
100.000	0.000
100.000	0.000
100.000	0.000
100.000	0.000
100.000	0.000
100.000	0.000
100.000	0.000
100.000	0.000
100.000	0.000
100.000	0.000
100.000	0.000
100.000	0.000
100.000	0.000
100.000	0.000
100.000	0.000
100.000	0.000
100.000	0.000
100.000	0.000
100.000	0.000
100.000	0.000
100.000	0.000
100.000	0.000
100.000	0.000
100.000	0.000
100.000	0.000
100.000	0.000
100.000	0.000
100.000	0.000
100.000	0.000
100.000	0.000
100.000	0.000
100.000	0.000
100.000	0.000
100.000	0.000
100.000	0.000
100.000	0.000
100.000	0.000
100.000	0.001
100.000	0.001
100.000	0.000
100.000	0.000
100.000	0.000
100.000	0.000
100.000	0.000
100.000	0.000
100.000	0.000
100.000	0.000
100.000	0.000
100.000	0.000
100.000	0.000
100.000	0.000
100.000	0.000
100.000	0.000
100.000	0.000
100.000	0.000
100.000	0.000
100.000	0.000
100.000	0.000
100.000	0.000
100.000	0.000
100.000	0.000
