0.000	-0.281
1.000	-0.284
2.000	-0.286
3.000	-0.289
4.000	-0.292
5.000	-0.294
6.000	-0.297
7.000	-0.299
8.000	-0.302
9.000	-0.304
10.000	-0.307
11.000	-0.309
12.000	-0.312
13.000	-0.315
14.000	-0.317
15.000	-0.320
16.000	-0.322
17.000	-0.325
18.000	-0.327
19.000	-0.330
20.000	-0.333
21.000	-0.335
22.000	-0.338
23.000	-0.340
24.000	-0.343
25.000	-0.345
26.000	-0.339
27.000	-0.290
28.000	-0.382
29.000	-0.398
30.000	-0.390
31.000	-0.373
32.000	-0.379
33.000	-0.361
34.000	-0.336
35.000	-0.335
36.000	-0.365
37.000	-0.385
38.000	-0.352
39.000	-0.356
40.000	-0.379
41.000	-0.353
42.000	-0.351
43.000	-0.331
44.000	-0.305
45.000	-0.302
46.000	-0.263
47.000	-0.233
48.000	-0.235
49.000	-0.216
50.000	-0.216
51.000	-0.175
52.000	-0.038
53.000	-0.034
54.000	-0.038
55.000	-0.028
56.000	-0.008
57.000	-0.042
58.000	-0.058
59.000	-0.078
60.000	-0.111
61.000	-0.162
62.000	-0.182
63.000	-0.215
64.000	-0.271
65.000	-0.341
66.000	-0.320
67.000	-0.319
68.000	-0.339
69.000	-0.374
70.000	-0.413
71.000	-0.349
72.000	-0.410
73.000	-0.426
74.000	-0.423
75.000	-0.359
76.000	-0.316
77.000	-0.335
78.000	-0.341
79.000	-0.292
80.000	-0.349
81.000	-0.364
82.000	-0.360
83.000	-0.289
84.000	-0.279
85.000	-0.276
86.000	-0.282
87.000	-0.241
88.000	-0.256
89.000	-0.098
90.000	-0.137
91.000	-0.119
92.000	-0.149
93.000	-0.109
94.000	-0.087
95.000	-0.036
96.000	-0.056
97.000	-0.103
98.000	-0.091
99.000	-0.122
100.000	-0.152
101.000	-0.217
102.000	-0.256
103.000	-0.226
104.000	-0.279
105.000	-0.350
106.000	-0.354
107.000	-0.367
108.000	-0.369
109.000	-0.365
110.000	-0.348
111.000	-0.363
112.000	-0.412
113.000	-0.379
114.000	-0.308
115.000	-0.308
116.000	-0.309
117.000	-0.244
118.000	-0.247
119.000	-0.245
120.000	-0.248
121.000	-0.244
122.000	-0.238
123.000	-0.241
124.000	-0.268
125.000	-0.235
126.000	-0.276
127.000	-0.189
128.000	-0.225
129.000	-0.214
130.000	-0.178
131.000	-0.145
132.000	-0.171
133.000	-0.172
134.000	-0.166
135.000	-0.131
136.000	-0.103
137.000	-0.148
138.000	-0.245
139.000	-0.184
140.000	-0.231
141.000	-0.263
142.000	-0.302
143.000	-0.308
144.000	-0.346
145.000	-0.346
146.000	-0.336
147.000	-0.373
148.000	-0.340
149.000	-0.350
150.000	-0.390
151.000	-0.407
152.000	-0.438
153.000	-0.397
154.000	-0.327
155.000	-0.256
156.000	-0.211
157.000	-0.200
158.000	-0.214
159.000	-0.222
160.000	-0.223
161.000	-0.111
162.000	-0.204
163.000	-0.209
164.000	-0.174
165.000	-0.150
166.000	-0.158
167.000	-0.180
168.000	-0.170
169.000	-0.245
170.000	-0.260
171.000	-0.224
172.000	-0.232
173.000	-0.265
174.000	-0.253
175.000	-0.141
176.000	-0.247
177.000	-0.249
178.000	-0.252
179.000	-0.234
180.000	-0.315
181.000	-0.288
182.000	-0.288
183.000	-0.365
184.000	-0.362
185.000	-0.388
186.000	-0.408
187.000	-0.417
188.000	-0.386
189.000	-0.360
190.000	-0.358
191.000	-0.330
192.000	-0.318
193.000	-0.292
194.000	-0.248
195.000	-0.196
196.000	-0.165
197.000	-0.153
198.000	-0.166
199.000	-0.134
200.000	-0.108
201.000	-0.099
202.000	-0.164
203.000	-0.182
204.000	-0.221
205.000	-0.193
206.000	-0.194
207.000	-0.195
208.000	-0.100
209.000	-0.175
210.000	-0.204
211.000	-0.193
212.000	-0.207
213.000	-0.241
214.000	-0.271
215.000	-0.240
216.000	-0.244
217.000	-0.227
218.000	-0.295
219.000	-0.290
220.000	-0.362
221.000	-0.385
222.000	-0.342
223.000	-0.364
224.000	-0.431
225.000	-0.463
226.000	-0.394
227.000	-0.453
228.000	-0.462
229.000	-0.426
230.000	-0.378
231.000	-0.288
232.000	-0.299
233.000	-0.241
234.000	-0.214
235.000	-0.168
236.000	-0.089
237.000	-0.077
238.000	-0.094
239.000	-0.054
240.000	-0.032
241.000	-0.096
242.000	-0.070
243.000	-0.052
244.000	-0.076
245.000	-0.151
246.000	-0.146
247.000	-0.160
248.000	-0.148
249.000	-0.217
250.000	-0.208
251.000	-0.226
252.000	-0.254
253.000	-0.281
254.000	-0.296
255.000	-0.282
256.000	-0.243
257.000	-0.299
258.000	-0.352
259.000	-0.369
260.000	-0.464
261.000	-0.413
262.000	-0.433
263.000	-0.366
264.000	-0.425
265.000	-0.423
266.000	-0.441
267.000	-0.454
268.000	-0.455
269.000	-0.401
270.000	-0.346
271.000	-0.323
272.000	-0.306
273.000	-0.289
274.000	-0.222
275.000	-0.165
276.000	-0.194
277.000	-0.070
278.000	-0.105
279.000	-0.000
280.000	-0.047
281.000	-0.058
282.000	-0.076
283.000	-0.075
284.000	-0.071
285.000	-0.176
286.000	-0.162
287.000	-0.094
288.000	-0.115
289.000	-0.152
290.000	-0.199
291.000	-0.251
292.000	-0.244
293.000	-0.313
294.000	-0.329
295.000	-0.252
296.000	-0.299
297.000	-0.329
298.000	-0.430
299.000	-0.402
300.000	-0.375
301.000	-0.360
302.000	-0.442
303.000	-0.449
304.000	-0.499
305.000	-0.468
306.000	-0.496
307.000	-0.401
308.000	-0.363
309.000	-0.382
310.000	-0.322
311.000	-0.307
312.000	-0.301
313.000	-0.234
314.000	-0.177
315.000	-0.127
316.000	-0.110
317.000	-0.019
318.000	0.006
319.000	-0.075
320.000	-0.078
321.000	-0.028
322.000	-0.087
323.000	-0.121
324.000	-0.121
325.000	-0.141
326.000	-0.154
327.000	-0.098
328.000	-0.145
329.000	-0.190
330.000	-0.190
331.000	-0.211
332.000	-0.265
333.000	-0.284
334.000	-0.269
335.000	-0.352
336.000	-0.313
337.000	-0.402
338.000	-0.408
339.000	-0.343
340.000	-0.351
341.000	-0.489
342.000	-0.451
343.000	-0.507
344.000	-0.428
345.000	-0.359
346.000	-0.445
347.000	-0.422
348.000	-0.419
349.000	-0.412
350.000	-0.365
351.000	-0.260
352.000	-0.180
353.000	-0.177
354.000	-0.173
355.000	-0.123
356.000	-0.124
357.000	-0.139
358.000	-0.083
359.000	-0.073
360.000	-0.090
361.000	-0.098
362.000	-0.100
363.000	-0.123
364.000	-0.138
365.000	-0.174
366.000	-0.177
367.000	-0.197
368.000	-0.197
369.000	-0.204
370.000	-0.211
371.000	-0.251
372.000	-0.182
373.000	-0.208
374.000	-0.230
375.000	-0.274
376.000	-0.247
377.000	-0.273
378.000	-0.338
379.000	-0.476
380.000	-0.414
381.000	-0.454
382.000	-0.484
383.000	-0.423
384.000	-0.399
385.000	-0.353
386.000	-0.383
387.000	-0.429
388.000	-0.352
389.000	-0.291
390.000	-0.293
391.000	-0.300
392.000	-0.238
393.000	-0.223
394.000	-0.162
395.000	-0.155
396.000	-0.155
397.000	-0.177
398.000	-0.187
399.000	-0.187
400.000	-0.184
401.000	-0.133
402.000	-0.174
403.000	-0.221
404.000	-0.209
405.000	-0.171
406.000	-0.178
407.000	-0.171
408.000	-0.183
409.000	-0.227
410.000	-0.252
411.000	-0.193
412.000	-0.164
413.000	-0.175
414.000	-0.297
415.000	-0.231
416.000	-0.236
417.000	-0.250
418.000	-0.275
419.000	-0.317
420.000	-0.333
421.000	-0.404
422.000	-0.380
423.000	-0.368
424.000	-0.420
425.000	-0.390
426.000	-0.353
427.000	-0.295
428.000	-0.325
429.000	-0.351
430.000	-0.291
431.000	-0.217
432.000	-0.201
433.000	-0.184
434.000	-0.240
435.000	-0.181
436.000	-0.155
437.000	-0.181
438.000	-0.225
439.000	-0.213
440.000	-0.197
441.000	-0.226
442.000	-0.202
443.000	-0.245
444.000	-0.244
445.000	-0.250
446.000	-0.224
447.000	-0.229
448.000	-0.188
449.000	-0.244
450.000	-0.281
451.000	-0.192
452.000	-0.146
453.000	-0.132
454.000	-0.119
455.000	-0.217
456.000	-0.181
457.000	-0.201
458.000	-0.275
459.000	-0.258
460.000	-0.270
461.000	-0.314
462.000	-0.326
463.000	-0.390
464.000	-0.432
465.000	-0.368
466.000	-0.326
467.000	-0.357
468.000	-0.344
469.000	-0.366
470.000	-0.348
471.000	-0.306
472.000	-0.317
473.000	-0.244
474.000	-0.209
475.000	-0.235
476.000	-0.205
477.000	-0.230
478.000	-0.206
479.000	-0.231
480.000	-0.231
481.000	-0.226
482.000	-0.257
483.000	-0.260
484.000	-0.256
485.000	-0.244
486.000	-0.202
487.000	-0.195
488.000	-0.217
489.000	-0.210
490.000	-0.193
491.000	-0.142
492.000	-0.137
493.000	-0.155
494.000	-0.115
495.000	-0.127
496.000	-0.153
497.000	-0.254
498.000	-0.260
499.000	-0.238
500.000	-0.215
501.000	-0.227
502.000	-0.355
503.000	-0.305
504.000	-0.357
505.000	-0.287
506.000	-0.372
507.000	-0.325
508.000	-0.361
509.000	-0.330
510.000	-0.291
511.000	-0.261
512.000	-0.248
513.000	-0.250
514.000	-0.268
515.000	-0.261
516.000	-0.228
517.000	-0.248
518.000	-0.206
519.000	-0.240
520.000	-0.256
521.000	-0.283
522.000	-0.215
523.000	-0.201
524.000	-0.230
525.000	-0.222
526.000	-0.190
527.000	-0.210
528.000	-0.193
529.000	-0.184
530.000	-0.170
531.000	-0.183
532.000	-0.153
533.000	-0.158
534.000	-0.192
535.000	-0.102
536.000	-0.211
537.000	-0.206
538.000	-0.245
539.000	-0.288
540.000	-0.266
541.000	-0.279
542.000	-0.322
543.000	-0.348
544.000	-0.350
545.000	-0.345
546.000	-0.357
547.000	-0.360
548.000	-0.324
549.000	-0.329
550.000	-0.304
551.000	-0.250
552.000	-0.258
553.000	-0.210
554.000	-0.194
555.000	-0.207
556.000	-0.214
557.000	-0.211
558.000	-0.296
559.000	-0.262
560.000	-0.235
561.000	-0.246
562.000	-0.228
563.000	-0.197
564.000	-0.227
565.000	-0.164
566.000	-0.165
567.000	-0.200
568.000	-0.204
569.000	-0.190
570.000	-0.164
571.000	-0.143
572.000	-0.141
573.000	-0.147
574.000	-0.179
575.000	-0.142
576.000	-0.170
577.000	-0.247
578.000	-0.298
579.000	-0.307
580.000	-0.322
581.000	-0.348
582.000	-0.307
583.000	-0.373
584.000	-0.382
585.000	-0.353
586.000	-0.383
587.000	-0.399
588.000	-0.418
589.000	-0.351
590.000	-0.298
591.000	-0.257
592.000	-0.216
593.000	-0.227
594.000	-0.209
595.000	-0.236
596.000	-0.238
597.000	-0.232
598.000	-0.203
599.000	-0.232
600.000	-0.226
601.000	-0.242
602.000	-0.272
603.000	-0.246
604.000	-0.194
605.000	-0.135
606.000	-0.139
607.000	-0.155
608.000	-0.180
609.000	-0.104
610.000	-0.129
611.000	-0.139
612.000	-0.156
613.000	-0.159
614.000	-0.175
615.000	-0.203
616.000	-0.232
617.000	-0.348
618.000	-0.308
619.000	-0.323
620.000	-0.386
621.000	-0.449
622.000	-0.460
623.000	-0.432
624.000	-0.388
625.000	-0.464
626.000	-0.416
627.000	-0.393
628.000	-0.384
629.000	-0.362
630.000	-0.326
631.000	-0.278
632.000	-0.257
633.000	-0.232
634.000	-0.186
635.000	-0.186
636.000	-0.119
637.000	-0.162
638.000	-0.163
639.000	-0.158
640.000	-0.161
641.000	-0.191
642.000	-0.173
643.000	-0.141
644.000	-0.192
645.000	-0.095
646.000	-0.147
647.000	-0.127
648.000	-0.113
649.000	-0.167
650.000	-0.157
651.000	-0.130
652.000	-0.166
653.000	-0.189
654.000	-0.212
655.000	-0.220
656.000	-0.270
657.000	-0.319
658.000	-0.342
659.000	-0.354
660.000	-0.417
661.000	-0.490
662.000	-0.432
663.000	-0.447
664.000	-0.473
665.000	-0.464
666.000	-0.416
667.000	-0.427
668.000	-0.415
669.000	-0.378
670.000	-0.336
671.000	-0.232
672.000	-0.238
673.000	-0.216
674.000	-0.196
675.000	-0.166
676.000	-0.187
677.000	-0.125
678.000	-0.095
679.000	-0.136
680.000	-0.140
681.000	-0.117
682.000	-0.105
683.000	-0.101
684.000	-0.113
685.000	-0.106
686.000	-0.116
687.000	-0.087
688.000	-0.040
689.000	-0.068
690.000	-0.102
691.000	-0.115
692.000	-0.126
693.000	-0.188
694.000	-0.191
695.000	-0.218
696.000	-0.240
697.000	-0.279
698.000	-0.343
699.000	-0.420
700.000	-0.472
701.000	-0.490
702.000	-0.534
703.000	-0.510
704.000	-0.520
705.000	-0.497
706.000	-0.514
707.000	-0.484
708.000	-0.431
709.000	-0.429
710.000	-0.345
711.000	-0.295
712.000	-0.239
713.000	-0.234
714.000	-0.218
715.000	-0.203
716.000	-0.179
717.000	-0.136
718.000	-0.109
719.000	-0.118
720.000	-0.069
721.000	-0.049
722.000	-0.034
723.000	-0.046
724.000	-0.023
725.000	0.059
726.000	0.002
727.000	-0.049
728.000	-0.089
729.000	-0.057
730.000	-0.103
731.000	-0.085
732.000	-0.078
733.000	-0.118
734.000	-0.170
735.000	-0.207
736.000	-0.326
737.000	-0.436
738.000	-0.486
739.000	-0.441
740.000	-0.462
741.000	-0.551
742.000	-0.534
743.000	-0.526
744.000	-0.572
745.000	-0.566
746.000	-0.552
747.000	-0.526
748.000	-0.466
749.000	-0.440
750.000	-0.347
751.000	-0.373
752.000	-0.364
753.000	-0.299
754.000	-0.276
755.000	-0.209
756.000	-0.228
757.000	-0.184
758.000	-0.125
759.000	-0.148
760.000	-0.142
761.000	-0.136
762.000	-0.035
763.000	0.032
764.000	-0.025
765.000	0.011
766.000	-0.003
767.000	0.007
768.000	-0.015
769.000	-0.009
770.000	-0.000
771.000	-0.055
772.000	-0.136
773.000	-0.166
774.000	-0.190
775.000	-0.234
776.000	-0.337
777.000	-0.355
778.000	-0.412
779.000	-0.459
780.000	-0.508
781.000	-0.485
782.000	-0.470
783.000	-0.560
784.000	-0.531
785.000	-0.492
786.000	-0.509
787.000	-0.496
788.000	-0.452
789.000	-0.437
790.000	-0.343
791.000	-0.332
792.000	-0.265
793.000	-0.240
794.000	-0.224
795.000	-0.270
796.000	-0.156
797.000	-0.203
798.000	-0.100
799.000	-0.159
800.000	-0.136
801.000	-0.126
802.000	-0.069
803.000	-0.028
804.000	-0.007
805.000	-0.000
806.000	0.040
807.000	0.021
808.000	-0.039
809.000	-0.100
810.000	-0.069
811.000	-0.051
812.000	-0.091
813.000	-0.167
814.000	-0.180
815.000	-0.215
816.000	-0.298
817.000	-0.384
818.000	-0.391
819.000	-0.436
820.000	-0.518
821.000	-0.532
822.000	-0.523
823.000	-0.507
824.000	-0.544
825.000	-0.574
826.000	-0.516
827.000	-0.516
828.000	-0.457
829.000	-0.451
830.000	-0.321
831.000	-0.278
832.000	-0.226
833.000	-0.241
834.000	-0.210
835.000	-0.168
836.000	-0.152
837.000	-0.136
838.000	-0.113
839.000	-0.076
840.000	-0.102
841.000	-0.129
842.000	-0.087
843.000	-0.117
844.000	-0.116
845.000	-0.078
846.000	-0.071
847.000	-0.098
848.000	-0.128
849.000	-0.110
850.000	-0.128
851.000	-0.134
852.000	-0.144
853.000	-0.191
854.000	-0.242
855.000	-0.241
856.000	-0.275
857.000	-0.363
858.000	-0.417
859.000	-0.467
860.000	-0.453
861.000	-0.485
862.000	-0.508
863.000	-0.501
864.000	-0.499
865.000	-0.445
866.000	-0.389
867.000	-0.382
868.000	-0.389
869.000	-0.360
870.000	-0.268
871.000	-0.195
872.000	-0.200
873.000	-0.152
874.000	-0.147
875.000	-0.145
876.000	-0.160
877.000	-0.140
878.000	-0.116
879.000	-0.118
880.000	-0.148
881.000	-0.137
882.000	-0.114
883.000	-0.152
884.000	-0.157
885.000	-0.129
886.000	-0.102
887.000	-0.139
888.000	-0.191
889.000	-0.262
890.000	-0.193
891.000	-0.202
892.000	-0.208
893.000	-0.220
894.000	-0.271
895.000	-0.343
896.000	-0.299
897.000	-0.411
898.000	-0.414
899.000	-0.416
900.000	-0.416
901.000	-0.418
902.000	-0.410
903.000	-0.391
904.000	-0.403
905.000	-0.367
906.000	-0.333
907.000	-0.309
908.000	-0.340
909.000	-0.271
910.000	-0.199
911.000	-0.191
912.000	-0.231
913.000	-0.156
914.000	-0.178
915.000	-0.107
916.000	-0.156
917.000	-0.104
918.000	-0.158
919.000	-0.173
920.000	-0.206
921.000	-0.146
922.000	-0.205
923.000	-0.240
924.000	-0.252
925.000	-0.196
926.000	-0.200
927.000	-0.315
928.000	-0.315
929.000	-0.286
930.000	-0.267
931.000	-0.270
932.000	-0.282
933.000	-0.250
934.000	-0.227
935.000	-0.349
936.000	-0.345
937.000	-0.346
938.000	-0.382
939.000	-0.353
940.000	-0.410
941.000	-0.362
942.000	-0.316
943.000	-0.393
944.000	-0.379
945.000	-0.367
946.000	-0.316
947.000	-0.261
948.000	-0.254
949.000	-0.171
950.000	-0.144
951.000	-0.133
952.000	-0.118
953.000	-0.085
954.000	-0.085
955.000	-0.062
956.000	-0.090
957.000	-0.121
958.000	-0.107
959.000	-0.120
960.000	-0.159
961.000	-0.199
962.000	-0.275
963.000	-0.251
964.000	-0.264
965.000	-0.217
966.000	-0.274
967.000	-0.282
968.000	-0.300
969.000	-0.354
970.000	-0.310
971.000	-0.295
972.000	-0.291
973.000	-0.297
974.000	-0.319
975.000	-0.394
976.000	-0.371
977.000	-0.343
978.000	-0.345
979.000	-0.335
980.000	-0.401
981.000	-0.375
982.000	-0.358
983.000	-0.343
984.000	-0.303
985.000	-0.261
986.000	-0.212
987.000	-0.194
988.000	-0.229
989.000	-0.196
990.000	-0.160
991.000	-0.089
992.000	-0.023
993.000	-0.077
994.000	-0.061
995.000	0.001
996.000	-0.062
997.000	-0.125
998.000	-0.136
999.000	-0.168
1000.000	-0.224
1001.000	-0.244
1002.000	-0.270
1003.000	-0.251
1004.000	-0.301
1005.000	-0.330
1006.000	-0.345
1007.000	-0.389
1008.000	-0.367
1009.000	-0.359
1010.000	-0.344
1011.000	-0.318
1012.000	-0.324
1013.000	-0.352
1014.000	-0.331
1015.000	-0.332
1016.000	-0.341
1017.000	-0.321
1018.000	-0.368
1019.000	-0.418
1020.000	-0.311
1021.000	-0.354
1022.000	-0.327
1023.000	-0.300
1024.000	-0.304
1025.000	-0.372
1026.000	-0.286
1027.000	-0.277
1028.000	-0.204
1029.000	-0.199
1030.000	-0.173
1031.000	-0.182
1032.000	-0.088
1033.000	-0.096
1034.000	-0.096
1035.000	-0.085
1036.000	-0.087
1037.000	-0.097
1038.000	-0.112
1039.000	-0.111
1040.000	-0.161
1041.000	-0.222
1042.000	-0.286
1043.000	-0.255
1044.000	-0.326
1045.000	-0.370
1046.000	-0.341
1047.000	-0.322
1048.000	-0.328
1049.000	-0.351
1050.000	-0.415
1051.000	-0.386
1052.000	-0.318
1053.000	-0.284
1054.000	-0.315
1055.000	-0.310
1056.000	-0.270
1057.000	-0.302
1058.000	-0.338
1059.000	-0.351
1060.000	-0.322
1061.000	-0.340
1062.000	-0.275
1063.000	-0.308
1064.000	-0.273
1065.000	-0.250
1066.000	-0.260
1067.000	-0.259
1068.000	-0.195
1069.000	-0.173
1070.000	-0.155
1071.000	-0.127
1072.000	-0.139
1073.000	-0.081
1074.000	-0.143
1075.000	-0.036
1076.000	-0.069
1077.000	-0.145
1078.000	-0.177
1079.000	-0.229
1080.000	-0.275
1081.000	-0.262
1082.000	-0.229
1083.000	-0.222
1084.000	-0.237
1085.000	-0.258
1086.000	-0.318
1087.000	-0.348
1088.000	-0.393
1089.000	-0.365
1090.000	-0.372
1091.000	-0.319
1092.000	-0.279
1093.000	-0.213
1094.000	-0.273
1095.000	-0.236
1096.000	-0.248
1097.000	-0.272
1098.000	-0.341
1099.000	-0.346
1100.000	-0.294
1101.000	-0.249
1102.000	-0.267
1103.000	-0.318
1104.000	-0.258
1105.000	-0.225
1106.000	-0.235
1107.000	-0.249
1108.000	-0.161
1109.000	-0.194
1110.000	-0.226
1111.000	-0.221
1112.000	-0.171
1113.000	-0.171
1114.000	-0.187
1115.000	-0.197
1116.000	-0.199
1117.000	-0.225
1118.000	-0.213
1119.000	-0.237
1120.000	-0.261
1121.000	-0.229
1122.000	-0.296
1123.000	-0.293
1124.000	-0.271
1125.000	-0.301
1126.000	-0.269
1127.000	-0.268
1128.000	-0.288
1129.000	-0.270
1130.000	-0.267
1131.000	-0.244
1132.000	-0.194
1133.000	-0.174
1134.000	-0.200
1135.000	-0.129
1136.000	-0.215
1137.000	-0.277
1138.000	-0.242
1139.000	-0.275
1140.000	-0.263
1141.000	-0.308
1142.000	-0.293
1143.000	-0.317
1144.000	-0.278
1145.000	-0.274
1146.000	-0.269
1147.000	-0.266
1148.000	-0.287
1149.000	-0.297
1150.000	-0.198
1151.000	-0.213
1152.000	-0.187
1153.000	-0.175
1154.000	-0.169
1155.000	-0.162
1156.000	-0.204
1157.000	-0.225
1158.000	-0.221
1159.000	-0.260
1160.000	-0.341
1161.000	-0.343
1162.000	-0.218
1163.000	-0.230
1164.000	-0.214
1165.000	-0.244
1166.000	-0.285
1167.000	-0.235
1168.000	-0.199
1169.000	-0.221
1170.000	-0.255
1171.000	-0.181
1172.000	-0.163
1173.000	-0.166
1174.000	-0.155
1175.000	-0.191
1176.000	-0.213
1177.000	-0.212
1178.000	-0.247
1179.000	-0.214
1180.000	-0.260
1181.000	-0.281
1182.000	-0.261
1183.000	-0.310
1184.000	-0.313
1185.000	-0.317
1186.000	-0.276
1187.000	-0.296
1188.000	-0.279
1189.000	-0.258
1190.000	-0.210
1191.000	-0.193
1192.000	-0.176
1193.000	-0.246
1194.000	-0.198
1195.000	-0.187
1196.000	-0.231
1197.000	-0.283
1198.000	-0.249
1199.000	-0.287
1200.000	-0.279
1201.000	-0.265
1202.000	-0.274
1203.000	-0.226
1204.000	-0.271
1205.000	-0.262
1206.000	-0.240
1207.000	-0.217
1208.000	-0.249
1209.000	-0.190
1210.000	-0.167
1211.000	-0.212
1212.000	-0.167
1213.000	-0.157
1214.000	-0.215
1215.000	-0.192
1216.000	-0.196
1217.000	-0.202
1218.000	-0.202
1219.000	-0.273
1220.000	-0.298
1221.000	-0.340
1222.000	-0.349
1223.000	-0.347
1224.000	-0.345
1225.000	-0.314
1226.000	-0.302
1227.000	-0.325
1228.000	-0.322
1229.000	-0.253
1230.000	-0.209
1231.000	-0.261
1232.000	-0.223
1233.000	-0.186
1234.000	-0.217
1235.000	-0.261
1236.000	-0.264
1237.000	-0.279
1238.000	-0.328
1239.000	-0.254
1240.000	-0.284
1241.000	-0.298
1242.000	-0.280
1243.000	-0.258
1244.000	-0.258
1245.000	-0.252
1246.000	-0.276
1247.000	-0.261
1248.000	-0.192
1249.000	-0.250
1250.000	-0.246
1251.000	-0.205
1252.000	-0.110
1253.000	-0.107
1254.000	-0.104
1255.000	-0.150
1256.000	-0.220
1257.000	-0.237
1258.000	-0.303
1259.000	-0.304
1260.000	-0.315
1261.000	-0.293
1262.000	-0.290
1263.000	-0.287
1264.000	-0.254
1265.000	-0.238
1266.000	-0.258
1267.000	-0.271
1268.000	-0.260
1269.000	-0.249
1270.000	-0.235
1271.000	-0.181
1272.000	-0.126
1273.000	-0.212
1274.000	-0.163
1275.000	-0.161
1276.000	-0.222
1277.000	-0.259
1278.000	-0.265
1279.000	-0.265
1280.000	-0.239
1281.000	-0.314
1282.000	-0.372
1283.000	-0.340
1284.000	-0.338
1285.000	-0.296
1286.000	-0.345
1287.000	-0.270
1288.000	-0.281
1289.000	-0.274
1290.000	-0.247
1291.000	-0.240
1292.000	-0.244
1293.000	-0.264
1294.000	-0.279
1295.000	-0.348
1296.000	-0.291
1297.000	-0.311
1298.000	-0.322
1299.000	-0.342
1300.000	-0.285
1301.000	-0.309
1302.000	-0.286
1303.000	-0.267
1304.000	-0.247
1305.000	-0.217
1306.000	-0.208
1307.000	-0.185
1308.000	-0.159
1309.000	-0.161
1310.000	-0.179
1311.000	-0.136
1312.000	-0.096
1313.000	-0.112
1314.000	-0.114
1315.000	-0.123
1316.000	-0.153
1317.000	-0.175
1318.000	-0.266
1319.000	-0.233
1320.000	-0.306
1321.000	-0.323
1322.000	-0.345
1323.000	-0.335
1324.000	-0.287
1325.000	-0.302
1326.000	-0.355
1327.000	-0.349
1328.000	-0.305
1329.000	-0.293
1330.000	-0.302
1331.000	-0.292
1332.000	-0.238
1333.000	-0.296
1334.000	-0.368
1335.000	-0.352
1336.000	-0.349
1337.000	-0.329
1338.000	-0.376
1339.000	-0.313
1340.000	-0.355
1341.000	-0.330
1342.000	-0.322
1343.000	-0.219
1344.000	-0.214
1345.000	-0.138
1346.000	-0.100
1347.000	-0.092
1348.000	-0.140
1349.000	-0.062
1350.000	-0.074
1351.000	-0.016
1352.000	0.014
1353.000	0.001
1354.000	-0.062
1355.000	-0.114
1356.000	-0.145
1357.000	-0.170
1358.000	-0.221
1359.000	-0.278
1360.000	-0.273
1361.000	-0.268
1362.000	-0.262
1363.000	-0.354
1364.000	-0.352
1365.000	-0.384
1366.000	-0.430
1367.000	-0.462
1368.000	-0.439
1369.000	-0.363
1370.000	-0.383
1371.000	-0.382
1372.000	-0.353
1373.000	-0.397
1374.000	-0.379
1375.000	-0.408
1376.000	-0.345
1377.000	-0.355
1378.000	-0.359
1379.000	-0.302
1380.000	-0.262
1381.000	-0.256
1382.000	-0.278
1383.000	-0.242
1384.000	-0.141
1385.000	-0.101
1386.000	-0.135
1387.000	-0.064
1388.000	0.016
1389.000	0.054
1390.000	-0.016
1391.000	0.001
1392.000	-0.028
1393.000	0.024
1394.000	-0.071
1395.000	-0.064
1396.000	-0.100
1397.000	-0.166
1398.000	-0.204
1399.000	-0.254
1400.000	-0.264
1401.000	-0.326
1402.000	-0.402
1403.000	-0.365
1404.000	-0.367
1405.000	-0.419
1406.000	-0.441
1407.000	-0.419
1408.000	-0.407
1409.000	-0.397
1410.000	-0.399
1411.000	-0.453
1412.000	-0.445
1413.000	-0.431
1414.000	-0.412
1415.000	-0.417
1416.000	-0.408
1417.000	-0.410
1418.000	-0.384
1419.000	-0.345
1420.000	-0.287
1421.000	-0.254
1422.000	-0.191
1423.000	-0.215
1424.000	-0.156
1425.000	-0.103
1426.000	-0.082
1427.000	0.005
1428.000	0.070
1429.000	0.059
1430.000	0.043
1431.000	0.044
1432.000	0.108
1433.000	0.089
1434.000	-0.023
1435.000	-0.084
1436.000	-0.112
1437.000	-0.232
1438.000	-0.243
1439.000	-0.273
1440.000	-0.299
1441.000	-0.309
1442.000	-0.317
1443.000	-0.348
1444.000	-0.379
1445.000	-0.404
1446.000	-0.485
1447.000	-0.452
1448.000	-0.435
1449.000	-0.458
1450.000	-0.436
1451.000	-0.465
1452.000	-0.456
1453.000	-0.446
1454.000	-0.405
1455.000	-0.489
1456.000	-0.489
1457.000	-0.359
1458.000	-0.351
1459.000	-0.377
1460.000	-0.290
1461.000	-0.254
1462.000	-0.171
1463.000	-0.151
1464.000	-0.127
1465.000	-0.032
1466.000	-0.029
1467.000	-0.065
1468.000	0.018
1469.000	0.063
1470.000	0.119
1471.000	0.078
1472.000	0.066
1473.000	0.051
1474.000	0.025
1475.000	-0.046
1476.000	-0.126
1477.000	-0.173
1478.000	-0.218
1479.000	-0.283
1480.000	-0.332
1481.000	-0.376
1482.000	-0.357
1483.000	-0.413
1484.000	-0.502
1485.000	-0.490
1486.000	-0.485
1487.000	-0.484
1488.000	-0.465
1489.000	-0.482
1490.000	-0.499
1491.000	-0.435
1492.000	-0.386
1493.000	-0.428
1494.000	-0.409
1495.000	-0.386
1496.000	-0.427
1497.000	-0.389
1498.000	-0.321
1499.000	-0.321
1500.000	-0.325
1501.000	-0.207
1502.000	-0.173
1503.000	-0.175
1504.000	-0.137
1505.000	-0.069
1506.000	-0.023
1507.000	-0.018
1508.000	-0.018
1509.000	0.049
1510.000	0.092
1511.000	0.058
1512.000	0.069
1513.000	0.041
1514.000	-0.036
1515.000	-0.122
1516.000	-0.123
1517.000	-0.134
1518.000	-0.180
1519.000	-0.250
1520.000	-0.307
1521.000	-0.353
1522.000	-0.360
1523.000	-0.411
1524.000	-0.477
1525.000	-0.440
1526.000	-0.433
1527.000	-0.458
1528.000	-0.454
1529.000	-0.391
1530.000	-0.329
1531.000	-0.314
1532.000	-0.397
1533.000	-0.373
1534.000	-0.363
1535.000	-0.367
1536.000	-0.297
1537.000	-0.277
1538.000	-0.210
1539.000	-0.248
1540.000	-0.256
1541.000	-0.192
1542.000	-0.137
1543.000	-0.125
1544.000	-0.071
1545.000	-0.074
1546.000	-0.077
1547.000	-0.088
1548.000	-0.052
1549.000	-0.008
1550.000	-0.011
1551.000	-0.026
1552.000	-0.049
1553.000	-0.126
1554.000	-0.100
1555.000	-0.181
1556.000	-0.221
1557.000	-0.255
1558.000	-0.347
1559.000	-0.357
1560.000	-0.401
1561.000	-0.401
1562.000	-0.414
1563.000	-0.398
1564.000	-0.443
1565.000	-0.368
1566.000	-0.374
1567.000	-0.423
1568.000	-0.387
1569.000	-0.355
1570.000	-0.339
1571.000	-0.342
1572.000	-0.323
1573.000	-0.311
1574.000	-0.308
1575.000	-0.247
1576.000	-0.240
1577.000	-0.205
1578.000	-0.165
1579.000	-0.214
1580.000	-0.206
1581.000	-0.144
1582.000	-0.134
1583.000	-0.079
1584.000	-0.079
1585.000	-0.078
1586.000	-0.079
1587.000	-0.063
1588.000	-0.029
1589.000	-0.036
1590.000	-0.046
1591.000	-0.061
1592.000	-0.077
1593.000	-0.196
1594.000	-0.188
1595.000	-0.267
1596.000	-0.336
1597.000	-0.406
1598.000	-0.422
1599.000	-0.407
1600.000	-0.523
1601.000	-0.487
1602.000	-0.469
1603.000	-0.480
1604.000	-0.437
1605.000	-0.432
1606.000	-0.425
1607.000	-0.350
1608.000	-0.314
1609.000	-0.279
1610.000	-0.280
1611.000	-0.280
1612.000	-0.191
1613.000	-0.190
1614.000	-0.198
1615.000	-0.232
1616.000	-0.199
1617.000	-0.159
1618.000	-0.194
1619.000	-0.169
1620.000	-0.209
1621.000	-0.148
1622.000	-0.118
1623.000	-0.095
1624.000	-0.089
1625.000	-0.087
1626.000	-0.147
1627.000	-0.082
1628.000	-0.117
1629.000	-0.084
1630.000	-0.082
1631.000	-0.101
1632.000	-0.140
1633.000	-0.162
1634.000	-0.257
1635.000	-0.280
1636.000	-0.327
1637.000	-0.373
1638.000	-0.403
1639.000	-0.400
1640.000	-0.418
1641.000	-0.493
1642.000	-0.492
1643.000	-0.502
1644.000	-0.428
1645.000	-0.392
1646.000	-0.405
1647.000	-0.403
1648.000	-0.360
1649.000	-0.261
1650.000	-0.273
1651.000	-0.222
1652.000	-0.165
1653.000	-0.205
1654.000	-0.179
1655.000	-0.134
1656.000	-0.176
1657.000	-0.097
1658.000	-0.108
1659.000	-0.094
1660.000	-0.122
1661.000	-0.115
1662.000	-0.086
1663.000	-0.105
1664.000	-0.052
1665.000	-0.046
1666.000	-0.068
1667.000	-0.114
1668.000	-0.104
1669.000	-0.123
1670.000	-0.185
1671.000	-0.170
1672.000	-0.181
1673.000	-0.280
1674.000	-0.309
1675.000	-0.280
1676.000	-0.413
1677.000	-0.406
1678.000	-0.496
1679.000	-0.479
1680.000	-0.485
1681.000	-0.477
1682.000	-0.497
1683.000	-0.543
1684.000	-0.473
1685.000	-0.468
1686.000	-0.449
1687.000	-0.442
1688.000	-0.461
1689.000	-0.365
1690.000	-0.322
1691.000	-0.249
1692.000	-0.219
1693.000	-0.159
1694.000	-0.153
1695.000	-0.142
1696.000	-0.088
1697.000	-0.077
1698.000	-0.101
1699.000	-0.137
1700.000	-0.113
1701.000	-0.073
1702.000	-0.051
1703.000	-0.158
1704.000	-0.121
1705.000	-0.081
1706.000	-0.116
1707.000	-0.128
1708.000	-0.145
1709.000	-0.177
1710.000	-0.184
1711.000	-0.196
1712.000	-0.193
1713.000	-0.297
1714.000	-0.275
1715.000	-0.254
1716.000	-0.292
1717.000	-0.323
1718.000	-0.364
1719.000	-0.398
1720.000	-0.423
1721.000	-0.485
1722.000	-0.407
1723.000	-0.396
1724.000	-0.404
1725.000	-0.411
1726.000	-0.395
1727.000	-0.358
1728.000	-0.339
1729.000	-0.341
1730.000	-0.246
1731.000	-0.209
1732.000	-0.173
1733.000	-0.140
1734.000	-0.132
1735.000	-0.130
1736.000	-0.148
1737.000	-0.157
1738.000	-0.121
1739.000	-0.137
1740.000	-0.154
1741.000	-0.166
1742.000	-0.176
1743.000	-0.159
1744.000	-0.110
1745.000	-0.084
1746.000	-0.117
1747.000	-0.168
1748.000	-0.185
1749.000	-0.135
1750.000	-0.109
1751.000	-0.102
1752.000	-0.157
1753.000	-0.187
1754.000	-0.210
1755.000	-0.252
1756.000	-0.278
1757.000	-0.311
1758.000	-0.359
1759.000	-0.353
1760.000	-0.358
1761.000	-0.375
1762.000	-0.423
1763.000	-0.445
1764.000	-0.427
1765.000	-0.402
1766.000	-0.397
1767.000	-0.389
1768.000	-0.355
1769.000	-0.374
1770.000	-0.302
1771.000	-0.275
1772.000	-0.229
1773.000	-0.196
1774.000	-0.213
1775.000	-0.195
1776.000	-0.162
1777.000	-0.221
1778.000	-0.209
1779.000	-0.229
1780.000	-0.181
1781.000	-0.160
1782.000	-0.258
1783.000	-0.168
1784.000	-0.206
1785.000	-0.159
1786.000	-0.116
1787.000	-0.131
1788.000	-0.166
1789.000	-0.151
1790.000	-0.169
1791.000	-0.164
1792.000	-0.138
1793.000	-0.116
1794.000	-0.167
1795.000	-0.178
1796.000	-0.236
1797.000	-0.284
1798.000	-0.308
1799.000	-0.374
1800.000	-0.386
1801.000	-0.344
1802.000	-0.425
1803.000	-0.404
1804.000	-0.376
1805.000	-0.396
1806.000	-0.393
1807.000	-0.371
1808.000	-0.406
1809.000	-0.354
1810.000	-0.293
1811.000	-0.312
1812.000	-0.302
1813.000	-0.224
1814.000	-0.194
1815.000	-0.229
1816.000	-0.257
1817.000	-0.237
1818.000	-0.261
1819.000	-0.265
1820.000	-0.288
1821.000	-0.238
1822.000	-0.196
1823.000	-0.225
1824.000	-0.230
1825.000	-0.200
1826.000	-0.210
1827.000	-0.242
1828.000	-0.234
1829.000	-0.183
1830.000	-0.172
1831.000	-0.111
1832.000	-0.109
1833.000	0.012
1834.000	-0.128
1835.000	-0.096
1836.000	-0.134
1837.000	-0.149
1838.000	-0.188
1839.000	-0.197
1840.000	-0.261
1841.000	-0.226
1842.000	-0.274
1843.000	-0.317
1844.000	-0.319
1845.000	-0.326
1846.000	-0.307
1847.000	-0.292
1848.000	-0.318
1849.000	-0.331
1850.000	-0.344
1851.000	-0.304
1852.000	-0.293
1853.000	-0.308
1854.000	-0.278
1855.000	-0.241
1856.000	-0.239
1857.000	-0.244
1858.000	-0.220
1859.000	-0.283
1860.000	-0.239
1861.000	-0.334
1862.000	-0.300
1863.000	-0.325
1864.000	-0.258
1865.000	-0.224
1866.000	-0.191
1867.000	-0.258
1868.000	-0.202
1869.000	-0.211
1870.000	-0.221
1871.000	-0.174
1872.000	-0.130
1873.000	-0.109
1874.000	-0.044
1875.000	-0.210
1876.000	-0.168
1877.000	-0.165
1878.000	-0.182
1879.000	-0.223
1880.000	-0.264
1881.000	-0.268
1882.000	-0.265
1883.000	-0.275
1884.000	-0.284
1885.000	-0.326
1886.000	-0.341
1887.000	-0.301
1888.000	-0.345
1889.000	-0.374
1890.000	-0.342
1891.000	-0.313
1892.000	-0.359
1893.000	-0.314
1894.000	-0.275
1895.000	-0.281
1896.000	-0.283
1897.000	-0.294
1898.000	-0.244
1899.000	-0.263
1900.000	-0.283
1901.000	-0.327
1902.000	-0.325
1903.000	-0.322
1904.000	-0.293
1905.000	-0.300
1906.000	-0.263
1907.000	-0.227
1908.000	-0.208
1909.000	-0.210
1910.000	-0.247
1911.000	-0.235
1912.000	-0.225
1913.000	-0.197
1914.000	-0.122
1915.000	-0.118
1916.000	-0.153
1917.000	-0.185
1918.000	-0.217
1919.000	-0.254
1920.000	-0.292
1921.000	-0.274
1922.000	-0.260
1923.000	-0.284
1924.000	-0.271
1925.000	-0.349
1926.000	-0.290
1927.000	-0.306
1928.000	-0.308
1929.000	-0.306
1930.000	-0.305
1931.000	-0.307
1932.000	-0.266
1933.000	-0.214
1934.000	-0.199
1935.000	-0.224
1936.000	-0.218
1937.000	-0.189
1938.000	-0.217
1939.000	-0.248
1940.000	-0.285
1941.000	-0.287
1942.000	-0.275
1943.000	-0.295
1944.000	-0.282
1945.000	-0.268
1946.000	-0.255
1947.000	-0.269
1948.000	-0.178
1949.000	-0.192
1950.000	-0.208
1951.000	-0.170
1952.000	-0.122
1953.000	-0.164
1954.000	-0.140
1955.000	-0.110
1956.000	-0.159
1957.000	-0.152
1958.000	-0.172
1959.000	-0.223
1960.000	-0.249
1961.000	-0.271
1962.000	-0.281
1963.000	-0.304
1964.000	-0.330
1965.000	-0.355
1966.000	-0.321
1967.000	-0.302
1968.000	-0.321
1969.000	-0.327
1970.000	-0.396
1971.000	-0.373
1972.000	-0.331
1973.000	-0.205
1974.000	-0.161
1975.000	-0.176
1976.000	-0.226
1977.000	-0.172
1978.000	-0.164
1979.000	-0.222
1980.000	-0.307
1981.000	-0.268
1982.000	-0.236
1983.000	-0.206
1984.000	-0.195
1985.000	-0.306
1986.000	-0.265
1987.000	-0.246
1988.000	-0.189
1989.000	-0.245
1990.000	-0.247
1991.000	-0.235
1992.000	-0.229
1993.000	-0.231
1994.000	-0.245
1995.000	-0.238
1996.000	-0.231
1997.000	-0.224
1998.000	-0.217
1999.000	-0.264
