1000.000	73.060
1000.000	0.009
1000.000	0.011
1000.000	0.003
1000.000	0.002
1000.000	0.003
1000.000	0.011
1000.000	0.001
1000.000	0.002
1000.000	0.001
1000.000	0.009
1000.000	0.007
1000.000	0.001
1000.000	0.005
1000.000	0.012
1000.000	0.003
1000.000	0.011
1000.000	0.014
1000.000	0.018
1000.000	0.009
1000.000	0.008
1000.000	0.006
1000.000	0.007
1000.000	0.001
1000.000	0.003
1000.000	0.006
1000.000	0.001
1000.000	0.005
1000.000	0.005
1000.000	0.003
1000.000	0.020
1000.000	0.010
1000.000	0.003
1000.000	0.010
1000.000	0.006
1000.000	0.011
1000.000	0.011
1000.000	0.009
1000.000	0.032
1000.000	0.007
1000.000	0.007
1000.000	0.015
979.048	0.019
956.279	0.002
934.545	0.001
913.778	1.207
893.913	0.011
874.894	0.019
856.667	0.052
839.184	1.956
822.400	0.709
806.275	6.224
790.769	0.321
775.849	0.378
761.481	2.182
747.636	0.154
734.286	0.047
721.404	0.002
708.966	0.003
696.949	0.023
685.333	0.002
674.098	0.009
663.226	0.006
652.698	0.001
642.500	0.001
632.615	0.005
623.030	0.004
613.731	0.002
604.706	0.006
595.942	0.001
587.429	0.008
579.155	0.006
571.111	0.002
563.288	0.003
555.676	0.001
548.267	0.004
541.053	0.004
534.026	0.007
527.179	0.001
520.506	0.001
514.000	0.006
507.654	0.000
501.463	0.002
495.422	0.008
489.524	0.003
483.765	0.009
478.140	0.009
472.644	0.012
467.273	0.004
462.022	0.006
456.889	0.012
451.868	0.002
446.957	0.002
442.151	0.008
437.447	0.000
432.842	0.012
428.333	0.006
423.918	0.009
419.592	0.119
415.354	0.074
411.200	0.924
407.129	0.187
403.137	0.045
399.223	0.047
395.385	0.001
391.619	0.004
387.925	0.001
384.299	0.002
380.741	0.001
377.248	0.002
373.818	0.002
370.450	0.002
367.143	0.002
363.894	0.002
360.702	0.001
357.565	0.001
354.483	0.006
351.453	0.003
348.475	0.003
345.546	0.000
342.667	0.000
339.835	0.002
337.049	0.002
334.309	0.000
331.613	0.000
328.960	0.002
326.349	0.000
323.780	0.000
321.250	0.001
318.760	0.000
316.308	0.003
313.893	0.001
311.515	0.001
309.173	0.001
306.866	0.002
304.593	0.000
302.353	0.003
300.146	0.000
297.971	0.002
295.827	0.001
293.714	0.004
291.631	0.001
289.577	0.002
287.552	0.000
285.556	0.008
283.586	0.000
281.644	0.000
279.728	0.003
277.838	0.000
275.973	0.000
274.133	0.001
272.318	0.001
270.526	0.004
268.758	0.000
267.013	0.001
265.290	0.006
263.590	0.000
261.911	0.000
260.253	0.003
258.616	0.001
257.000	0.002
255.404	0.001
253.827	0.003
252.270	0.001
250.732	0.001
249.212	0.004
247.711	0.006
246.228	0.001
244.762	0.001
243.314	0.001
241.882	0.001
240.468	0.003
239.070	0.001
237.688	0.002
236.322	0.000
234.971	0.001
233.636	0.001
232.316	0.001
231.011	0.001
229.721	0.001
228.444	0.004
227.182	0.001
225.934	0.005
224.699	0.001
223.478	0.001
222.270	0.000
221.075	0.001
219.893	0.000
218.723	0.001
217.566	0.005
216.421	0.000
215.288	0.002
214.167	0.003
213.057	0.000
211.959	0.001
210.872	0.000
209.796	0.000
208.731	0.010
207.677	0.013
206.633	0.008
205.600	0.027
204.577	0.015
203.564	0.001
202.562	0.008
201.569	0.000
200.585	0.001
199.612	0.001
198.647	0.001
197.692	0.000
196.746	0.002
195.810	0.000
194.882	0.004
193.962	0.000
193.052	0.001
192.150	0.000
191.256	0.000
190.370	0.001
189.493	0.002
188.624	0.003
187.763	0.000
186.909	0.001
186.063	0.000
185.225	0.009
184.395	0.005
183.571	0.008
182.756	0.000
181.947	0.005
181.145	0.002
180.351	0.001
179.563	0.002
178.783	0.001
178.009	0.001
177.241	0.004
176.481	0.003
175.726	0.002
174.979	0.001
174.237	0.002
173.502	0.001
172.773	0.004
172.050	0.002
171.333	0.002
170.622	0.001
169.917	0.003
169.218	0.002
168.525	0.003
167.837	0.000
167.154	0.004
166.478	0.001
165.806	0.001
165.141	0.001
164.480	0.001
163.825	0.007
163.175	0.004
162.530	0.001
161.890	0.000
161.255	0.003
160.625	0.001
160.000	0.000
159.380	0.001
158.764	0.001
158.154	0.004
157.548	0.002
156.947	0.002
156.350	0.003
155.758	0.002
155.170	0.000
154.586	0.001
154.007	0.001
153.433	0.006
152.862	0.005
152.296	0.001
151.734	0.000
151.176	0.001
150.623	0.001
150.073	0.004
149.527	0.000
148.986	0.001
148.448	0.004
147.914	0.000
147.384	0.004
146.857	0.001
146.335	0.001
145.816	0.001
145.300	0.001
144.789	0.002
144.281	0.004
143.776	0.001
143.275	0.000
142.778	0.000
142.284	0.001
141.793	0.001
141.306	0.000
140.822	0.001
140.341	0.001
139.864	0.001
139.390	0.003
138.919	0.006
138.451	0.005
137.987	0.004
137.525	0.001
137.067	0.002
136.611	0.004
136.159	0.002
135.710	0.003
135.263	0.001
134.820	0.001
134.379	0.001
133.941	0.001
133.506	0.000
133.074	0.000
132.645	0.000
132.219	0.007
131.795	0.003
131.374	0.003
130.955	0.002
130.540	0.002
130.127	0.002
129.716	0.001
129.308	0.000
128.903	0.001
128.500	0.001
128.100	0.000
127.702	0.005
127.307	0.000
126.914	0.001
126.523	0.004
126.135	0.006
125.749	0.000
125.366	0.001
124.985	0.000
124.606	0.001
124.230	0.001
123.855	0.000
123.483	0.002
123.114	0.001
122.746	0.000
122.381	0.000
122.018	0.000
121.657	0.000
121.298	0.000
120.941	0.000
120.587	0.002
120.234	0.003
119.883	0.000
119.535	0.001
119.188	0.000
118.844	0.000
118.501	0.003
118.161	0.000
117.822	0.001
117.486	0.001
117.151	0.000
116.818	0.000
116.487	0.000
116.158	0.000
115.831	0.002
115.506	0.001
115.182	0.002
114.860	0.001
114.540	0.002
114.222	0.002
113.906	0.001
113.591	0.001
113.278	0.000
112.967	0.002
112.658	0.001
112.350	0.000
112.044	0.001
111.739	0.000
111.436	0.000
111.135	0.001
110.836	0.002
110.538	0.003
110.241	0.000
109.947	0.000
109.653	0.000
109.362	0.001
109.072	0.001
108.783	0.004
108.496	0.001
108.211	0.000
107.927	0.001
107.644	0.000
107.363	0.003
107.083	0.002
106.805	0.000
106.528	0.000
106.253	0.000
105.979	0.000
105.707	0.001
105.436	0.000
105.166	0.003
104.898	0.001
104.631	0.000
104.365	0.001
104.101	0.003
103.838	0.002
103.577	0.003
103.317	0.001
103.058	0.001
102.800	0.001
102.544	0.002
102.289	0.001
102.035	0.002
101.782	0.001
101.531	0.006
101.281	0.001
101.032	0.000
100.784	0.001
100.538	0.001
100.293	0.003
100.049	0.000
100.000	0.002
100.000	0.001
100.000	0.000
100.000	0.004
100.000	0.001
100.000	0.000
100.000	0.001
100.000	0.001
100.000	0.000
100.000	0.001
100.000	0.001
100.000	0.002
100.000	0.000
100.000	0.003
100.000	0.000
100.000	0.001
100.000	0.002
100.000	0.000
100.000	0.001
100.000	0.001
100.000	0.001
100.000	0.000
100.000	0.002
100.000	0.001
100.000	0.001
100.000	0.002
100.000	0.002
100.000	0.000
100.000	0.000
100.000	0.001
100.000	0.001
100.000	0.000
100.000	0.002
100.000	0.002
100.000	0.000
100.000	0.001
100.000	0.001
100.000	0.002
100.000	0.001
100.000	0.000
100.000	0.002
100.000	0.003
100.000	0.001
100.000	0.000
100.000	0.002
100.000	0.000
100.000	0.003
100.000	0.000
100.000	0.006
100.000	0.001
100.000	0.000
100.000	0.001
100.000	0.000
100.000	0.002
100.000	0.003
100.000	0.000
100.000	0.000
100.000	0.002
100.000	0.003
100.000	0.002
100.000	0.001
100.000	0.001
100.000	0.001
100.000	0.000
100.000	0.001
100.000	0.001
100.000	0.000
100.000	0.001
100.000	0.000
100.000	0.001
100.000	0.000
100.000	0.000
100.000	0.001
100.000	0.000
100.000	0.000
100.000	0.002
100.000	0.000
100.000	0.006
100.000	0.001
100.000	0.000
100.000	0.002
100.000	0.001
100.000	0.006
100.000	0.002
100.000	0.002
100.000	0.001
100.000	0.010
100.000	0.002
100.000	0.000
100.000	0.003
100.000	0.001
100.000	0.002
100.000	0.001
100.000	0.000
100.000	0.003
100.000	0.002
100.000	0.000
100.000	0.000
100.000	0.002
100.000	0.001
100.000	0.000
100.000	0.002
100.000	0.002
100.000	0.001
100.000	0.000
100.000	0.000
100.000	0.001
100.000	0.001
100.000	0.000
100.000	0.001
100.000	0.001
100.000	0.000
100.000	0.002
100.000	0.001
100.000	0.003
100.000	0.002
100.000	0.000
100.000	0.001
100.000	0.000
100.000	0.003
100.000	0.000
100.000	0.001
100.000	0.000
100.000	0.002
100.000	0.001
100.000	0.000
100.000	0.001
100.000	0.001
100.000	0.000
100.000	0.003
100.000	0.000
100.000	0.000
100.000	0.002
100.000	0.001
100.000	0.000
100.000	0.001
100.000	0.000
100.000	0.004
100.000	0.000
100.000	0.001
100.000	0.001
100.000	0.001
100.000	0.002
100.000	0.003
100.000	0.001
100.000	0.001
100.000	0.002
100.000	0.001
100.000	0.000
100.000	0.000
100.000	0.000
100.000	0.002
100.000	0.002
100.000	0.001
100.000	0.000
100.000	0.000
100.000	0.000
100.000	0.000
100.000	0.001
100.000	0.000
100.000	0.001
100.000	0.000
100.000	0.001
100.000	0.000
100.000	0.001
100.000	0.000
100.000	0.000
100.000	0.001
100.000	0.000
100.000	0.000
100.000	0.001
100.000	0.000
100.000	0.002
100.000	0.000
100.000	0.000
100.000	0.002
100.000	0.003
100.000	0.002
100.000	0.001
100.000	0.001
100.000	0.000
100.000	0.000
100.000	0.000
100.000	0.001
100.000	0.001
100.000	0.000
100.000	0.000
100.000	0.000
100.000	0.002
100.000	0.002
100.000	0.000
100.000	0.000
100.000	0.001
100.000	0.000
100.000	0.000
100.000	0.000
100.000	0.001
100.000	0.000
100.000	0.000
100.000	0.000
100.000	0.000
100.000	0.001
100.000	0.001
100.000	0.000
100.000	0.000
100.000	0.001
100.000	0.000
100.000	0.000
100.000	0.004
100.000	0.000
100.000	0.000
100.000	0.000
100.000	0.002
100.000	0.001
100.000	0.000
100.000	0.001
100.000	0.001
100.000	0.000
100.000	0.000
100.000	0.001
100.000	0.000
100.000	0.001
100.000	0.001
100.000	0.001
100.000	0.000
100.000	0.001
100.000	0.001
100.000	0.000
100.000	0.001
100.000	0.000
100.000	0.001
100.000	0.001
100.000	0.001
100.000	0.000
100.000	0.002
100.000	0.000
100.000	0.001
100.000	0.000
100.000	0.000
100.000	0.001
100.000	0.001
100.000	0.001
100.000	0.000
100.000	0.000
100.000	0.000
100.000	0.001
100.000	0.000
100.000	0.000
100.000	0.001
100.000	0.000
100.000	0.000
100.000	0.000
100.000	0.000
100.000	0.000
100.000	0.001
100.000	0.000
100.000	0.000
100.000	0.002
100.000	0.001
100.000	0.001
100.000	0.000
100.000	0.003
100.000	0.001
100.000	0.001
100.000	0.000
100.000	0.001
100.000	0.003
100.000	0.001
100.000	0.004
100.000	0.001
100.000	0.001
100.000	0.001
100.000	0.000
100.000	0.000
100.000	0.000
100.000	0.001
100.000	0.000
100.000	0.000
100.000	0.000
100.000	0.000
100.000	0.002
100.000	0.001
100.000	0.001
100.000	0.000
100.000	0.000
100.000	0.000
100.000	0.000
100.000	0.000
100.000	0.000
100.000	0.001
100.000	0.001
100.000	0.001
100.000	0.000
100.000	0.000
100.000	0.000
100.000	0.001
100.000	0.000
100.000	0.000
100.000	0.001
100.000	0.000
100.000	0.001
100.000	0.001
100.000	0.001
100.000	0.000
100.000	0.000
100.000	0.001
100.000	0.000
100.000	0.002
100.000	0.000
100.000	0.000
100.000	0.001
100.000	0.000
100.000	0.001
100.000	0.000
100.000	0.000
100.000	0.001
100.000	0.000
100.000	0.000
100.000	0.000
100.000	0.002
100.000	0.000
100.000	0.000
100.000	0.001
100.000	0.000
100.000	0.000
100.000	0.001
100.000	0.001
100.000	0.000
100.000	0.001
100.000	0.001
100.000	0.000
100.000	0.000
100.000	0.003
100.000	0.000
100.000	0.000
100.000	0.001
100.000	0.000
100.000	0.000
100.000	0.000
100.000	0.002
100.000	0.000
100.000	0.000
100.000	0.001
100.000	0.000
100.000	0.000
100.000	0.001
100.000	0.002
100.000	0.001
100.000	0.000
100.000	0.001
100.000	0.000
100.000	0.001
100.000	0.001
100.000	0.001
100.000	0.000
100.000	0.002
100.000	0.000
100.000	0.000
100.000	0.000
100.000	0.000
100.000	0.000
100.000	0.000
100.000	0.000
100.000	0.000
100.000	0.000
100.000	0.000
100.000	0.000
100.000	0.001
100.000	0.000
100.000	0.000
100.000	0.001
100.000	0.000
100.000	0.000
100.000	0.000
100.000	0.000
100.000	0.000
100.000	0.000
100.000	0.000
100.000	0.000
100.000	0.002
100.000	0.001
100.000	0.001
100.000	0.003
100.000	0.000
100.000	0.001
100.000	0.000
100.000	0.001
100.000	0.000
100.000	0.000
100.000	0.003
100.000	0.000
100.000	0.000
100.000	0.000
100.000	0.001
100.000	0.000
100.000	0.000
100.000	0.000
100.000	0.001
100.000	0.000
100.000	0.002
100.000	0.000
100.000	0.000
100.000	0.001
100.000	0.000
100.000	0.000
100.000	0.000
100.000	0.000
100.000	0.000
100.000	0.000
100.000	0.000
100.000	0.000
100.000	0.000
100.000	0.000
100.000	0.002
100.000	0.000
100.000	0.000
100.000	0.000
100.000	0.000
100.000	0.000
100.000	0.001
100.000	0.001
100.000	0.000
100.000	0.000
100.000	0.000
100.000	0.000
100.000	0.002
100.000	0.001
100.000	0.001
100.000	0.001
100.000	0.000
100.000	0.000
100.000	0.000
100.000	0.000
100.000	0.001
100.000	0.000
100.000	0.000
100.000	0.000
100.000	0.000
100.000	0.000
100.000	0.000
100.000	0.000
100.000	0.001
100.000	0.000
100.000	0.000
100.000	0.000
100.000	0.000
100.000	0.000
100.000	0.000
100.000	0.002
100.000	0.000
100.000	0.000
100.000	0.001
100.000	0.001
100.000	0.000
100.000	0.000
100.000	0.001
100.000	0.000
100.000	0.000
100.000	0.000
100.000	0.000
100.000	0.000
100.000	0.000
100.000	0.000
100.000	0.001
100.000	0.001
100.000	0.000
100.000	0.000
100.000	0.000
100.000	0.000
100.000	0.000
100.000	0.000
100.000	0.002
100.000	0.001
100.000	0.001
100.000	0.000
100.000	0.001
100.000	0.000
100.000	0.001
100.000	0.000
100.000	0.000
100.000	0.000
100.000	0.002
100.000	0.001
100.000	0.000
100.000	0.000
100.000	0.002
100.000	0.000
100.000	0.000
100.000	0.000
100.000	0.000
100.000	0.002
100.000	0.000
100.000	0.001
100.000	0.000
100.000	0.001
100.000	0.000
100.000	0.002
100.000	0.000
100.000	0.000
100.000	0.000
100.000	0.000
100.000	0.000
100.000	0.001
100.000	0.000
100.000	0.000
100.000	0.000
100.000	0.001
100.000	0.000
100.000	0.001
100.000	0.000
100.000	0.000
100.000	0.001
100.000	0.001
100.000	0.001
100.000	0.001
100.000	0.001
100.000	0.001
100.000	0.001
100.000	0.000
100.000	0.001
100.000	0.001
100.000	0.000
100.000	0.000
100.000	0.000
100.000	0.001
100.000	0.000
100.000	0.000
100.000	0.000
100.000	0.000
100.000	0.002
100.000	0.000
100.000	0.000
100.000	0.000
100.000	0.000
100.000	0.001
100.000	0.000
100.000	0.001
100.000	0.000
100.000	0.001
100.000	0.000
100.000	0.001
100.000	0.001
100.000	0.002
100.000	0.002
100.000	0.001
100.000	0.002
100.000	0.000
100.000	0.002
100.000	0.000
100.000	0.001
100.000	0.000
100.000	0.000
100.000	0.000
100.000	0.001
100.000	0.001
100.000	0.000
100.000	0.000
100.000	0.001
100.000	0.000
100.000	0.001
100.000	0.001
100.000	0.000
100.000	0.000
100.000	0.000
100.000	0.002
100.000	0.000
100.000	0.000
100.000	0.000
100.000	0.000
100.000	0.000
100.000	0.001
100.000	0.001
100.000	0.000
100.000	0.001
100.000	0.001
100.000	0.002
100.000	0.000
100.000	0.001
100.000	0.000
100.000	0.002
100.000	0.000
100.000	0.000
100.000	0.000
100.000	0.002
100.000	0.001
100.000	0.000
100.000	0.000
100.000	0.001
