1000.000	0.000
1000.000	0.000
1000.000	0.000
1000.000	0.000
1000.000	0.000
1000.000	0.000
1000.000	0.000
1000.000	0.000
1000.000	0.000
1000.000	0.000
1000.000	0.000
1000.000	0.000
1000.000	0.000
1000.000	0.000
1000.000	0.000
1000.000	0.000
1000.000	0.000
1000.000	0.000
1000.000	0.000
1000.000	0.000
1000.000	0.000
1000.000	0.000
1000.000	0.000
1000.000	0.000
1000.000	0.000
1000.000	0.000
1000.000	0.000
1000.000	0.000
1000.000	0.000
1000.000	0.000
1000.000	0.000
1000.000	0.000
1000.000	0.000
1000.000	0.000
1000.000	0.000
1000.000	0.000
1000.000	0.000
1000.000	0.000
1000.000	0.000
1000.000	0.000
1000.000	0.000
1000.000	0.000
1000.000	0.000
1000.000	0.000
1000.000	0.000
1000.000	0.000
1000.000	0.000
1000.000	0.000
1000.000	0.000
1000.000	0.000
1000.000	0.000
1000.000	0.000
1000.000	0.000
1000.000	0.000
1000.000	0.000
1000.000	0.000
1000.000	0.000
1000.000	0.000
1000.000	0.000
1000.000	0.000
1000.000	0.000
1000.000	0.000
1000.000	0.000
1000.000	0.000
1000.000	0.000
1000.000	0.000
1000.000	0.000
1000.000	0.000
1000.000	0.000
1000.000	0.000
1000.000	0.000
1000.000	0.000
1000.000	0.000
1000.000	0.000
1000.000	0.000
1000.000	0.000
1000.000	0.000
1000.000	0.000
1000.000	0.000
1000.000	0.000
1000.000	0.000
1000.000	0.000
1000.000	0.000
1000.000	0.000
1000.000	0.000
1000.000	0.000
1000.000	0.000
1000.000	0.000
1000.000	0.000
1000.000	0.000
1000.000	0.000
1000.000	0.000
1000.000	0.000
1000.000	0.000
1000.000	0.000
1000.000	0.000
1000.000	0.000
1000.000	0.000
1000.000	0.000
1000.000	0.000
1000.000	0.000
1000.000	0.000
1000.000	0.000
1000.000	0.000
1000.000	0.000
1000.000	0.000
1000.000	0.000
1000.000	0.000
1000.000	0.000
1000.000	0.000
1000.000	0.000
1000.000	0.000
1000.000	0.000
1000.000	0.000
1000.000	0.000
1000.000	0.000
1000.000	0.000
1000.000	0.000
1000.000	0.000
1000.000	0.000
1000.000	0.000
1000.000	0.000
1000.000	0.000
1000.000	0.000
1000.000	0.000
1000.000	0.000
1000.000	0.000
1000.000	0.000
1000.000	0.000
1000.000	0.000
1000.000	0.000
1000.000	0.000
1000.000	0.000
1000.000	0.000
1000.000	0.000
1000.000	0.000
1000.000	0.000
1000.000	0.000
1000.000	0.000
1000.000	0.000
1000.000	0.000
1000.000	0.000
1000.000	0.000
1000.000	0.000
1000.000	0.000
1000.000	0.000
1000.000	0.000
1000.000	0.000
1000.000	0.000
1000.000	0.000
1000.000	0.000
1000.000	0.000
1000.000	0.000
1000.000	0.000
1000.000	0.000
1000.000	0.000
1000.000	0.000
1000.000	0.000
1000.000	0.000
1000.000	0.000
1000.000	0.000
1000.000	0.000
1000.000	0.000
1000.000	0.000
1000.000	0.000
1000.000	0.000
1000.000	0.000
1000.000	0.000
1000.000	0.000
1000.000	0.000
1000.000	0.000
1000.000	0.000
1000.000	0.000
1000.000	0.000
1000.000	0.000
1000.000	0.000
1000.000	0.000
1000.000	0.000
1000.000	0.000
1000.000	0.000
1000.000	0.000
1000.000	0.000
1000.000	0.000
1000.000	0.000
1000.000	0.000
1000.000	0.000
1000.000	0.000
1000.000	0.000
1000.000	0.000
1000.000	0.000
1000.000	0.000
1000.000	0.000
1000.000	0.000
1000.000	0.000
1000.000	0.000
1000.000	0.000
1000.000	0.000
1000.000	0.000
1000.000	0.000
1000.000	0.000
1000.000	0.000
995.124	0.000
990.198	0.000
985.320	0.000
980.490	0.000
975.707	0.000
970.971	0.000
966.280	0.000
961.635	0.000
957.033	0.000
952.476	0.000
947.962	0.000
943.491	0.000
939.061	0.000
934.673	0.000
930.326	0.000
926.019	0.000
921.751	0.000
917.523	0.000
913.333	0.000
909.182	0.000
905.068	0.000
900.991	0.000
896.951	0.000
892.946	0.000
888.978	0.000
885.044	0.000
881.145	0.000
877.281	0.000
873.450	0.000
869.652	0.000
865.887	0.000
862.155	0.000
858.455	0.000
854.786	0.000
851.149	0.000
847.542	0.000
843.966	0.000
840.420	0.000
836.904	0.000
833.417	0.000
829.959	0.000
826.529	0.000
823.128	0.000
819.754	0.000
816.408	0.000
813.089	0.000
809.798	0.000
806.532	0.000
803.293	0.000
800.080	0.000
796.892	0.000
793.730	0.000
790.593	0.000
787.480	0.000
784.392	0.000
781.328	0.000
778.288	0.000
775.271	0.000
772.278	0.000
769.308	0.000
766.360	0.000
763.435	0.000
760.532	0.000
757.652	0.000
754.792	0.000
751.955	0.000
749.139	0.000
746.343	0.000
743.569	0.000
740.815	0.000
738.081	0.000
735.368	0.000
732.674	0.000
730.000	0.000
727.345	0.000
724.710	0.000
722.094	0.000
719.496	0.000
716.918	0.000
714.357	0.000
711.815	0.000
709.291	0.000
706.784	0.000
704.296	0.000
701.825	0.000
699.371	0.000
696.934	0.000
694.514	0.000
692.111	0.000
689.724	0.000
687.354	0.000
685.000	0.000
682.662	0.000
680.340	0.000
678.034	0.000
675.743	0.000
673.468	0.000
671.208	0.000
668.963	0.000
666.733	0.000
664.518	0.000
662.318	0.000
660.132	0.000
657.961	0.000
655.803	0.000
653.660	0.000
651.531	0.000
649.416	0.000
647.314	0.000
645.226	0.000
643.151	0.000
641.090	0.000
639.042	0.000
637.006	0.000
634.984	0.000
632.975	0.000
630.978	0.000
628.994	0.000
627.022	0.000
625.063	0.000
623.115	0.000
621.180	0.000
619.257	0.000
617.346	0.000
615.446	0.000
613.558	0.000
611.682	0.000
609.817	0.000
607.964	0.000
606.121	0.000
604.290	0.000
602.470	0.000
600.661	0.000
598.862	0.000
597.075	0.000
595.298	0.000
593.531	0.000
591.775	0.000
590.029	0.000
588.294	0.000
586.569	0.000
584.854	0.000
583.149	0.000
581.453	0.000
579.768	0.000
578.092	0.000
576.427	0.000
574.770	0.000
573.123	0.000
571.486	0.000
569.858	0.000
568.239	0.000
566.629	0.000
565.028	0.000
563.437	0.000
561.854	0.000
560.280	0.000
558.715	0.000
557.159	0.000
555.611	0.000
554.072	0.000
552.541	0.000
551.019	0.000
549.505	0.000
548.000	0.000
546.503	0.000
545.014	0.000
543.533	0.000
542.060	0.000
540.595	0.000
539.137	0.000
537.688	0.000
536.247	0.000
534.813	0.000
533.387	0.000
531.968	0.000
530.557	0.000
529.153	0.000
527.757	0.000
526.368	0.000
524.987	0.001
523.613	0.001
522.245	0.001
520.885	0.001
519.532	0.001
518.187	0.001
516.848	0.001
515.515	0.002
514.190	0.002
512.872	0.003
511.560	0.004
510.255	0.006
508.957	0.009
507.665	0.018
506.380	0.051
505.101	0.785
503.829	0.174
502.563	0.877
501.303	0.042
500.050	0.016
498.803	0.008
497.562	0.005
496.328	0.004
495.099	0.003
493.877	0.002
492.660	0.002
491.450	0.001
490.245	0.001
489.046	0.001
487.854	0.001
486.667	0.001
485.485	0.001
484.310	0.000
483.140	0.000
481.976	0.000
480.817	0.000
479.664	0.000
478.517	0.000
477.375	0.000
476.238	0.000
475.107	0.000
473.981	0.000
472.861	0.000
471.745	0.000
470.635	0.000
469.531	0.000
468.431	0.000
467.336	0.000
466.247	0.000
465.163	0.000
464.084	0.000
463.009	0.000
461.940	0.000
460.876	0.000
459.816	0.000
458.761	0.000
457.712	0.000
456.667	0.000
455.626	0.000
454.591	0.000
453.560	0.000
452.534	0.000
451.512	0.000
450.495	0.000
449.483	0.000
448.475	0.000
447.472	0.000
446.473	0.000
445.479	0.000
444.489	0.000
443.503	0.000
442.522	0.000
441.545	0.000
440.573	0.000
439.604	0.000
438.640	0.000
437.681	0.000
436.725	0.000
435.773	0.000
434.826	0.000
433.883	0.000
432.944	0.000
432.009	0.000
431.078	0.000
430.151	0.000
429.227	0.000
428.308	0.000
427.393	0.000
426.482	0.000
425.574	0.000
424.671	0.000
423.771	0.000
422.875	0.000
421.983	0.000
421.095	0.000
420.210	0.000
419.329	0.000
418.452	0.000
417.578	0.000
416.708	0.000
415.842	0.000
414.979	0.000
414.120	0.000
413.264	0.000
412.412	0.000
411.564	0.000
410.719	0.000
409.877	0.000
409.039	0.000
408.204	0.000
407.373	0.000
406.545	0.000
405.720	0.000
404.899	0.000
404.081	0.000
403.266	0.000
402.455	0.000
401.647	0.000
400.842	0.000
400.040	0.000
399.242	0.000
398.446	0.000
397.654	0.000
396.865	0.000
396.079	0.000
395.296	0.000
394.517	0.000
393.740	0.000
392.967	0.000
392.196	0.000
391.429	0.000
390.664	0.000
389.903	0.000
389.144	0.000
388.388	0.000
387.636	0.000
386.886	0.000
386.139	0.000
385.395	0.000
384.654	0.000
383.916	0.000
383.180	0.000
382.447	0.000
381.718	0.000
380.990	0.000
380.266	0.000
379.545	0.000
378.826	0.000
378.110	0.000
377.396	0.000
376.685	0.000
375.977	0.000
375.272	0.000
374.569	0.000
373.869	0.000
373.172	0.000
372.477	0.000
371.784	0.000
371.095	0.000
370.407	0.000
369.723	0.000
369.041	0.000
368.361	0.000
367.684	0.000
367.009	0.000
366.337	0.000
365.667	0.000
365.000	0.000
364.335	0.000
363.673	0.000
363.013	0.000
362.355	0.000
361.700	0.000
361.047	0.000
360.396	0.000
359.748	0.000
359.102	0.000
358.459	0.000
357.818	0.000
357.179	0.000
356.542	0.000
355.907	0.000
355.275	0.000
354.645	0.000
354.018	0.000
353.392	0.000
352.769	0.000
352.148	0.000
351.529	0.000
350.912	0.000
350.298	0.000
349.685	0.000
349.075	0.000
348.467	0.000
347.861	0.000
347.257	0.000
346.655	0.000
346.055	0.000
345.458	0.000
344.862	0.000
344.269	0.000
343.677	0.000
343.087	0.000
342.500	0.000
341.915	0.000
341.331	0.000
340.750	0.000
340.170	0.000
339.593	0.000
339.017	0.000
338.443	0.000
337.872	0.000
337.302	0.000
336.734	0.000
336.168	0.000
335.604	0.000
335.042	0.000
334.482	0.000
333.923	0.000
333.367	0.000
332.812	0.000
332.259	0.000
331.708	0.000
331.159	0.000
330.612	0.000
330.066	0.000
329.522	0.000
328.980	0.000
328.440	0.000
327.902	0.000
327.365	0.000
326.830	0.000
326.297	0.000
325.765	0.000
325.236	0.000
324.708	0.000
324.182	0.000
323.657	0.000
323.134	0.000
322.613	0.000
322.093	0.000
321.576	0.000
321.059	0.000
320.545	0.000
320.032	0.000
319.521	0.000
319.011	0.000
318.503	0.000
317.997	0.000
317.492	0.000
316.989	0.000
316.487	0.000
315.987	0.000
315.489	0.000
314.992	0.000
314.497	0.000
314.003	0.000
313.511	0.000
313.020	0.000
312.531	0.000
312.044	0.000
311.558	0.000
311.073	0.000
310.590	0.000
310.109	0.000
309.628	0.000
309.150	0.000
308.673	0.000
308.197	0.000
307.723	0.000
307.250	0.000
306.779	0.000
306.309	0.000
305.841	0.000
305.374	0.000
304.909	0.000
304.444	0.000
303.982	0.000
303.520	0.000
303.061	0.000
302.602	0.000
302.145	0.000
301.689	0.000
301.235	0.000
300.782	0.000
300.330	0.000
299.880	0.000
299.431	0.000
298.984	0.000
298.537	0.000
298.092	0.000
297.649	0.000
297.207	0.000
296.766	0.000
296.326	0.000
295.888	0.000
295.451	0.000
295.015	0.000
294.580	0.000
294.147	0.000
293.715	0.000
293.284	0.000
292.855	0.000
292.427	0.000
292.000	0.000
291.574	0.000
291.150	0.000
290.727	0.000
290.305	0.000
289.884	0.000
289.465	0.000
289.046	0.000
288.629	0.000
288.213	0.000
287.799	0.000
287.385	0.000
286.973	0.000
286.562	0.000
286.152	0.000
285.743	0.000
285.335	0.000
284.929	0.000
284.523	0.000
284.119	0.000
283.716	0.000
283.314	0.000
282.914	0.000
282.514	0.000
282.116	0.000
281.718	0.000
281.322	0.000
280.927	0.000
280.533	0.000
280.140	0.000
279.748	0.000
279.358	0.000
278.968	0.000
278.579	0.000
278.192	0.000
277.806	0.000
277.420	0.000
277.036	0.000
276.653	0.000
276.271	0.000
275.890	0.000
275.510	0.000
275.131	0.000
274.753	0.000
274.376	0.000
274.000	0.000
273.625	0.000
273.251	0.000
272.879	0.000
272.507	0.000
272.136	0.000
271.766	0.000
271.398	0.000
271.030	0.000
270.663	0.000
270.297	0.000
269.933	0.000
269.569	0.000
269.206	0.000
268.844	0.000
268.483	0.000
268.123	0.000
267.764	0.000
267.406	0.000
267.049	0.000
266.693	0.000
266.338	0.000
265.984	0.000
265.631	0.000
265.279	0.000
264.927	0.000
264.577	0.000
264.227	0.000
263.879	0.000
263.531	0.000
263.184	0.000
262.838	0.000
262.493	0.000
262.149	0.000
261.806	0.000
261.464	0.000
261.123	0.000
260.782	0.000
260.443	0.000
260.104	0.000
259.766	0.000
259.429	0.000
259.093	0.000
258.758	0.000
258.424	0.000
258.090	0.000
257.758	0.000
257.426	0.000
257.095	0.000
256.765	0.000
256.436	0.000
256.108	0.000
255.780	0.000
255.453	0.000
255.128	0.000
254.803	0.000
254.478	0.000
254.155	0.000
253.832	0.000
253.511	0.000
253.190	0.000
252.870	0.000
252.551	0.000
252.232	0.000
251.914	0.000
251.597	0.000
251.281	0.000
250.966	0.000
250.652	0.000
250.338	0.000
250.025	0.000
249.713	0.000
249.401	0.000
249.091	0.000
248.781	0.000
248.472	0.000
248.164	0.000
247.856	0.000
247.550	0.000
247.244	0.000
246.938	0.000
246.634	0.000
246.330	0.000
246.027	0.000
245.725	0.000
245.423	0.000
245.123	0.000
244.823	0.000
244.523	0.000
244.225	0.000
243.927	0.000
243.630	0.000
243.333	0.000
243.038	0.000
242.743	0.000
242.448	0.000
242.155	0.000
241.862	0.000
241.570	0.000
241.279	0.000
240.988	0.000
240.698	0.000
240.409	0.000
240.120	0.000
239.832	0.000
239.545	0.000
239.258	0.000
238.973	0.000
238.687	0.000
238.403	0.000
238.119	0.000
237.836	0.000
237.553	0.000
237.272	0.000
236.991	0.000
236.710	0.000
236.430	0.000
236.151	0.000
235.873	0.000
235.595	0.000
235.318	0.000
235.041	0.000
234.765	0.000
234.490	0.000
234.215	0.000
233.942	0.000
233.668	0.000
233.396	0.000
233.124	0.000
232.852	0.000
232.581	0.000
232.311	0.000
232.042	0.000
231.773	0.000
231.505	0.000
231.237	0.000
230.970	0.000
230.704	0.000
230.438	0.000
230.173	0.000
229.908	0.000
229.644	0.000
229.381	0.000
229.118	0.000
228.856	0.000
228.594	0.000
228.333	0.000
228.073	0.000
227.813	0.000
227.554	0.000
227.295	0.000
227.037	0.000
226.780	0.000
226.523	0.000
226.267	0.000
226.011	0.000
225.756	0.000
225.502	0.000
225.248	0.000
224.994	0.000
224.742	0.000
224.489	0.000
224.238	0.000
223.987	0.000
223.736	0.000
223.486	0.000
223.237	0.000
222.988	0.000
222.739	0.000
222.492	0.000
222.244	0.000
221.998	0.000
221.752	0.000
221.506	0.000
221.261	0.000
221.017	0.000
220.773	0.000
220.529	0.000
220.286	0.000
220.044	0.000
219.802	0.000
219.561	0.000
219.320	0.000
219.080	0.000
218.840	0.000
218.601	0.000
218.362	0.000
218.124	0.000
217.887	0.000
217.650	0.000
217.413	0.000
217.177	0.000
216.941	0.000
216.706	0.000
216.472	0.000
216.238	0.000
216.004	0.000
215.771	0.000
215.539	0.000
215.307	0.000
215.075	0.000
214.844	0.000
214.614	0.000
214.384	0.000
214.154	0.000
213.925	0.000
213.697	0.000
213.469	0.000
213.241	0.000
213.014	0.000
212.787	0.000
212.561	0.000
212.335	0.000
212.110	0.000
211.886	0.000
211.661	0.000
211.438	0.000
211.214	0.000
210.992	0.000
210.769	0.000
210.547	0.000
210.326	0.000
210.105	0.000
209.885	0.000
209.665	0.000
209.445	0.000
209.226	0.000
209.007	0.000
208.789	0.000
208.571	0.000
208.354	0.000
208.137	0.000
207.921	0.000
207.705	0.000
207.490	0.000
207.275	0.000
207.060	0.000
206.846	0.000
206.632	0.000
206.419	0.000
206.206	0.000
205.994	0.000
205.782	0.000
205.570	0.000
205.359	0.000
205.149	0.000
204.939	0.000
204.729	0.000
204.519	0.000
204.311	0.000
204.102	0.000
203.894	0.000
203.686	0.000
203.479	0.000
203.272	0.000
203.066	0.000
202.860	0.000
202.655	0.000
202.449	0.000
202.245	0.000
202.040	0.000
201.837	0.000
201.633	0.000
201.430	0.000
201.227	0.000
201.025	0.000
200.823	0.000
200.622	0.000
200.421	0.000
200.220	0.000
200.020	0.000
199.820	0.000
199.621	0.000
199.422	0.000
199.223	0.000
199.025	0.000
198.827	0.000
198.630	0.000
198.433	0.000
198.236	0.000
198.040	0.000
197.844	0.000
197.648	0.000
197.453	0.000
197.258	0.000
197.064	0.000
196.870	0.000
196.676	0.000
196.483	0.000
196.290	0.000
196.098	0.000
195.906	0.000
195.714	0.000
195.523	0.000
195.332	0.000
195.141	0.000
194.951	0.000
194.761	0.000
194.572	0.000
194.383	0.000
194.194	0.000
194.006	0.000
193.818	0.000
193.630	0.000
193.443	0.000
193.256	0.000
193.069	0.000
192.883	0.000
192.697	0.000
192.512	0.000
192.327	0.000
192.142	0.000
191.958	0.000
191.774	0.000
191.590	0.000
191.407	0.000
191.224	0.000
191.041	0.000
190.859	0.000
190.677	0.000
190.495	0.000
190.314	0.000
190.133	0.000
189.953	0.000
189.772	0.000
189.592	0.000
189.413	0.000
189.234	0.000
189.055	0.000
188.876	0.000
188.698	0.000
188.520	0.000
188.343	0.000
188.166	0.000
187.989	0.000
187.812	0.000
187.636	0.000
187.460	0.000
187.285	0.000
187.109	0.000
186.935	0.000
186.760	0.000
186.586	0.000
186.412	0.000
186.238	0.000
186.065	0.000
185.892	0.000
185.720	0.000
185.547	0.000
185.375	0.000
185.204	0.000
185.032	0.000
184.861	0.000
184.691	0.000
184.520	0.000
184.350	0.000
184.180	0.000
184.011	0.000
183.842	0.000
183.673	0.000
183.505	0.000
183.336	0.000
183.168	0.000
183.001	0.000
182.834	0.000
182.667	0.000
182.500	0.000
182.334	0.000
182.168	0.000
182.002	0.000
181.836	0.000
181.671	0.000
181.506	0.000
181.342	0.000
181.178	0.000
181.014	0.000
180.850	0.000
180.687	0.000
180.523	0.000
180.361	0.000
180.198	0.000
180.036	0.000
179.874	0.000
179.712	0.000
179.551	0.000
179.390	0.000
179.229	0.000
179.069	0.000
178.909	0.000
178.749	0.000
178.589	0.000
178.430	0.000
178.271	0.000
178.112	0.000
177.954	0.000
177.796	0.000
177.638	0.000
177.480	0.000
177.323	0.000
177.166	0.000
177.009	0.000
176.852	0.000
176.696	0.000
176.540	0.000
176.384	0.000
176.229	0.000
176.074	0.000
175.919	0.000
175.764	0.000
175.610	0.000
175.456	0.000
175.302	0.000
175.149	0.000
174.996	0.000
174.843	0.000
174.690	0.000
174.538	0.000
174.385	0.000
174.233	0.000
174.082	0.000
173.930	0.000
173.779	0.000
173.628	0.000
173.478	0.000
173.328	0.000
173.177	0.000
173.028	0.000
172.878	0.000
172.729	0.000
172.580	0.000
172.431	0.000
172.283	0.000
172.134	0.000
171.986	0.000
171.838	0.000
171.691	0.000
171.544	0.000
171.397	0.000
171.250	0.000
171.104	0.000
170.957	0.000
170.811	0.000
170.666	0.000
170.520	0.000
170.375	0.000
170.230	0.000
170.085	0.000
169.941	0.000
169.796	0.000
169.652	0.000
169.508	0.000
169.365	0.000
169.222	0.000
169.079	0.000
168.936	0.000
168.793	0.000
168.651	0.000
168.509	0.000
168.367	0.000
168.225	0.000
168.084	0.000
167.943	0.000
167.802	0.000
167.661	0.000
167.521	0.000
167.381	0.000
167.241	0.000
167.101	0.000
166.962	0.000
166.822	0.000
166.683	0.000
166.545	0.000
166.406	0.000
166.268	0.000
166.130	0.000
165.992	0.000
165.854	0.000
165.717	0.000
165.579	0.000
165.443	0.000
165.306	0.000
165.169	0.000
165.033	0.000
164.897	0.000
164.761	0.000
164.626	0.000
164.490	0.000
164.355	0.000
164.220	0.000
164.085	0.000
163.951	0.000
163.817	0.000
163.682	0.000
163.549	0.000
163.415	0.000
163.282	0.000
163.148	0.000
163.015	0.000
162.883	0.000
162.750	0.000
162.618	0.000
162.486	0.000
162.354	0.000
162.222	0.000
162.091	0.000
161.960	0.000
161.828	0.000
161.698	0.000
161.567	0.000
161.437	0.000
161.306	0.000
161.176	0.000
161.047	0.000
160.917	0.000
160.788	0.000
160.659	0.000
160.530	0.000
160.401	0.000
160.272	0.000
160.144	0.000
160.016	0.000
159.888	0.000
159.760	0.000
159.633	0.000
159.506	0.000
159.378	0.000
159.252	0.000
159.125	0.000
158.998	0.000
158.872	0.000
158.746	0.000
158.620	0.000
158.494	0.000
158.369	0.000
158.244	0.000
158.119	0.000
157.994	0.000
157.869	0.000
157.744	0.000
157.620	0.000
157.496	0.000
157.372	0.000
157.248	0.000
157.125	0.000
157.002	0.000
156.878	0.000
156.755	0.000
156.633	0.000
156.510	0.000
156.388	0.000
156.266	0.000
156.144	0.000
156.022	0.000
155.900	0.000
155.779	0.000
155.658	0.000
155.537	0.000
155.416	0.000
155.295	0.000
155.175	0.000
155.054	0.000
154.934	0.000
154.814	0.000
154.695	0.000
154.575	0.000
154.456	0.000
154.336	0.000
154.217	0.000
154.099	0.000
153.980	0.000
153.862	0.000
153.743	0.000
153.625	0.000
153.507	0.000
153.390	0.000
153.272	0.000
153.155	0.000
153.037	0.000
152.920	0.000
152.804	0.000
152.687	0.000
152.571	0.000
152.454	0.000
152.338	0.000
152.222	0.000
152.106	0.000
151.991	0.000
151.875	0.000
151.760	0.000
151.645	0.000
151.530	0.000
151.416	0.000
151.301	0.000
151.187	0.000
151.073	0.000
150.958	0.000
150.845	0.000
150.731	0.000
150.617	0.000
150.504	0.000
150.391	0.000
150.278	0.000
150.165	0.000
150.053	0.000
149.940	0.000
149.828	0.000
149.716	0.000
149.604	0.000
149.492	0.000
149.380	0.000
149.269	0.000
149.157	0.000
149.046	0.000
148.935	0.000
148.824	0.000
148.714	0.000
148.603	0.000
148.493	0.000
148.383	0.000
148.273	0.000
148.163	0.000
148.053	0.000
147.944	0.000
147.834	0.000
147.725	0.000
147.616	0.000
147.507	0.000
147.399	0.000
147.290	0.000
147.182	0.000
147.074	0.000
146.965	0.000
146.858	0.000
146.750	0.000
146.642	0.000
146.535	0.000
146.428	0.000
146.320	0.000
146.213	0.000
146.107	0.000
146.000	0.000
145.894	0.000
145.787	0.000
145.681	0.000
145.575	0.000
145.469	0.000
145.363	0.000
145.258	0.000
145.152	0.000
145.047	0.000
144.942	0.000
144.837	0.000
144.732	0.000
144.628	0.000
144.523	0.000
144.419	0.000
144.315	0.000
144.211	0.000
144.107	0.000
144.003	0.000
143.899	0.000
143.796	0.000
143.693	0.000
143.589	0.000
143.486	0.000
143.384	0.000
143.281	0.000
143.178	0.000
143.076	0.000
142.974	0.000
142.871	0.000
142.769	0.000
142.668	0.000
142.566	0.000
142.464	0.000
142.363	0.000
142.262	0.000
142.161	0.000
142.060	0.000
141.959	0.000
141.858	0.000
141.758	0.000
141.657	0.000
141.557	0.000
141.457	0.000
141.357	0.000
141.257	0.000
141.157	0.000
141.058	0.000
140.958	0.000
140.859	0.000
140.760	0.000
140.661	0.000
140.562	0.000
140.463	0.000
140.365	0.000
140.266	0.000
140.168	0.000
140.070	0.000
139.972	0.000
139.874	0.000
139.776	0.000
139.679	0.000
139.581	0.000
139.484	0.000
139.387	0.000
139.290	0.000
139.193	0.000
139.096	0.000
138.999	0.000
138.903	0.000
138.806	0.000
138.710	0.000
138.614	0.000
138.518	0.000
138.422	0.000
138.326	0.000
138.231	0.000
138.135	0.000
138.040	0.000
137.945	0.000
137.850	0.000
137.755	0.000
137.660	0.000
137.565	0.000
137.471	0.000
137.376	0.000
137.282	0.000
137.188	0.000
137.094	0.000
137.000	0.000
136.906	0.000
136.813	0.000
136.719	0.000
136.626	0.000
136.532	0.000
136.439	0.000
136.346	0.000
136.253	0.000
136.161	0.000
136.068	0.000
135.976	0.000
135.883	0.000
135.791	0.000
135.699	0.000
135.607	0.000
135.515	0.000
135.423	0.000
135.332	0.000
135.240	0.000
135.149	0.000
135.057	0.000
134.966	0.000
134.875	0.000
134.784	0.000
134.694	0.000
134.603	0.000
134.512	0.000
134.422	0.000
134.332	0.000
134.242	0.000
134.152	0.000
134.062	0.000
133.972	0.000
133.882	0.000
133.793	0.000
133.703	0.000
133.614	0.000
133.525	0.000
133.436	0.000
133.347	0.000
133.258	0.000
133.169	0.000
133.081	0.000
132.992	0.000
132.904	0.000
132.815	0.000
132.727	0.000
132.639	0.000
132.551	0.000
132.464	0.000
132.376	0.000
132.288	0.000
132.201	0.000
132.114	0.000
132.026	0.000
131.939	0.000
131.852	0.000
131.765	0.000
131.679	0.000
131.592	0.000
131.506	0.000
131.419	0.000
131.333	0.000
131.247	0.000
131.161	0.000
131.075	0.000
130.989	0.000
130.903	0.000
130.818	0.000
130.732	0.000
130.647	0.000
130.561	0.000
130.476	0.000
130.391	0.000
130.306	0.000
130.221	0.000
130.137	0.000
130.052	0.000
129.968	0.000
129.883	0.000
129.799	0.000
129.715	0.000
129.631	0.000
129.547	0.000
129.463	0.000
129.379	0.000
129.295	0.000
129.212	0.000
129.128	0.000
129.045	0.000
128.962	0.000
128.879	0.000
128.796	0.000
128.713	0.000
128.630	0.000
128.548	0.000
128.465	0.000
128.383	0.000
128.300	0.000
128.218	0.000
128.136	0.000
128.054	0.000
127.972	0.000
127.890	0.000
127.808	0.000
127.727	0.000
127.645	0.000
127.564	0.000
127.482	0.000
127.401	0.000
127.320	0.000
127.239	0.000
127.158	0.000
127.078	0.000
126.997	0.000
126.916	0.000
126.836	0.000
126.755	0.000
126.675	0.000
126.595	0.000
126.515	0.000
126.435	0.000
126.355	0.000
126.275	0.000
126.196	0.000
126.116	0.000
126.037	0.000
125.957	0.000
125.878	0.000
125.799	0.000
125.720	0.000
125.641	0.000
125.562	0.000
125.483	0.000
125.404	0.000
125.326	0.000
125.247	0.000
125.169	0.000
125.091	0.000
125.013	0.000
124.934	0.000
124.856	0.000
124.779	0.000
124.701	0.000
124.623	0.000
124.545	0.000
124.468	0.000
124.391	0.000
124.313	0.000
124.236	0.000
124.159	0.000
124.082	0.000
124.005	0.000
123.928	0.000
123.851	0.000
123.775	0.000
123.698	0.000
123.622	0.000
123.545	0.000
123.469	0.000
123.393	0.000
123.317	0.000
123.241	0.000
123.165	0.000
123.089	0.000
123.014	0.000
122.938	0.000
122.862	0.000
122.787	0.000
122.712	0.000
122.636	0.000
122.561	0.000
122.486	0.000
122.411	0.000
122.336	0.000
122.262	0.000
122.187	0.000
122.112	0.000
122.038	0.000
121.963	0.000
121.889	0.000
121.815	0.000
121.741	0.000
121.667	0.000
121.593	0.000
121.519	0.000
121.445	0.000
121.371	0.000
121.298	0.000
121.224	0.000
121.151	0.000
121.077	0.000
121.004	0.000
120.931	0.000
120.858	0.000
120.785	0.000
120.712	0.000
120.639	0.000
120.567	0.000
120.494	0.000
120.421	0.000
120.349	0.000
120.277	0.000
120.204	0.000
120.132	0.000
120.060	0.000
119.988	0.000
119.916	0.000
119.844	0.000
119.772	0.000
119.701	0.000
119.629	0.000
119.558	0.000
119.486	0.000
119.415	0.000
119.344	0.000
119.273	0.000
119.201	0.000
119.130	0.000
119.060	0.000
118.989	0.000
118.918	0.000
118.847	0.000
118.777	0.000
118.706	0.000
118.636	0.000
118.566	0.000
118.495	0.000
118.425	0.000
118.355	0.000
118.285	0.000
118.215	0.000
118.145	0.000
118.076	0.000
118.006	0.000
117.936	0.000
117.867	0.000
117.797	0.000
117.728	0.000
117.659	0.000
117.590	0.000
117.521	0.000
117.452	0.000
117.383	0.000
117.314	0.000
117.245	0.000
117.176	0.000
117.108	0.000
117.039	0.000
116.971	0.000
116.902	0.000
116.834	0.000
116.766	0.000
116.698	0.000
116.630	0.000
116.562	0.000
116.494	0.000
116.426	0.000
116.358	0.000
116.291	0.000
116.223	0.000
116.156	0.000
116.088	0.000
116.021	0.000
115.954	0.000
115.886	0.000
115.819	0.000
115.752	0.000
115.685	0.000
115.618	0.000
115.552	0.000
115.485	0.000
115.418	0.000
115.352	0.000
115.285	0.000
115.219	0.000
115.153	0.000
115.086	0.000
115.020	0.000
114.954	0.000
114.888	0.000
114.822	0.000
114.756	0.000
114.690	0.000
114.625	0.000
114.559	0.000
114.493	0.000
114.428	0.000
114.362	0.000
114.297	0.000
114.232	0.000
114.167	0.000
114.102	0.000
114.036	0.000
113.972	0.000
113.907	0.000
113.842	0.000
113.777	0.000
113.712	0.000
113.648	0.000
113.583	0.000
113.519	0.000
113.454	0.000
113.390	0.000
113.326	0.000
113.262	0.000
113.198	0.000
113.133	0.000
113.070	0.000
113.006	0.000
112.942	0.000
112.878	0.000
112.814	0.000
112.751	0.000
112.687	0.000
112.624	0.000
112.560	0.000
112.497	0.000
112.434	0.000
112.371	0.000
112.308	0.000
112.245	0.000
112.182	0.000
112.119	0.000
112.056	0.000
111.993	0.000
111.931	0.000
111.868	0.000
111.805	0.000
111.743	0.000
111.681	0.000
111.618	0.000
111.556	0.000
111.494	0.000
111.432	0.000
111.370	0.000
111.308	0.000
111.246	0.000
111.184	0.000
111.122	0.000
111.061	0.000
110.999	0.000
110.937	0.000
110.876	0.000
110.814	0.000
110.753	0.000
110.692	0.000
110.631	0.000
110.569	0.000
110.508	0.000
110.447	0.000
110.386	0.000
110.325	0.000
110.265	0.000
110.204	0.000
110.143	0.000
110.083	0.000
110.022	0.000
109.962	0.000
109.901	0.000
109.841	0.000
109.780	0.000
109.720	0.000
109.660	0.000
109.600	0.000
109.540	0.000
109.480	0.000
109.420	0.000
109.360	0.000
109.301	0.000
109.241	0.000
109.181	0.000
109.122	0.000
109.062	0.000
109.003	0.000
108.943	0.000
108.884	0.000
108.825	0.000
108.766	0.000
108.707	0.000
108.647	0.000
108.588	0.000
108.530	0.000
108.471	0.000
108.412	0.000
108.353	0.000
108.295	0.000
108.236	0.000
108.177	0.000
108.119	0.000
108.061	0.000
108.002	0.000
107.944	0.000
107.886	0.000
107.827	0.000
107.769	0.000
107.711	0.000
107.653	0.000
107.595	0.000
107.538	0.000
107.480	0.000
107.422	0.000
107.364	0.000
107.307	0.000
107.249	0.000
107.192	0.000
107.134	0.000
107.077	0.000
107.020	0.000
106.963	0.000
106.905	0.000
106.848	0.000
106.791	0.000
106.734	0.000
106.677	0.000
106.620	0.000
106.564	0.000
106.507	0.000
106.450	0.000
106.394	0.000
106.337	0.000
106.281	0.000
106.224	0.000
106.168	0.000
106.111	0.000
106.055	0.000
105.999	0.000
105.943	0.000
105.887	0.000
105.831	0.000
105.775	0.000
105.719	0.000
105.663	0.000
105.607	0.000
105.551	0.000
105.496	0.000
105.440	0.000
105.385	0.000
105.329	0.000
105.274	0.000
105.218	0.000
105.163	0.000
105.108	0.000
105.053	0.000
104.997	0.000
104.942	0.000
104.887	0.000
104.832	0.000
104.777	0.000
104.723	0.000
104.668	0.000
104.613	0.000
104.558	0.000
104.504	0.000
104.449	0.000
104.395	0.000
104.340	0.000
104.286	0.000
104.231	0.000
104.177	0.000
104.123	0.000
104.069	0.000
104.015	0.000
103.960	0.000
103.906	0.000
103.853	0.000
103.799	0.000
103.745	0.000
103.691	0.000
103.637	0.000
103.584	0.000
103.530	0.000
103.476	0.000
103.423	0.000
103.370	0.000
103.316	0.000
103.263	0.000
103.209	0.000
103.156	0.000
103.103	0.000
103.050	0.000
102.997	0.000
102.944	0.000
102.891	0.000
102.838	0.000
102.785	0.000
102.732	0.000
102.680	0.000
102.627	0.000
102.574	0.000
102.522	0.000
102.469	0.000
102.417	0.000
102.364	0.000
102.312	0.000
102.260	0.000
102.207	0.000
102.155	0.000
102.103	0.000
102.051	0.000
101.999	0.000
101.947	0.000
101.895	0.000
101.843	0.000
101.791	0.000
101.740	0.000
101.688	0.000
101.636	0.000
101.585	0.000
101.533	0.000
101.481	0.000
101.430	0.000
101.379	0.000
101.327	0.000
101.276	0.000
101.225	0.000
101.173	0.000
101.122	0.000
101.071	0.000
101.020	0.000
100.969	0.000
100.918	0.000
100.867	0.000
100.817	0.000
100.766	0.000
100.715	0.000
100.664	0.000
100.614	0.000
100.563	0.000
100.513	0.000
100.462	0.000
100.412	0.000
100.361	0.000
100.311	0.000
100.261	0.000
100.210	0.000
100.160	0.000
100.110	0.000
100.060	0.000
100.010	0.000
100.000	0.000
100.000	0.000
100.000	0.000
100.000	0.000
100.000	0.000
100.000	0.000
100.000	0.000
100.000	0.000
100.000	0.000
100.000	0.000
100.000	0.000
100.000	0.000
100.000	0.000
100.000	0.000
100.000	0.000
100.000	0.000
100.000	0.000
100.000	0.000
100.000	0.000
100.000	0.000
100.000	0.000
100.000	0.000
100.000	0.000
100.000	0.000
100.000	0.000
100.000	0.000
100.000	0.000
100.000	0.000
100.000	0.000
100.000	0.000
100.000	0.000
100.000	0.000
100.000	0.000
100.000	0.000
100.000	0.000
100.000	0.000
100.000	0.000
100.000	0.000
100.000	0.000
100.000	0.000
100.000	0.000
100.000	0.000
100.000	0.000
100.000	0.000
100.000	0.000
100.000	0.000
100.000	0.000
100.000	0.000
100.000	0.000
100.000	0.000
100.000	0.000
100.000	0.000
100.000	0.000
100.000	0.000
100.000	0.000
100.000	0.000
100.000	0.000
100.000	0.000
100.000	0.000
100.000	0.000
100.000	0.000
100.000	0.000
100.000	0.000
100.000	0.000
100.000	0.000
100.000	0.000
100.000	0.000
100.000	0.000
100.000	0.000
100.000	0.000
100.000	0.000
100.000	0.000
100.000	0.000
100.000	0.000
100.000	0.000
100.000	0.000
100.000	0.000
100.000	0.000
100.000	0.000
100.000	0.000
100.000	0.000
100.000	0.000
100.000	0.000
100.000	0.000
100.000	0.000
100.000	0.000
100.000	0.000
100.000	0.000
100.000	0.000
100.000	0.000
100.000	0.000
100.000	0.000
100.000	0.000
100.000	0.000
100.000	0.000
100.000	0.000
100.000	0.000
100.000	0.000
100.000	0.000
100.000	0.000
100.000	0.000
100.000	0.000
100.000	0.000
100.000	0.000
100.000	0.000
100.000	0.000
100.000	0.000
100.000	0.000
100.000	0.000
100.000	0.000
100.000	0.000
100.000	0.000
100.000	0.000
100.000	0.000
100.000	0.000
100.000	0.000
100.000	0.000
100.000	0.000
100.000	0.000
100.000	0.000
100.000	0.000
100.000	0.000
100.000	0.000
100.000	0.000
100.000	0.000
100.000	0.000
100.000	0.000
100.000	0.000
100.000	0.000
100.000	0.000
100.000	0.000
100.000	0.000
100.000	0.000
100.000	0.000
100.000	0.000
100.000	0.000
100.000	0.000
100.000	0.000
100.000	0.000
100.000	0.000
100.000	0.000
100.000	0.000
100.000	0.000
100.000	0.000
100.000	0.000
100.000	0.000
100.000	0.000
100.000	0.000
100.000	0.000
100.000	0.000
100.000	0.000
100.000	0.000
100.000	0.000
100.000	0.000
100.000	0.000
100.000	0.000
100.000	0.000
100.000	0.000
100.000	0.000
100.000	0.000
100.000	0.000
100.000	0.000
100.000	0.000
100.000	0.000
100.000	0.000
100.000	0.000
100.000	0.000
100.000	0.000
100.000	0.000
100.000	0.000
100.000	0.000
100.000	0.000
100.000	0.000
100.000	0.000
100.000	0.000
100.000	0.000
100.000	0.000
100.000	0.000
100.000	0.000
100.000	0.000
100.000	0.000
100.000	0.000
100.000	0.000
100.000	0.000
100.000	0.000
100.000	0.000
100.000	0.000
100.000	0.000
100.000	0.000
100.000	0.000
100.000	0.000
100.000	0.000
100.000	0.000
100.000	0.000
100.000	0.000
100.000	0.000
100.000	0.000
100.000	0.000
100.000	0.000
100.000	0.000
100.000	0.000
100.000	0.000
100.000	0.000
100.000	0.000
100.000	0.000
100.000	0.000
100.000	0.000
100.000	0.000
100.000	0.000
100.000	0.000
100.000	0.000
100.000	0.000
100.000	0.000
100.000	0.000
100.000	0.000
100.000	0.000
100.000	0.000
100.000	0.000
100.000	0.000
100.000	0.000
100.000	0.000
100.000	0.000
100.000	0.000
100.000	0.000
100.000	0.000
100.000	0.000
100.000	0.000
100.000	0.000
100.000	0.000
100.000	0.000
100.000	0.000
100.000	0.000
100.000	0.000
100.000	0.000
100.000	0.000
100.000	0.000
100.000	0.000
100.000	0.000
100.000	0.000
100.000	0.000
100.000	0.000
100.000	0.000
100.000	0.000
100.000	0.000
100.000	0.000
100.000	0.000
100.000	0.000
100.000	0.000
100.000	0.000
100.000	0.000
100.000	0.000
100.000	0.000
100.000	0.000
100.000	0.000
100.000	0.000
100.000	0.000
100.000	0.000
100.000	0.000
100.000	0.000
100.000	0.000
100.000	0.000
100.000	0.000
100.000	0.000
100.000	0.000
100.000	0.000
100.000	0.000
100.000	0.000
100.000	0.000
100.000	0.000
100.000	0.000
100.000	0.000
100.000	0.000
100.000	0.000
100.000	0.000
100.000	0.000
100.000	0.000
100.000	0.000
100.000	0.000
100.000	0.000
100.000	0.000
100.000	0.000
100.000	0.000
100.000	0.000
100.000	0.000
100.000	0.000
100.000	0.000
100.000	0.000
100.000	0.000
100.000	0.000
100.000	0.000
100.000	0.000
100.000	0.000
100.000	0.000
100.000	0.000
100.000	0.000
100.000	0.000
100.000	0.000
100.000	0.000
100.000	0.000
100.000	0.000
100.000	0.000
100.000	0.000
100.000	0.000
100.000	0.000
100.000	0.000
100.000	0.000
100.000	0.000
100.000	0.000
100.000	0.000
100.000	0.000
100.000	0.000
100.000	0.000
100.000	0.000
100.000	0.000
100.000	0.000
100.000	0.000
100.000	0.000
100.000	0.000
100.000	0.000
100.000	0.000
100.000	0.000
100.000	0.000
100.000	0.000
100.000	0.000
100.000	0.000
100.000	0.000
100.000	0.000
100.000	0.000
100.000	0.000
100.000	0.000
100.000	0.000
100.000	0.000
100.000	0.000
100.000	0.000
100.000	0.000
100.000	0.000
100.000	0.000
100.000	0.000
100.000	0.000
100.000	0.000
100.000	0.000
100.000	0.000
100.000	0.000
100.000	0.000
100.000	0.000
100.000	0.000
100.000	0.000
100.000	0.000
100.000	0.000
100.000	0.000
100.000	0.000
100.000	0.000
100.000	0.000
100.000	0.000
100.000	0.000
100.000	0.000
100.000	0.000
100.000	0.000
100.000	0.000
100.000	0.000
100.000	0.000
100.000	0.000
100.000	0.000
100.000	0.000
100.000	0.000
100.000	0.000
100.000	0.000
100.000	0.000
100.000	0.000
100.000	0.000
100.000	0.000
100.000	0.000
100.000	0.000
100.000	0.000
100.000	0.000
100.000	0.000
100.000	0.000
100.000	0.000
100.000	0.000
100.000	0.000
100.000	0.000
100.000	0.000
100.000	0.000
100.000	0.000
100.000	0.000
100.000	0.000
100.000	0.000
100.000	0.000
100.000	0.000
100.000	0.000
100.000	0.000
100.000	0.000
100.000	0.000
100.000	0.000
100.000	0.000
100.000	0.000
100.000	0.000
100.000	0.000
100.000	0.000
100.000	0.000
100.000	0.000
100.000	0.000
100.000	0.000
100.000	0.000
100.000	0.000
100.000	0.000
100.000	0.000
100.000	0.000
100.000	0.000
100.000	0.000
100.000	0.000
100.000	0.000
100.000	0.000
100.000	0.000
100.000	0.000
100.000	0.000
100.000	0.000
100.000	0.000
100.000	0.000
100.000	0.000
100.000	0.000
100.000	0.000
100.000	0.000
100.000	0.000
100.000	0.000
100.000	0.000
100.000	0.000
100.000	0.000
100.000	0.000
100.000	0.000
100.000	0.000
100.000	0.000
100.000	0.000
100.000	0.000
100.000	0.000
100.000	0.000
100.000	0.000
100.000	0.000
100.000	0.000
100.000	0.000
100.000	0.000
100.000	0.000
100.000	0.000
100.000	0.000
100.000	0.000
100.000	0.000
100.000	0.000
100.000	0.000
100.000	0.000
100.000	0.000
100.000	0.000
100.000	0.000
100.000	0.000
100.000	0.000
100.000	0.000
100.000	0.000
100.000	0.000
100.000	0.000
100.000	0.000
100.000	0.000
100.000	0.000
100.000	0.000
100.000	0.000
100.000	0.000
100.000	0.000
100.000	0.000
100.000	0.000
100.000	0.000
100.000	0.000
100.000	0.000
100.000	0.000
100.000	0.000
100.000	0.000
100.000	0.000
100.000	0.000
100.000	0.000
100.000	0.000
100.000	0.000
100.000	0.000
100.000	0.000
100.000	0.000
100.000	0.000
100.000	0.000
100.000	0.000
100.000	0.000
100.000	0.000
100.000	0.000
100.000	0.000
100.000	0.000
100.000	0.000
100.000	0.000
100.000	0.000
100.000	0.000
100.000	0.000
100.000	0.000
100.000	0.000
100.000	0.000
100.000	0.000
100.000	0.000
