0.000	0.004
2.000	0.189
4.000	0.328
6.000	0.392
8.000	0.355
10.000	0.237
12.000	0.060
14.000	-0.128
16.000	-0.283
18.000	-0.369
20.000	-0.364
22.000	-0.271
24.000	-0.102
26.000	0.084
28.000	0.253
30.000	0.360
32.000	0.380
34.000	0.312
36.000	0.171
38.000	-0.013
40.000	-0.191
42.000	-0.321
44.000	-0.373
46.000	-0.329
48.000	-0.205
50.000	-0.028
52.000	0.155
54.000	0.301
56.000	0.376
58.000	0.357
60.000	0.257
62.000	0.093
64.000	-0.092
66.000	-0.252
68.000	-0.349
70.000	-0.361
72.000	-0.284
74.000	-0.139
76.000	0.042
78.000	0.214
80.000	0.330
82.000	0.370
84.000	0.321
86.000	0.196
88.000	0.023
90.000	-0.153
92.000	-0.292
94.000	-0.355
96.000	-0.330
98.000	-0.226
100.000	-0.061
102.000	0.117
104.000	0.269
106.000	0.354
108.000	0.356
110.000	0.271
112.000	0.122
114.000	-0.053
116.000	-0.217
118.000	-0.323
120.000	-0.351
122.000	-0.291
124.000	-0.160
126.000	0.011
128.000	0.181
130.000	0.306
132.000	0.357
134.000	0.321
136.000	0.216
138.000	0.051
140.000	-0.124
142.000	-0.261
144.000	-0.340
146.000	-0.334
148.000	-0.241
150.000	-0.091
152.000	0.079
154.000	0.235
156.000	0.329
158.000	0.354
160.000	0.281
162.000	0.146
164.000	-0.019
166.000	-0.183
168.000	-0.296
170.000	-0.339
172.000	-0.300
174.000	-0.178
176.000	-0.021
178.000	0.144
180.000	0.277
182.000	0.342
184.000	0.327
186.000	0.229
188.000	0.079
190.000	-0.087
192.000	-0.231
194.000	-0.313
196.000	-0.326
198.000	-0.258
200.000	-0.116
202.000	0.049
204.000	0.201
206.000	0.308
208.000	0.337
210.000	0.289
212.000	0.170
214.000	0.014
216.000	-0.147
218.000	-0.272
220.000	-0.320
222.000	-0.300
224.000	-0.203
226.000	-0.050
228.000	0.110
230.000	0.247
232.000	0.324
234.000	0.320
236.000	0.246
238.000	0.107
240.000	-0.055
242.000	-0.198
244.000	-0.295
246.000	-0.321
248.000	-0.263
250.000	-0.143
252.000	0.019
254.000	0.169
256.000	0.277
258.000	0.326
260.000	0.291
262.000	0.187
264.000	0.042
266.000	-0.115
268.000	-0.240
270.000	-0.308
272.000	-0.303
274.000	-0.218
276.000	-0.077
278.000	0.083
280.000	0.220
282.000	0.302
284.000	0.314
286.000	0.252
288.000	0.130
290.000	-0.021
292.000	-0.167
294.000	-0.271
296.000	-0.308
298.000	-0.270
300.000	-0.163
302.000	-0.011
304.000	0.142
306.000	0.257
308.000	0.309
310.000	0.290
312.000	0.204
314.000	0.069
316.000	-0.082
318.000	-0.211
320.000	-0.287
322.000	-0.294
324.000	-0.228
326.000	-0.105
328.000	0.048
330.000	0.189
332.000	0.283
334.000	0.305
336.000	0.258
338.000	0.149
340.000	0.007
342.000	-0.134
344.000	-0.243
346.000	-0.292
348.000	-0.270
350.000	-0.179
352.000	-0.044
354.000	0.104
356.000	0.223
358.000	0.295
360.000	0.290
362.000	0.219
364.000	0.093
366.000	-0.052
368.000	-0.180
370.000	-0.265
372.000	-0.282
374.000	-0.231
376.000	-0.123
378.000	0.018
380.000	0.151
382.000	0.249
384.000	0.289
386.000	0.262
388.000	0.170
390.000	0.038
392.000	-0.104
394.000	-0.216
396.000	-0.272
398.000	-0.264
400.000	-0.191
402.000	-0.065
404.000	0.073
406.000	0.196
408.000	0.271
410.000	0.276
412.000	0.224
414.000	0.113
416.000	-0.022
418.000	-0.150
420.000	-0.244
422.000	-0.271
424.000	-0.236
426.000	-0.139
428.000	-0.009
430.000	0.127
432.000	0.228
434.000	0.272
436.000	0.258
438.000	0.175
440.000	0.062
442.000	-0.076
444.000	-0.183
446.000	-0.255
448.000	-0.258
450.000	-0.195
452.000	-0.088
454.000	0.046
456.000	0.165
458.000	0.252
460.000	0.270
462.000	0.226
464.000	0.130
466.000	0.000
468.000	-0.121
470.000	-0.219
472.000	-0.253
474.000	-0.232
476.000	-0.149
478.000	-0.032
480.000	0.092
482.000	0.200
484.000	0.257
486.000	0.253
488.000	0.187
490.000	0.080
492.000	-0.048
494.000	-0.163
496.000	-0.232
498.000	-0.248
500.000	-0.198
502.000	-0.104
504.000	0.021
506.000	0.139
508.000	0.222
510.000	0.256
512.000	0.226
514.000	0.146
516.000	0.028
518.000	-0.089
520.000	-0.190
522.000	-0.240
524.000	-0.228
526.000	-0.164
528.000	-0.055
530.000	0.070
532.000	0.173
534.000	0.236
536.000	0.244
538.000	0.192
540.000	0.094
542.000	-0.025
544.000	-0.135
546.000	-0.206
548.000	-0.229
550.000	-0.199
552.000	-0.117
554.000	-0.003
556.000	0.110
558.000	0.198
560.000	0.239
562.000	0.223
564.000	0.151
566.000	0.045
568.000	-0.070
570.000	-0.163
572.000	-0.217
574.000	-0.217
576.000	-0.166
578.000	-0.071
580.000	0.043
582.000	0.147
584.000	0.214
586.000	0.231
588.000	0.193
590.000	0.109
592.000	-0.002
594.000	-0.110
596.000	-0.189
598.000	-0.222
600.000	-0.193
602.000	-0.123
604.000	-0.021
606.000	0.085
608.000	0.174
610.000	0.222
612.000	0.217
614.000	0.160
616.000	0.066
618.000	-0.043
620.000	-0.141
622.000	-0.201
624.000	-0.214
626.000	-0.167
628.000	-0.083
630.000	0.025
632.000	0.125
634.000	0.193
636.000	0.220
638.000	0.193
640.000	0.122
642.000	0.023
644.000	-0.079
646.000	-0.162
648.000	-0.205
650.000	-0.196
652.000	-0.138
654.000	-0.045
656.000	0.061
658.000	0.149
660.000	0.201
662.000	0.204
664.000	0.165
666.000	0.080
668.000	-0.021
670.000	-0.113
672.000	-0.181
674.000	-0.194
676.000	-0.168
678.000	-0.097
680.000	-0.001
682.000	0.093
684.000	0.169
686.000	0.201
688.000	0.191
690.000	0.129
692.000	0.037
694.000	-0.057
696.000	-0.141
698.000	-0.184
700.000	-0.186
702.000	-0.134
704.000	-0.057
706.000	0.040
708.000	0.126
710.000	0.178
712.000	0.194
714.000	0.161
716.000	0.096
718.000	0.001
720.000	-0.091
722.000	-0.155
724.000	-0.186
726.000	-0.162
728.000	-0.104
730.000	-0.015
732.000	0.073
734.000	0.144
736.000	0.186
738.000	0.179
740.000	0.134
742.000	0.054
744.000	-0.031
746.000	-0.114
748.000	-0.168
750.000	-0.172
752.000	-0.140
754.000	-0.067
756.000	0.019
758.000	0.102
760.000	0.159
762.000	0.178
764.000	0.159
766.000	0.099
768.000	0.019
770.000	-0.066
772.000	-0.129
774.000	-0.165
776.000	-0.161
778.000	-0.109
780.000	-0.033
782.000	0.055
784.000	0.124
786.000	0.167
788.000	0.170
790.000	0.133
792.000	0.064
794.000	-0.017
796.000	-0.089
798.000	-0.144
800.000	-0.160
802.000	-0.134
804.000	-0.076
806.000	0.000
808.000	0.078
810.000	0.136
812.000	0.161
814.000	0.149
816.000	0.103
818.000	0.032
820.000	-0.043
822.000	-0.110
824.000	-0.147
826.000	-0.147
828.000	-0.110
830.000	-0.044
832.000	0.033
834.000	0.102
836.000	0.146
838.000	0.156
840.000	0.128
842.000	0.071
844.000	-0.002
846.000	-0.067
848.000	-0.119
850.000	-0.144
852.000	-0.128
854.000	-0.081
856.000	-0.013
858.000	0.061
860.000	0.118
862.000	0.148
864.000	0.145
866.000	0.106
868.000	0.041
870.000	-0.031
872.000	-0.093
874.000	-0.131
876.000	-0.136
878.000	-0.107
880.000	-0.047
882.000	0.021
884.000	0.082
886.000	0.127
888.000	0.145
890.000	0.126
892.000	0.081
894.000	0.017
896.000	-0.049
898.000	-0.101
900.000	-0.127
902.000	-0.120
904.000	-0.083
906.000	-0.025
908.000	0.041
910.000	0.100
912.000	0.131
914.000	0.134
916.000	0.105
918.000	0.053
920.000	-0.011
922.000	-0.071
924.000	-0.113
926.000	-0.121
928.000	-0.104
930.000	-0.062
932.000	0.003
934.000	0.062
936.000	0.105
938.000	0.128
940.000	0.117
942.000	0.077
944.000	0.027
946.000	-0.034
948.000	-0.083
950.000	-0.111
952.000	-0.112
954.000	-0.078
956.000	-0.033
958.000	0.023
960.000	0.081
962.000	0.110
964.000	0.118
966.000	0.100
968.000	0.056
970.000	0.008
972.000	-0.050
974.000	-0.094
976.000	-0.103
978.000	-0.095
980.000	-0.064
982.000	-0.009
984.000	0.044
986.000	0.088
988.000	0.111
990.000	0.105
992.000	0.085
994.000	0.033
996.000	-0.021
998.000	-0.064
