0.000	-0.051
2.000	-0.086
4.000	-0.093
6.000	-0.079
8.000	-0.049
10.000	-0.002
12.000	0.047
14.000	0.086
16.000	0.105
18.000	0.101
20.000	0.070
22.000	0.025
24.000	-0.027
26.000	-0.075
28.000	-0.099
30.000	-0.100
32.000	-0.075
34.000	-0.031
36.000	0.021
38.000	0.071
40.000	0.108
42.000	0.112
44.000	0.097
46.000	0.062
48.000	0.001
50.000	-0.050
52.000	-0.095
54.000	-0.109
56.000	-0.104
58.000	-0.064
60.000	-0.012
62.000	0.050
64.000	0.093
66.000	0.121
68.000	0.119
70.000	0.086
72.000	0.041
74.000	-0.021
76.000	-0.072
78.000	-0.108
80.000	-0.112
82.000	-0.095
84.000	-0.052
86.000	0.011
88.000	0.070
90.000	0.115
92.000	0.129
94.000	0.117
96.000	0.075
98.000	0.018
100.000	-0.045
102.000	-0.092
104.000	-0.124
106.000	-0.118
108.000	-0.081
110.000	-0.028
112.000	0.038
114.000	0.092
116.000	0.131
118.000	0.138
120.000	0.105
122.000	0.056
124.000	-0.006
126.000	-0.076
128.000	-0.116
130.000	-0.129
132.000	-0.118
134.000	-0.069
136.000	-0.003
138.000	0.065
140.000	0.119
142.000	0.146
144.000	0.136
146.000	0.097
148.000	0.033
150.000	-0.039
152.000	-0.099
154.000	-0.133
156.000	-0.138
158.000	-0.104
160.000	-0.045
162.000	0.031
164.000	0.100
166.000	0.145
168.000	0.159
170.000	0.135
172.000	0.083
174.000	0.007
176.000	-0.072
178.000	-0.124
180.000	-0.147
182.000	-0.135
184.000	-0.088
186.000	-0.018
188.000	0.060
190.000	0.122
192.000	0.160
194.000	0.159
196.000	0.118
198.000	0.051
200.000	-0.027
202.000	-0.095
204.000	-0.144
206.000	-0.153
208.000	-0.126
210.000	-0.064
212.000	0.013
214.000	0.090
216.000	0.148
218.000	0.169
220.000	0.151
222.000	0.100
224.000	0.022
226.000	-0.062
228.000	-0.127
230.000	-0.160
232.000	-0.155
234.000	-0.111
236.000	-0.037
238.000	0.047
240.000	0.121
242.000	0.167
244.000	0.174
246.000	0.142
248.000	0.071
250.000	-0.013
252.000	-0.093
254.000	-0.151
256.000	-0.172
258.000	-0.147
260.000	-0.087
262.000	-0.004
264.000	0.081
266.000	0.150
268.000	0.186
270.000	0.169
272.000	0.121
274.000	0.040
276.000	-0.053
278.000	-0.127
280.000	-0.171
282.000	-0.177
284.000	-0.131
286.000	-0.054
288.000	0.031
290.000	0.117
292.000	0.180
294.000	0.190
296.000	0.162
298.000	0.093
300.000	0.003
302.000	-0.086
304.000	-0.159
306.000	-0.186
308.000	-0.167
310.000	-0.113
312.000	-0.023
314.000	0.077
316.000	0.148
318.000	0.194
320.000	0.196
322.000	0.144
324.000	0.062
326.000	-0.038
328.000	-0.124
330.000	-0.180
332.000	-0.195
334.000	-0.156
336.000	-0.077
338.000	0.013
340.000	0.111
342.000	0.184
344.000	0.205
346.000	0.186
348.000	0.123
350.000	0.023
352.000	-0.077
354.000	-0.154
356.000	-0.199
358.000	-0.190
360.000	-0.136
362.000	-0.047
364.000	0.057
366.000	0.146
368.000	0.203
370.000	0.212
372.000	0.165
374.000	0.085
376.000	-0.017
378.000	-0.120
380.000	-0.186
382.000	-0.208
384.000	-0.185
386.000	-0.105
388.000	0.001
390.000	0.097
392.000	0.183
394.000	0.226
396.000	0.205
398.000	0.145
400.000	0.048
402.000	-0.062
404.000	-0.157
406.000	-0.209
408.000	-0.210
410.000	-0.160
412.000	-0.067
414.000	0.045
416.000	0.143
418.000	0.207
420.000	0.226
422.000	0.191
424.000	0.107
426.000	-0.002
428.000	-0.108
430.000	-0.192
432.000	-0.227
434.000	-0.206
436.000	-0.134
438.000	-0.030
440.000	0.083
442.000	0.178
444.000	0.228
446.000	0.226
448.000	0.168
450.000	0.069
452.000	-0.044
454.000	-0.148
456.000	-0.216
458.000	-0.227
460.000	-0.187
462.000	-0.100
464.000	0.017
466.000	0.132
468.000	0.212
470.000	0.244
472.000	0.221
474.000	0.143
476.000	0.027
478.000	-0.090
480.000	-0.184
482.000	-0.230
484.000	-0.223
486.000	-0.155
488.000	-0.048
490.000	0.071
492.000	0.178
494.000	0.243
496.000	0.250
498.000	0.201
500.000	0.101
502.000	-0.021
504.000	-0.140
506.000	-0.222
508.000	-0.247
510.000	-0.212
512.000	-0.124
514.000	-0.005
516.000	0.118
518.000	0.213
520.000	0.257
522.000	0.239
524.000	0.164
526.000	0.050
528.000	-0.075
530.000	-0.181
532.000	-0.247
534.000	-0.244
536.000	-0.186
538.000	-0.083
540.000	0.048
542.000	0.166
544.000	0.241
546.000	0.266
548.000	0.224
550.000	0.122
552.000	-0.001
554.000	-0.126
556.000	-0.224
558.000	-0.260
560.000	-0.230
562.000	-0.153
564.000	-0.029
566.000	0.105
568.000	0.206
570.000	0.267
572.000	0.267
574.000	0.191
576.000	0.078
578.000	-0.057
580.000	-0.175
582.000	-0.250
584.000	-0.268
586.000	-0.211
588.000	-0.107
590.000	0.021
592.000	0.153
594.000	0.247
596.000	0.276
598.000	0.247
600.000	0.158
602.000	0.022
604.000	-0.110
606.000	-0.216
608.000	-0.272
610.000	-0.258
612.000	-0.181
614.000	-0.057
616.000	0.079
618.000	0.202
620.000	0.272
622.000	0.283
624.000	0.221
626.000	0.112
628.000	-0.031
630.000	-0.161
632.000	-0.255
634.000	-0.280
636.000	-0.240
638.000	-0.132
640.000	-0.004
642.000	0.139
644.000	0.241
646.000	0.291
648.000	0.272
650.000	0.182
652.000	0.053
654.000	-0.089
656.000	-0.216
658.000	-0.280
660.000	-0.279
662.000	-0.208
664.000	-0.087
666.000	0.060
668.000	0.193
670.000	0.279
672.000	0.301
674.000	0.250
676.000	0.139
678.000	-0.005
680.000	-0.147
682.000	-0.251
684.000	-0.294
686.000	-0.264
688.000	-0.168
690.000	-0.030
692.000	0.119
694.000	0.239
696.000	0.305
698.000	0.296
700.000	0.216
702.000	0.084
704.000	-0.067
706.000	-0.201
708.000	-0.285
710.000	-0.299
712.000	-0.239
714.000	-0.118
716.000	0.032
718.000	0.177
720.000	0.279
722.000	0.316
724.000	0.277
726.000	0.171
728.000	0.024
730.000	-0.128
732.000	-0.249
734.000	-0.307
736.000	-0.288
738.000	-0.198
740.000	-0.061
742.000	0.097
744.000	0.230
746.000	0.311
748.000	0.317
750.000	0.247
752.000	0.118
754.000	-0.041
756.000	-0.187
758.000	-0.287
760.000	-0.315
762.000	-0.268
764.000	-0.152
766.000	0.002
768.000	0.157
770.000	0.276
772.000	0.328
774.000	0.303
776.000	0.203
778.000	0.055
780.000	-0.105
782.000	-0.235
784.000	-0.311
786.000	-0.308
788.000	-0.229
790.000	-0.099
792.000	0.067
794.000	0.217
796.000	0.317
798.000	0.333
800.000	0.275
802.000	0.155
804.000	-0.013
806.000	-0.169
808.000	-0.280
810.000	-0.333
812.000	-0.295
814.000	-0.182
816.000	-0.031
818.000	0.135
820.000	0.271
822.000	0.336
824.000	0.326
826.000	0.239
828.000	0.087
830.000	-0.080
832.000	-0.228
834.000	-0.319
836.000	-0.331
838.000	-0.267
840.000	-0.129
842.000	0.041
844.000	0.196
846.000	0.312
848.000	0.354
850.000	0.302
852.000	0.186
854.000	0.026
856.000	-0.151
858.000	-0.278
860.000	-0.339
862.000	-0.321
864.000	-0.220
866.000	-0.064
868.000	0.109
870.000	0.257
872.000	0.342
874.000	0.348
876.000	0.270
878.000	0.121
880.000	-0.050
882.000	-0.210
884.000	-0.322
886.000	-0.350
888.000	-0.292
890.000	-0.167
892.000	0.007
894.000	0.182
896.000	0.304
898.000	0.362
900.000	0.337
902.000	0.218
904.000	0.055
906.000	-0.122
908.000	-0.270
910.000	-0.349
912.000	-0.343
914.000	-0.255
916.000	-0.097
918.000	0.079
920.000	0.241
922.000	0.349
924.000	0.366
926.000	0.301
928.000	0.161
930.000	-0.018
932.000	-0.191
934.000	-0.315
936.000	-0.362
938.000	-0.316
940.000	-0.199
942.000	-0.031
944.000	0.149
946.000	0.298
948.000	0.372
950.000	0.356
952.000	0.260
954.000	0.090
956.000	-0.097
958.000	-0.258
960.000	-0.354
962.000	-0.364
964.000	-0.286
966.000	-0.136
968.000	0.048
970.000	0.223
972.000	0.345
974.000	0.384
976.000	0.330
978.000	0.198
980.000	0.019
982.000	-0.162
984.000	-0.305
986.000	-0.372
988.000	-0.346
990.000	-0.235
992.000	-0.065
994.000	0.121
996.000	0.281
998.000	0.374
1000.000	0.377
1002.000	0.288
1004.000	0.129
1006.000	-0.061
1008.000	-0.236
1010.000	-0.354
1012.000	-0.383
1014.000	-0.317
1016.000	-0.174
1018.000	0.013
1020.000	0.198
1022.000	0.339
1024.000	0.396
1026.000	0.361
1028.000	0.236
1030.000	0.055
1032.000	-0.136
1034.000	-0.292
1036.000	-0.378
1038.000	-0.372
1040.000	-0.272
1042.000	-0.107
1044.000	0.089
1046.000	0.265
1048.000	0.378
1050.000	0.398
1052.000	0.322
1054.000	0.173
1056.000	-0.028
1058.000	-0.212
1060.000	-0.349
1062.000	-0.394
1064.000	-0.350
1066.000	-0.213
1068.000	-0.029
1070.000	0.172
1072.000	0.331
1074.000	0.403
1076.000	0.386
1078.000	0.269
1080.000	0.093
1082.000	-0.106
1084.000	-0.281
1086.000	-0.385
1088.000	-0.399
1090.000	-0.308
1092.000	-0.140
1094.000	0.056
1096.000	0.246
1098.000	0.370
1100.000	0.416
1102.000	0.357
1104.000	0.207
1106.000	0.012
1108.000	-0.190
1110.000	-0.340
1112.000	-0.408
1114.000	-0.377
1116.000	-0.249
1118.000	-0.067
1120.000	0.140
1122.000	0.309
1124.000	0.409
1126.000	0.411
1128.000	0.306
1130.000	0.135
1132.000	-0.070
1134.000	-0.260
1136.000	-0.384
1138.000	-0.417
1140.000	-0.340
1142.000	-0.187
1144.000	0.019
1146.000	0.225
1148.000	0.365
1150.000	0.429
1152.000	0.382
1154.000	0.249
1156.000	0.054
1158.000	-0.158
1160.000	-0.324
1162.000	-0.416
1164.000	-0.399
1166.000	-0.287
1168.000	-0.106
1170.000	0.105
1172.000	0.289
1174.000	0.409
1176.000	0.427
1178.000	0.345
1180.000	0.177
1182.000	-0.034
1184.000	-0.233
1186.000	-0.383
1188.000	-0.429
1190.000	-0.372
1192.000	-0.225
1194.000	-0.021
1196.000	0.189
1198.000	0.355
1200.000	0.439
1202.000	0.418
1204.000	0.288
1206.000	0.094
1208.000	-0.124
1210.000	-0.310
1212.000	-0.420
1214.000	-0.428
1216.000	-0.329
1218.000	-0.152
1220.000	0.064
1222.000	0.265
1224.000	0.401
1226.000	0.442
1228.000	0.378
1230.000	0.221
1232.000	0.009
1234.000	-0.203
1236.000	-0.363
1238.000	-0.437
1240.000	-0.399
1242.000	-0.264
1244.000	-0.061
1246.000	0.158
1248.000	0.344
1250.000	0.445
1252.000	0.439
1254.000	0.328
1256.000	0.139
1258.000	-0.084
1260.000	-0.283
1262.000	-0.414
1264.000	-0.441
1266.000	-0.361
1268.000	-0.191
1270.000	0.028
1272.000	0.240
1274.000	0.397
1276.000	0.460
1278.000	0.414
1280.000	0.266
1282.000	0.053
1284.000	-0.168
1286.000	-0.350
1288.000	-0.440
1290.000	-0.427
1292.000	-0.305
1294.000	-0.104
1296.000	0.121
1298.000	0.317
1300.000	0.439
1302.000	0.458
1304.000	0.364
1306.000	0.184
1308.000	-0.044
1310.000	-0.258
1312.000	-0.405
1314.000	-0.453
1316.000	-0.398
1318.000	-0.236
1320.000	-0.016
1322.000	0.212
1324.000	0.382
1326.000	0.467
1328.000	0.437
1330.000	0.299
1332.000	0.094
1334.000	-0.136
1336.000	-0.336
1338.000	-0.447
1340.000	-0.445
1342.000	-0.348
1344.000	-0.152
1346.000	0.083
1348.000	0.288
1350.000	0.436
1352.000	0.479
1354.000	0.397
1356.000	0.227
1358.000	0.002
1360.000	-0.229
1362.000	-0.396
1364.000	-0.465
1366.000	-0.430
1368.000	-0.278
1370.000	-0.057
1372.000	0.170
1374.000	0.365
1376.000	0.476
1378.000	0.460
1380.000	0.342
1382.000	0.141
1384.000	-0.096
1386.000	-0.308
1388.000	-0.444
1390.000	-0.470
1392.000	-0.385
1394.000	-0.197
1396.000	0.036
1398.000	0.261
1400.000	0.426
1402.000	0.483
1404.000	0.431
1406.000	0.272
1408.000	0.041
1410.000	-0.191
1412.000	-0.376
1414.000	-0.479
1416.000	-0.452
1418.000	-0.314
1420.000	-0.108
1422.000	0.133
1424.000	0.338
1426.000	0.469
1428.000	0.485
1430.000	0.378
1432.000	0.187
1434.000	-0.055
1436.000	-0.280
1438.000	-0.434
1440.000	-0.487
1442.000	-0.416
1444.000	-0.241
1446.000	-0.005
1448.000	0.226
1450.000	0.407
1452.000	0.492
1454.000	0.458
1456.000	0.312
1458.000	0.089
1460.000	-0.155
1462.000	-0.361
1464.000	-0.479
1466.000	-0.480
1468.000	-0.362
1470.000	-0.159
1472.000	0.087
1474.000	0.312
1476.000	0.460
1478.000	0.499
1480.000	0.416
1482.000	0.232
1484.000	-0.009
1486.000	-0.247
1488.000	-0.424
1490.000	-0.498
1492.000	-0.447
1494.000	-0.286
1496.000	-0.056
1498.000	0.189
1500.000	0.395
1502.000	0.501
1504.000	0.484
1506.000	0.354
1508.000	0.136
1510.000	-0.114
1512.000	-0.337
1514.000	-0.475
1516.000	-0.500
1518.000	-0.401
1520.000	-0.203
1522.000	0.043
1524.000	0.280
1526.000	0.452
1528.000	0.516
1530.000	0.456
1532.000	0.283
1534.000	0.044
1536.000	-0.204
1538.000	-0.401
1540.000	-0.498
1542.000	-0.472
1544.000	-0.327
1546.000	-0.104
1548.000	0.148
1550.000	0.367
1552.000	0.498
1554.000	0.509
1556.000	0.397
1558.000	0.188
1560.000	-0.065
1562.000	-0.302
1564.000	-0.463
1566.000	-0.511
1568.000	-0.433
1570.000	-0.249
1572.000	-0.003
1574.000	0.245
1576.000	0.437
1578.000	0.526
1580.000	0.479
1582.000	0.324
1584.000	0.089
1586.000	-0.165
1588.000	-0.386
1590.000	-0.503
1592.000	-0.495
1594.000	-0.378
1596.000	-0.155
1598.000	0.108
1600.000	0.334
1602.000	0.491
1604.000	0.525
1606.000	0.435
1608.000	0.241
1610.000	-0.017
1612.000	-0.266
1614.000	-0.451
1616.000	-0.521
1618.000	-0.470
1620.000	-0.296
1622.000	-0.052
1624.000	0.206
1626.000	0.415
1628.000	0.525
1630.000	0.506
1632.000	0.367
1634.000	0.139
1636.000	-0.124
1638.000	-0.354
1640.000	-0.498
1642.000	-0.516
1644.000	-0.416
1646.000	-0.205
1648.000	0.053
1650.000	0.304
1652.000	0.477
1654.000	0.540
1656.000	0.466
1658.000	0.285
1660.000	0.031
1662.000	-0.228
1664.000	-0.426
1666.000	-0.529
1668.000	-0.496
1670.000	-0.347
1672.000	-0.104
1674.000	0.165
1676.000	0.389
1678.000	0.523
1680.000	0.526
1682.000	0.409
1684.000	0.193
1686.000	-0.078
1688.000	-0.322
1690.000	-0.487
1692.000	-0.534
1694.000	-0.450
1696.000	-0.257
1698.000	0.004
1700.000	0.262
1702.000	0.462
1704.000	0.552
1706.000	0.497
1708.000	0.333
1710.000	0.084
1712.000	-0.184
1714.000	-0.405
1716.000	-0.523
1718.000	-0.524
1720.000	-0.387
1722.000	-0.154
1724.000	0.117
1726.000	0.360
1728.000	0.520
1730.000	0.553
1732.000	0.450
1734.000	0.239
1736.000	-0.030
1738.000	-0.289
1740.000	-0.475
1742.000	-0.548
1744.000	-0.483
1746.000	-0.303
1748.000	-0.046
1750.000	0.224
1752.000	0.439
1754.000	0.550
1756.000	0.530
1758.000	0.379
1760.000	0.138
1762.000	-0.138
1764.000	-0.374
1766.000	-0.519
1768.000	-0.538
1770.000	-0.422
1772.000	-0.201
1774.000	0.067
1776.000	0.322
1778.000	0.503
1780.000	0.561
1782.000	0.482
1784.000	0.287
1786.000	0.022
1788.000	-0.247
1790.000	-0.457
1792.000	-0.556
1794.000	-0.516
1796.000	-0.353
1798.000	-0.101
1800.000	0.178
1802.000	0.412
1804.000	0.548
1806.000	0.551
1808.000	0.422
1810.000	0.189
1812.000	-0.089
1814.000	-0.344
1816.000	-0.514
1818.000	-0.558
1820.000	-0.464
1822.000	-0.258
1824.000	0.015
1826.000	0.286
1828.000	0.484
1830.000	0.566
1832.000	0.517
1834.000	0.340
1836.000	0.079
1838.000	-0.199
1840.000	-0.433
1842.000	-0.552
1844.000	-0.540
1846.000	-0.396
1848.000	-0.152
1850.000	0.129
1852.000	0.376
1854.000	0.541
1856.000	0.575
1858.000	0.461
1860.000	0.243
1862.000	-0.039
1864.000	-0.305
1866.000	-0.494
1868.000	-0.570
1870.000	-0.500
1872.000	-0.311
1874.000	-0.040
1876.000	0.244
1878.000	0.459
1880.000	0.573
1882.000	0.545
1884.000	0.386
1886.000	0.134
1888.000	-0.155
1890.000	-0.396
1892.000	-0.544
1894.000	-0.562
1896.000	-0.437
1898.000	-0.209
1900.000	0.077
1902.000	0.348
1904.000	0.524
1906.000	0.582
1908.000	0.498
1910.000	0.292
1912.000	0.021
1914.000	-0.266
1916.000	-0.478
1918.000	-0.574
1920.000	-0.534
1922.000	-0.355
1924.000	-0.091
1926.000	0.189
1928.000	0.435
1930.000	0.574
1932.000	0.565
1934.000	0.431
1936.000	0.185
1938.000	-0.100
1940.000	-0.365
1942.000	-0.537
1944.000	-0.574
1946.000	-0.479
1948.000	-0.259
1950.000	0.028
1952.000	0.302
1954.000	0.509
1956.000	0.592
1958.000	0.531
1960.000	0.344
1962.000	0.072
1964.000	-0.218
1966.000	-0.451
1968.000	-0.572
1970.000	-0.560
1972.000	-0.405
1974.000	-0.152
1976.000	0.140
1978.000	0.399
1980.000	0.562
1982.000	0.587
1984.000	0.472
1986.000	0.240
1988.000	-0.049
1990.000	-0.326
1992.000	-0.521
1994.000	-0.591
1996.000	-0.517
1998.000	-0.312
2000.000	-0.035
2002.000	0.253
2004.000	0.479
2006.000	0.594
2008.000	0.565
2010.000	0.395
2012.000	0.129
2014.000	-0.166
2016.000	-0.420
2018.000	-0.569
2020.000	-0.579
2022.000	-0.446
2024.000	-0.204
2026.000	0.089
2028.000	0.362
2030.000	0.549
2032.000	0.603
2034.000	0.510
2036.000	0.295
2038.000	0.008
2040.000	-0.280
2042.000	-0.499
2044.000	-0.595
2046.000	-0.545
2048.000	-0.360
2050.000	-0.087
2052.000	0.209
2054.000	0.459
2056.000	0.595
2058.000	0.590
2060.000	0.442
2062.000	0.189
2064.000	-0.113
2066.000	-0.383
2068.000	-0.558
2070.000	-0.597
2072.000	-0.486
2074.000	-0.259
2076.000	0.034
2078.000	0.320
2080.000	0.530
2082.000	0.611
2084.000	0.545
2086.000	0.347
2088.000	0.064
2090.000	-0.232
2092.000	-0.472
2094.000	-0.596
2096.000	-0.572
2098.000	-0.409
2100.000	-0.145
2102.000	0.156
2104.000	0.425
2106.000	0.580
2108.000	0.604
2110.000	0.481
2112.000	0.241
2114.000	-0.061
2116.000	-0.344
2118.000	-0.541
2120.000	-0.609
2122.000	-0.523
2124.000	-0.312
2126.000	-0.023
2128.000	0.274
2130.000	0.509
2132.000	0.611
2134.000	0.574
2136.000	0.396
2138.000	0.118
2140.000	-0.182
2142.000	-0.437
2144.000	-0.592
2146.000	-0.594
2148.000	-0.452
2150.000	-0.204
2152.000	0.102
2154.000	0.386
2156.000	0.568
2158.000	0.620
2160.000	0.518
2162.000	0.296
2164.000	-0.005
2166.000	-0.298
2168.000	-0.521
2170.000	-0.614
2172.000	-0.561
2174.000	-0.362
2176.000	-0.081
2178.000	0.222
2180.000	0.475
2182.000	0.608
2184.000	0.601
2186.000	0.446
2188.000	0.175
2190.000	-0.127
2192.000	-0.400
2194.000	-0.579
2196.000	-0.612
2198.000	-0.496
2200.000	-0.260
2202.000	0.044
2204.000	0.338
2206.000	0.548
2208.000	0.627
2210.000	0.556
2212.000	0.351
2214.000	0.056
2216.000	-0.247
2218.000	-0.487
2220.000	-0.613
2222.000	-0.584
2224.000	-0.408
2226.000	-0.143
2228.000	0.170
2230.000	0.439
2232.000	0.607
2234.000	0.622
2236.000	0.485
2238.000	0.233
2240.000	-0.073
2242.000	-0.362
2244.000	-0.562
2246.000	-0.626
2248.000	-0.537
2250.000	-0.315
2252.000	-0.017
2254.000	0.287
2256.000	0.523
2258.000	0.634
2260.000	0.590
2262.000	0.403
2264.000	0.119
2266.000	-0.191
2268.000	-0.461
2270.000	-0.609
2272.000	-0.608
2274.000	-0.458
2276.000	-0.198
2278.000	0.113
2280.000	0.397
2282.000	0.587
2284.000	0.634
2286.000	0.526
2288.000	0.291
2290.000	-0.015
2292.000	-0.316
2294.000	-0.540
2296.000	-0.633
2298.000	-0.570
2300.000	-0.368
2302.000	-0.076
2304.000	0.233
2306.000	0.489
2308.000	0.630
2310.000	0.615
2312.000	0.452
2314.000	0.178
2316.000	-0.140
2318.000	-0.417
2320.000	-0.595
2322.000	-0.625
2324.000	-0.501
2326.000	-0.255
2328.000	0.055
2330.000	0.354
2332.000	0.565
2334.000	0.642
2336.000	0.562
2338.000	0.347
2340.000	0.047
2342.000	-0.263
2344.000	-0.508
2346.000	-0.629
2348.000	-0.594
2350.000	-0.416
2352.000	-0.135
2354.000	0.180
2356.000	0.454
2358.000	0.614
2360.000	0.627
2362.000	0.490
2364.000	0.233
2366.000	-0.082
2368.000	-0.373
2370.000	-0.579
2372.000	-0.636
2374.000	-0.535
2376.000	-0.312
2378.000	-0.004
2380.000	0.302
2382.000	0.541
2384.000	0.643
2386.000	0.595
2388.000	0.398
2390.000	0.105
2392.000	-0.209
2394.000	-0.472
2396.000	-0.627
2398.000	-0.618
2400.000	-0.456
2402.000	-0.195
2404.000	0.126
2406.000	0.419
2408.000	0.601
2410.000	0.647
2412.000	0.534
2414.000	0.285
2416.000	-0.022
2418.000	-0.327
2420.000	-0.556
2422.000	-0.642
2424.000	-0.573
2426.000	-0.366
2428.000	-0.065
2430.000	0.251
2432.000	0.506
2434.000	0.642
2436.000	0.625
2438.000	0.446
2440.000	0.168
2442.000	-0.157
2444.000	-0.436
2446.000	-0.607
2448.000	-0.636
2450.000	-0.504
2452.000	-0.248
2454.000	0.065
2456.000	0.369
2458.000	0.581
2460.000	0.654
2462.000	0.568
2464.000	0.349
2466.000	0.037
2468.000	-0.277
2470.000	-0.522
2472.000	-0.642
2474.000	-0.602
2476.000	-0.411
2478.000	-0.125
2480.000	0.197
2482.000	0.474
2484.000	0.632
2486.000	0.643
2488.000	0.492
2490.000	0.232
2492.000	-0.096
2494.000	-0.391
2496.000	-0.592
2498.000	-0.645
2500.000	-0.547
2502.000	-0.309
2504.000	0.004
2506.000	0.317
2508.000	0.554
2510.000	0.656
2512.000	0.600
2514.000	0.397
2516.000	0.100
2518.000	-0.224
2520.000	-0.487
2522.000	-0.638
2524.000	-0.628
2526.000	-0.464
2528.000	-0.186
2530.000	0.138
2532.000	0.430
2534.000	0.618
2536.000	0.655
2538.000	0.535
2540.000	0.284
2542.000	-0.034
2544.000	-0.343
2546.000	-0.565
2548.000	-0.653
2550.000	-0.578
2552.000	-0.360
2554.000	-0.054
2556.000	0.267
2558.000	0.522
2560.000	0.656
2562.000	0.631
2564.000	0.452
2566.000	0.164
2568.000	-0.161
2570.000	-0.444
2572.000	-0.620
2574.000	-0.639
2576.000	-0.503
2578.000	-0.240
2580.000	0.081
2582.000	0.384
2584.000	0.594
2586.000	0.661
2588.000	0.569
2590.000	0.339
2592.000	0.025
2594.000	-0.295
2596.000	-0.539
2598.000	-0.654
2600.000	-0.608
2602.000	-0.408
2604.000	-0.112
2606.000	0.208
2608.000	0.482
2610.000	0.642
2612.000	0.645
2614.000	0.492
2616.000	0.220
2618.000	-0.107
2620.000	-0.405
2622.000	-0.604
2624.000	-0.656
2626.000	-0.543
2628.000	-0.305
2630.000	0.017
2632.000	0.336
2634.000	0.566
2636.000	0.668
2638.000	0.607
2640.000	0.393
2642.000	0.090
2644.000	-0.233
2646.000	-0.505
2648.000	-0.647
2650.000	-0.636
2652.000	-0.463
2654.000	-0.173
2656.000	0.148
2658.000	0.443
2660.000	0.627
2662.000	0.664
2664.000	0.537
2666.000	0.277
2668.000	-0.044
2670.000	-0.352
2672.000	-0.583
2674.000	-0.662
2676.000	-0.581
2678.000	-0.356
2680.000	-0.047
2682.000	0.278
2684.000	0.538
2686.000	0.665
2688.000	0.629
2690.000	0.450
2692.000	0.151
2694.000	-0.179
2696.000	-0.467
2698.000	-0.635
2700.000	-0.649
2702.000	-0.508
2704.000	-0.240
2706.000	0.090
2708.000	0.396
2710.000	0.605
2712.000	0.674
2714.000	0.574
2716.000	0.333
2718.000	0.021
2720.000	-0.305
2722.000	-0.555
2724.000	-0.658
2726.000	-0.611
2728.000	-0.412
2730.000	-0.104
2732.000	0.224
2734.000	0.496
2736.000	0.660
2738.000	0.652
2740.000	0.492
2742.000	0.214
2744.000	-0.118
2746.000	-0.419
2748.000	-0.612
2750.000	-0.663
2752.000	-0.548
2754.000	-0.292
2756.000	0.027
2758.000	0.351
2760.000	0.579
2762.000	0.676
2764.000	0.602
2766.000	0.391
2768.000	0.081
2770.000	-0.252
2772.000	-0.516
2774.000	-0.657
2776.000	-0.636
2778.000	-0.460
2780.000	-0.168
2782.000	0.161
2784.000	0.456
2786.000	0.640
2788.000	0.667
2790.000	0.534
2792.000	0.272
2794.000	-0.060
2796.000	-0.369
2798.000	-0.591
2800.000	-0.666
2802.000	-0.584
2804.000	-0.351
2806.000	-0.034
2808.000	0.288
2810.000	0.547
2812.000	0.677
2814.000	0.633
2816.000	0.441
2818.000	0.141
2820.000	-0.188
2822.000	-0.476
2824.000	-0.643
2826.000	-0.650
2828.000	-0.506
2830.000	-0.229
2832.000	0.106
2834.000	0.408
2836.000	0.617
2838.000	0.677
2840.000	0.573
2842.000	0.329
2844.000	0.004
2846.000	-0.315
2848.000	-0.561
2850.000	-0.672
2852.000	-0.612
2854.000	-0.404
2856.000	-0.094
2858.000	0.231
2860.000	0.510
2862.000	0.665
2864.000	0.653
2866.000	0.487
2868.000	0.209
2870.000	-0.131
2872.000	-0.431
2874.000	-0.624
2876.000	-0.667
2878.000	-0.543
2880.000	-0.287
2882.000	0.033
2884.000	0.357
2886.000	0.595
2888.000	0.681
2890.000	0.604
2892.000	0.384
2894.000	0.068
2896.000	-0.256
2898.000	-0.525
2900.000	-0.664
2902.000	-0.635
2904.000	-0.453
2906.000	-0.162
2908.000	0.175
2910.000	0.467
2912.000	0.644
2914.000	0.674
2916.000	0.531
2918.000	0.264
2920.000	-0.063
2922.000	-0.381
2924.000	-0.599
2926.000	-0.673
2928.000	-0.584
2930.000	-0.344
2932.000	-0.024
2934.000	0.303
2936.000	0.553
2938.000	0.681
2940.000	0.633
2942.000	0.434
2944.000	0.129
2946.000	-0.200
2948.000	-0.480
2950.000	-0.649
2952.000	-0.654
2954.000	-0.501
2956.000	-0.217
2958.000	0.113
2960.000	0.418
2962.000	0.624
2964.000	0.680
2966.000	0.570
2968.000	0.317
2970.000	-0.001
2972.000	-0.326
2974.000	-0.572
2976.000	-0.672
2978.000	-0.610
2980.000	-0.396
2982.000	-0.085
2984.000	0.245
2986.000	0.516
2988.000	0.671
2990.000	0.654
2992.000	0.481
2994.000	0.199
2996.000	-0.141
2998.000	-0.440
3000.000	-0.634
3002.000	-0.665
3004.000	-0.539
3006.000	-0.282
3008.000	0.050
3010.000	0.367
3012.000	0.597
3014.000	0.683
3016.000	0.601
3018.000	0.379
3020.000	0.060
3022.000	-0.271
3024.000	-0.538
3026.000	-0.666
3028.000	-0.633
3030.000	-0.448
3032.000	-0.150
3034.000	0.189
3036.000	0.475
3038.000	0.653
3040.000	0.669
3042.000	0.525
3044.000	0.251
3046.000	-0.078
3048.000	-0.386
3050.000	-0.609
3052.000	-0.673
3054.000	-0.576
3056.000	-0.336
3058.000	-0.013
3060.000	0.317
3062.000	0.562
3064.000	0.679
3066.000	0.634
3068.000	0.424
3070.000	0.122
3072.000	-0.211
3074.000	-0.497
3076.000	-0.654
3078.000	-0.648
3080.000	-0.494
3082.000	-0.210
3084.000	0.125
3086.000	0.426
3088.000	0.629
3090.000	0.680
3092.000	0.565
3094.000	0.310
3096.000	-0.015
3098.000	-0.338
3100.000	-0.576
3102.000	-0.674
3104.000	-0.610
3106.000	-0.389
3108.000	-0.075
3110.000	0.255
3112.000	0.523
3114.000	0.670
3116.000	0.653
3118.000	0.472
3120.000	0.185
3122.000	-0.151
3124.000	-0.452
3126.000	-0.635
3128.000	-0.660
3130.000	-0.536
3132.000	-0.270
3134.000	0.065
3136.000	0.375
3138.000	0.603
3140.000	0.684
3142.000	0.597
3144.000	0.367
3146.000	0.052
3148.000	-0.280
3150.000	-0.544
3152.000	-0.665
3154.000	-0.631
3156.000	-0.440
3158.000	-0.141
3160.000	0.197
3162.000	0.482
3164.000	0.654
3166.000	0.667
3168.000	0.517
3170.000	0.250
3172.000	-0.088
3174.000	-0.400
3176.000	-0.610
3178.000	-0.673
3180.000	-0.570
3182.000	-0.329
3184.000	0.001
3186.000	0.323
3188.000	0.569
3190.000	0.682
3192.000	0.625
3194.000	0.416
3196.000	0.112
3198.000	-0.223
3200.000	-0.503
3202.000	-0.653
3204.000	-0.650
3206.000	-0.485
3208.000	-0.198
3210.000	0.134
3212.000	0.436
3214.000	0.634
3216.000	0.678
3218.000	0.556
3220.000	0.306
3222.000	-0.026
3224.000	-0.347
3226.000	-0.585
3228.000	-0.672
3230.000	-0.601
3232.000	-0.383
3234.000	-0.062
3236.000	0.265
3238.000	0.532
3240.000	0.676
3242.000	0.648
3244.000	0.463
3246.000	0.174
3248.000	-0.161
3250.000	-0.460
3252.000	-0.634
3254.000	-0.663
3256.000	-0.524
3258.000	-0.260
3260.000	0.069
3262.000	0.384
3264.000	0.612
3266.000	0.682
3268.000	0.587
3270.000	0.357
3272.000	0.038
3274.000	-0.295
3276.000	-0.542
3278.000	-0.667
3280.000	-0.628
3282.000	-0.429
3284.000	-0.131
3286.000	0.205
3288.000	0.489
3290.000	0.656
3292.000	0.663
3294.000	0.513
3296.000	0.229
3298.000	-0.100
3300.000	-0.403
3302.000	-0.618
3304.000	-0.670
3306.000	-0.557
3308.000	-0.319
3310.000	0.008
3312.000	0.336
3314.000	0.574
3316.000	0.679
3318.000	0.620
3320.000	0.406
3322.000	0.102
3324.000	-0.231
3326.000	-0.509
3328.000	-0.658
3330.000	-0.644
3332.000	-0.477
3334.000	-0.190
3336.000	0.145
3338.000	0.440
3340.000	0.634
3342.000	0.675
3344.000	0.548
3346.000	0.288
3348.000	-0.036
3350.000	-0.349
3352.000	-0.588
3354.000	-0.670
3356.000	-0.588
3358.000	-0.372
3360.000	-0.055
3362.000	0.279
3364.000	0.536
3366.000	0.670
3368.000	0.638
3370.000	0.456
3372.000	0.166
3374.000	-0.172
3376.000	-0.461
3378.000	-0.641
3380.000	-0.658
3382.000	-0.511
3384.000	-0.250
3386.000	0.082
3388.000	0.394
3390.000	0.607
3392.000	0.677
3394.000	0.585
3396.000	0.342
3398.000	0.026
3400.000	-0.298
3402.000	-0.553
3404.000	-0.665
3406.000	-0.615
3408.000	-0.422
3410.000	-0.116
3412.000	0.210
3414.000	0.496
3416.000	0.654
3418.000	0.653
3420.000	0.499
3422.000	0.219
3424.000	-0.108
3426.000	-0.413
3428.000	-0.616
3430.000	-0.664
3432.000	-0.552
3434.000	-0.307
3436.000	0.024
3438.000	0.339
3440.000	0.574
3442.000	0.672
3444.000	0.610
3446.000	0.396
3448.000	0.092
3450.000	-0.240
3452.000	-0.509
3454.000	-0.655
3456.000	-0.635
3458.000	-0.464
3460.000	-0.181
3462.000	0.158
3464.000	0.447
3466.000	0.632
3468.000	0.661
3470.000	0.537
3472.000	0.278
3474.000	-0.050
3476.000	-0.355
3478.000	-0.584
3480.000	-0.664
3482.000	-0.582
3484.000	-0.358
3486.000	-0.041
3488.000	0.281
3490.000	0.539
3492.000	0.662
3494.000	0.634
3496.000	0.442
3498.000	0.147
3500.000	-0.175
3502.000	-0.465
3504.000	-0.637
3506.000	-0.644
3508.000	-0.502
3510.000	-0.237
3512.000	0.093
3514.000	0.396
3516.000	0.607
3518.000	0.666
3520.000	0.574
3522.000	0.333
3524.000	0.013
3526.000	-0.304
3528.000	-0.549
3530.000	-0.661
3532.000	-0.604
3534.000	-0.404
3536.000	-0.107
3538.000	0.226
3540.000	0.497
3542.000	0.645
3544.000	0.646
3546.000	0.481
3548.000	0.209
3550.000	-0.115
3552.000	-0.417
3554.000	-0.610
3556.000	-0.654
3558.000	-0.541
3560.000	-0.290
3562.000	0.032
3564.000	0.342
3566.000	0.575
3568.000	0.671
3570.000	0.594
3572.000	0.383
3574.000	0.080
3576.000	-0.248
3578.000	-0.509
3580.000	-0.646
3582.000	-0.629
3584.000	-0.448
3586.000	-0.159
3588.000	0.162
3590.000	0.454
3592.000	0.628
3594.000	0.656
3596.000	0.519
3598.000	0.265
3600.000	-0.053
3602.000	-0.367
3604.000	-0.581
3606.000	-0.652
3608.000	-0.572
3610.000	-0.343
3612.000	-0.031
3614.000	0.283
3616.000	0.538
3618.000	0.662
3620.000	0.616
3622.000	0.430
3624.000	0.141
3626.000	-0.189
3628.000	-0.465
3630.000	-0.628
3632.000	-0.641
3634.000	-0.489
3636.000	-0.217
3638.000	0.103
3640.000	0.401
3642.000	0.603
3644.000	0.657
3646.000	0.556
3648.000	0.315
3650.000	0.004
3652.000	-0.312
3654.000	-0.547
3656.000	-0.645
3658.000	-0.596
3660.000	-0.391
3662.000	-0.089
3664.000	0.230
3666.000	0.502
3668.000	0.642
3670.000	0.638
3672.000	0.472
3674.000	0.191
3676.000	-0.126
3678.000	-0.418
3680.000	-0.609
3682.000	-0.644
3684.000	-0.526
3686.000	-0.275
3688.000	0.041
3690.000	0.347
3692.000	0.566
3694.000	0.659
3696.000	0.582
3698.000	0.366
3700.000	0.066
3702.000	-0.251
3704.000	-0.510
3706.000	-0.640
3708.000	-0.612
3710.000	-0.437
3712.000	-0.149
3714.000	0.170
3716.000	0.450
3718.000	0.619
3720.000	0.644
3722.000	0.510
3724.000	0.249
3726.000	-0.063
3728.000	-0.366
3730.000	-0.577
3732.000	-0.645
3734.000	-0.554
3736.000	-0.330
3738.000	-0.017
3740.000	0.291
3742.000	0.535
3744.000	0.645
3746.000	0.604
3748.000	0.414
3750.000	0.122
3752.000	-0.191
3754.000	-0.465
3756.000	-0.622
3758.000	-0.623
3760.000	-0.476
3762.000	-0.211
3764.000	0.114
3766.000	0.401
3768.000	0.596
3770.000	0.648
3772.000	0.541
3774.000	0.305
3776.000	-0.006
3778.000	-0.312
3780.000	-0.544
3782.000	-0.642
3784.000	-0.578
3786.000	-0.377
3788.000	-0.083
3790.000	0.236
3792.000	0.495
3794.000	0.631
3796.000	0.625
3798.000	0.457
3800.000	0.181
3802.000	-0.132
3804.000	-0.419
3806.000	-0.601
3808.000	-0.632
3810.000	-0.510
3812.000	-0.265
3814.000	0.050
3816.000	0.351
3818.000	0.563
3820.000	0.644
3822.000	0.569
3824.000	0.350
3826.000	0.054
3828.000	-0.253
3830.000	-0.509
3832.000	-0.628
3834.000	-0.593
3836.000	-0.423
3838.000	-0.140
3840.000	0.178
3842.000	0.450
3844.000	0.614
3846.000	0.630
3848.000	0.495
3850.000	0.236
3852.000	-0.075
3854.000	-0.372
3856.000	-0.571
3858.000	-0.632
3860.000	-0.542
3862.000	-0.313
3864.000	-0.009
3866.000	0.300
3868.000	0.529
3870.000	0.638
3872.000	0.593
3874.000	0.396
3876.000	0.113
3878.000	-0.197
3880.000	-0.464
3882.000	-0.612
3884.000	-0.614
3886.000	-0.459
3888.000	-0.193
3890.000	0.122
3892.000	0.399
3894.000	0.590
3896.000	0.639
3898.000	0.522
3900.000	0.289
3902.000	-0.012
3904.000	-0.318
3906.000	-0.538
3908.000	-0.623
3910.000	-0.563
3912.000	-0.360
3914.000	-0.068
3916.000	0.237
3918.000	0.492
3920.000	0.628
3922.000	0.604
3924.000	0.439
3926.000	0.165
3928.000	-0.143
3930.000	-0.417
3932.000	-0.593
3934.000	-0.617
3936.000	-0.497
3938.000	-0.247
3940.000	0.055
3942.000	0.352
3944.000	0.559
3946.000	0.627
3948.000	0.553
3950.000	0.338
3952.000	0.040
3954.000	-0.258
3956.000	-0.501
3958.000	-0.616
3960.000	-0.581
3962.000	-0.405
3964.000	-0.126
3966.000	0.183
3968.000	0.443
3970.000	0.604
3972.000	0.614
3974.000	0.473
3976.000	0.228
3978.000	-0.083
3980.000	-0.367
3982.000	-0.564
3984.000	-0.612
3986.000	-0.521
3988.000	-0.299
3990.000	-0.001
3992.000	0.298
3994.000	0.521
3996.000	0.628
3998.000	0.572
4000.000	0.380
4002.000	0.103
4004.000	-0.204
4006.000	-0.458
4008.000	-0.604
4010.000	-0.588
4012.000	-0.440
4014.000	-0.182
4016.000	0.127
4018.000	0.400
4020.000	0.578
4022.000	0.621
4024.000	0.507
4026.000	0.272
4028.000	-0.025
4030.000	-0.315
4032.000	-0.528
4034.000	-0.615
4036.000	-0.540
4038.000	-0.344
4040.000	-0.057
4042.000	0.239
4044.000	0.485
4046.000	0.609
4048.000	0.585
4050.000	0.423
4052.000	0.155
4054.000	-0.151
4056.000	-0.408
4058.000	-0.578
4060.000	-0.601
4062.000	-0.475
4064.000	-0.232
4066.000	0.065
4068.000	0.352
4070.000	0.547
4072.000	0.614
4074.000	0.534
4076.000	0.316
4078.000	0.033
4080.000	-0.262
4082.000	-0.493
4084.000	-0.600
4086.000	-0.564
4088.000	-0.385
4090.000	-0.113
4092.000	0.184
4094.000	0.441
4096.000	0.590
4098.000	0.597
4100.000	0.456
4102.000	0.207
4104.000	-0.091
4106.000	-0.364
4108.000	-0.548
4110.000	-0.602
4112.000	-0.502
4114.000	-0.284
4116.000	0.010
4118.000	0.304
4120.000	0.512
4122.000	0.605
4124.000	0.552
4126.000	0.364
4128.000	0.088
4130.000	-0.207
4132.000	-0.451
4134.000	-0.584
4136.000	-0.573
4138.000	-0.425
4140.000	-0.165
4142.000	0.135
4144.000	0.395
4146.000	0.565
4148.000	0.598
4150.000	0.490
4152.000	0.257
4154.000	-0.033
4156.000	-0.312
4158.000	-0.520
4160.000	-0.594
4162.000	-0.528
4164.000	-0.325
4166.000	-0.045
4168.000	0.241
4170.000	0.477
4172.000	0.593
4174.000	0.565
4176.000	0.399
4178.000	0.142
4180.000	-0.148
4182.000	-0.408
4184.000	-0.562
4186.000	-0.579
4188.000	-0.455
4190.000	-0.217
4192.000	0.071
4194.000	0.347
4196.000	0.540
4198.000	0.595
4200.000	0.514
4202.000	0.303
4204.000	0.019
4206.000	-0.264
4208.000	-0.483
4210.000	-0.583
4212.000	-0.541
4214.000	-0.364
4216.000	-0.104
4218.000	0.194
4220.000	0.435
4222.000	0.573
4224.000	0.579
4226.000	0.437
4228.000	0.192
4230.000	-0.099
4232.000	-0.364
4234.000	-0.532
4236.000	-0.579
4238.000	-0.480
4240.000	-0.267
4242.000	0.021
4244.000	0.298
4246.000	0.504
4248.000	0.584
4250.000	0.531
4252.000	0.344
4254.000	0.077
4256.000	-0.209
4258.000	-0.443
4260.000	-0.571
4262.000	-0.548
4264.000	-0.400
4266.000	-0.152
4268.000	0.132
4270.000	0.394
4272.000	0.552
4274.000	0.576
4276.000	0.467
4278.000	0.241
4280.000	-0.046
4282.000	-0.309
4284.000	-0.506
4286.000	-0.576
4288.000	-0.500
4290.000	-0.306
4292.000	-0.035
4294.000	0.242
4296.000	0.470
4298.000	0.574
4300.000	0.544
4302.000	0.386
4304.000	0.129
4306.000	-0.156
4308.000	-0.396
4310.000	-0.546
4312.000	-0.559
4314.000	-0.431
4316.000	-0.199
4318.000	0.082
4320.000	0.341
4322.000	0.525
4324.000	0.576
4326.000	0.487
4328.000	0.284
4330.000	0.008
4332.000	-0.262
4334.000	-0.472
4336.000	-0.562
4338.000	-0.512
4340.000	-0.348
4342.000	-0.087
4344.000	0.189
4346.000	0.426
4348.000	0.553
4350.000	0.552
4352.000	0.411
4354.000	0.178
4356.000	-0.101
4358.000	-0.357
4360.000	-0.520
4362.000	-0.554
4364.000	-0.460
4366.000	-0.246
4368.000	0.025
4370.000	0.295
4372.000	0.491
4374.000	0.564
4376.000	0.508
4378.000	0.325
4380.000	0.064
4382.000	-0.210
4384.000	-0.432
4386.000	-0.547
4388.000	-0.530
4390.000	-0.380
4392.000	-0.140
4394.000	0.139
4396.000	0.384
4398.000	0.530
4400.000	0.555
4402.000	0.445
4404.000	0.221
4406.000	-0.049
4408.000	-0.308
4410.000	-0.487
4412.000	-0.552
4414.000	-0.479
4416.000	-0.288
4418.000	-0.025
4420.000	0.244
4422.000	0.451
4424.000	0.554
4426.000	0.523
4428.000	0.358
4430.000	0.115
4432.000	-0.158
4434.000	-0.392
4436.000	-0.526
4438.000	-0.534
4440.000	-0.411
4442.000	-0.185
4444.000	0.090
4446.000	0.334
4448.000	0.506
4450.000	0.556
4452.000	0.462
4454.000	0.266
4456.000	0.008
4458.000	-0.260
4460.000	-0.456
4462.000	-0.542
4464.000	-0.497
4466.000	-0.321
4468.000	-0.075
4470.000	0.193
4472.000	0.414
4474.000	0.534
4476.000	0.533
4478.000	0.393
4480.000	0.163
4482.000	-0.108
4484.000	-0.346
4486.000	-0.503
4488.000	-0.537
4490.000	-0.435
4492.000	-0.229
4494.000	0.033
4496.000	0.291
4498.000	0.476
4500.000	0.545
4502.000	0.482
4504.000	0.303
4506.000	0.060
4508.000	-0.208
4510.000	-0.423
4512.000	-0.521
4514.000	-0.503
4516.000	-0.358
4518.000	-0.125
4520.000	0.145
4522.000	0.374
4524.000	0.513
4526.000	0.529
4528.000	0.419
4530.000	0.208
4532.000	-0.058
4534.000	-0.300
4536.000	-0.474
4538.000	-0.530
4540.000	-0.453
4542.000	-0.269
4544.000	-0.019
4546.000	0.246
4548.000	0.439
4550.000	0.531
4552.000	0.495
4554.000	0.340
4556.000	0.104
4558.000	-0.161
4560.000	-0.378
4562.000	-0.505
4564.000	-0.513
4566.000	-0.384
4568.000	-0.169
4570.000	0.089
4572.000	0.334
4574.000	0.487
4576.000	0.526
4578.000	0.437
4580.000	0.253
4582.000	-0.004
4584.000	-0.252
4586.000	-0.441
4588.000	-0.518
4590.000	-0.472
4592.000	-0.304
4594.000	-0.067
4596.000	0.191
4598.000	0.404
4600.000	0.514
4602.000	0.503
4604.000	0.365
4606.000	0.147
4608.000	-0.104
4610.000	-0.340
4612.000	-0.481
4614.000	-0.508
4616.000	-0.414
4618.000	-0.210
4620.000	0.045
4622.000	0.281
4624.000	0.458
4626.000	0.523
4628.000	0.457
4630.000	0.285
4632.000	0.047
4634.000	-0.206
4636.000	-0.403
4638.000	-0.500
4640.000	-0.479
4642.000	-0.336
4644.000	-0.109
4646.000	0.143
4648.000	0.361
4650.000	0.491
4652.000	0.505
4654.000	0.395
4656.000	0.188
4658.000	-0.061
4660.000	-0.289
4662.000	-0.456
4664.000	-0.503
4666.000	-0.429
4668.000	-0.248
4670.000	-0.007
4672.000	0.237
4674.000	0.422
4676.000	0.507
4678.000	0.471
4680.000	0.314
4682.000	0.089
4684.000	-0.156
4686.000	-0.367
4688.000	-0.483
4690.000	-0.476
4692.000	-0.366
4694.000	-0.153
4696.000	0.094
4698.000	0.315
4700.000	0.467
4702.000	0.505
4704.000	0.413
4706.000	0.229
4708.000	-0.011
4710.000	-0.248
4712.000	-0.423
4714.000	-0.496
4716.000	-0.443
4718.000	-0.283
4720.000	-0.049
4722.000	0.191
4724.000	0.385
4726.000	0.490
4728.000	0.475
4730.000	0.347
4732.000	0.133
4734.000	-0.110
4736.000	-0.327
4738.000	-0.456
4740.000	-0.481
4742.000	-0.386
4744.000	-0.192
4746.000	0.047
4748.000	0.271
4750.000	0.441
4752.000	0.493
4754.000	0.429
4756.000	0.265
4758.000	0.035
4760.000	-0.201
4762.000	-0.389
4764.000	-0.475
4766.000	-0.450
4768.000	-0.313
4770.000	-0.094
4772.000	0.144
4774.000	0.348
4776.000	0.466
4778.000	0.477
4780.000	0.368
4782.000	0.171
4784.000	-0.062
4786.000	-0.282
4788.000	-0.433
4790.000	-0.479
4792.000	-0.399
4794.000	-0.229
4796.000	-0.002
4798.000	0.232
4800.000	0.404
4802.000	0.479
4804.000	0.443
4806.000	0.295
4808.000	0.077
4810.000	-0.159
4812.000	-0.349
4814.000	-0.458
4816.000	-0.455
4818.000	-0.333
4820.000	-0.136
4822.000	0.094
4824.000	0.312
4826.000	0.444
4828.000	0.472
4830.000	0.386
4832.000	0.209
4834.000	-0.018
4836.000	-0.240
4838.000	-0.402
4840.000	-0.467
4842.000	-0.417
4844.000	-0.256
4846.000	-0.041
4848.000	0.186
4850.000	0.375
4852.000	0.464
4854.000	0.443
4856.000	0.320
4858.000	0.120
4860.000	-0.111
4862.000	-0.307
4864.000	-0.437
4866.000	-0.452
4868.000	-0.360
4870.000	-0.174
4872.000	0.053
4874.000	0.265
4876.000	0.416
4878.000	0.466
4880.000	0.400
4882.000	0.241
4884.000	0.028
4886.000	-0.200
4888.000	-0.366
4890.000	-0.445
4892.000	-0.422
4894.000	-0.287
4896.000	-0.080
4898.000	0.139
4900.000	0.333
4902.000	0.447
4904.000	0.444
4906.000	0.343
4908.000	0.162
4910.000	-0.069
4912.000	-0.271
4914.000	-0.408
4916.000	-0.446
4918.000	-0.373
4920.000	-0.211
4922.000	0.008
4924.000	0.224
4926.000	0.386
4928.000	0.451
4930.000	0.412
4932.000	0.269
4934.000	0.066
4936.000	-0.152
4938.000	-0.338
4940.000	-0.432
4942.000	-0.419
4944.000	-0.313
4946.000	-0.121
4948.000	0.101
4950.000	0.290
4952.000	0.419
4954.000	0.443
4956.000	0.355
4958.000	0.191
4960.000	-0.019
4962.000	-0.232
4964.000	-0.380
4966.000	-0.436
4968.000	-0.386
4970.000	-0.237
4972.000	-0.035
4974.000	0.181
4976.000	0.352
4978.000	0.437
4980.000	0.416
4982.000	0.296
4984.000	0.104
4986.000	-0.107
4988.000	-0.296
4990.000	-0.409
4992.000	-0.416
4994.000	-0.330
4996.000	-0.157
4998.000	0.052
5000.000	0.253
5002.000	0.390
5004.000	0.434
5006.000	0.374
5008.000	0.222
5010.000	0.015
5012.000	-0.187
5014.000	-0.349
5016.000	-0.423
5018.000	-0.392
5020.000	-0.264
5022.000	-0.071
5024.000	0.139
5026.000	0.319
5028.000	0.416
5030.000	0.414
5032.000	0.321
5034.000	0.142
5036.000	-0.069
5038.000	-0.260
5040.000	-0.383
5042.000	-0.415
5044.000	-0.347
5046.000	-0.187
5048.000	0.014
5050.000	0.216
5052.000	0.359
5054.000	0.423
5056.000	0.381
5058.000	0.244
5060.000	0.062
5062.000	-0.147
5064.000	-0.315
5066.000	-0.399
5068.000	-0.392
5070.000	-0.284
5072.000	-0.111
5074.000	0.104
5076.000	0.279
5078.000	0.389
5080.000	0.417
5082.000	0.333
5084.000	0.172
5086.000	-0.030
5088.000	-0.220
5090.000	-0.355
5092.000	-0.407
5094.000	-0.353
5096.000	-0.217
5098.000	-0.024
5100.000	0.170
5102.000	0.335
5104.000	0.405
5106.000	0.382
5108.000	0.272
5110.000	0.093
5112.000	-0.110
5114.000	-0.272
5116.000	-0.382
5118.000	-0.385
5120.000	-0.303
5122.000	-0.139
5124.000	0.056
5126.000	0.241
5128.000	0.362
5130.000	0.402
5132.000	0.344
5134.000	0.204
5136.000	0.008
5138.000	-0.180
5140.000	-0.326
5142.000	-0.391
5144.000	-0.356
5146.000	-0.243
5148.000	-0.061
5150.000	0.135
5152.000	0.296
5154.000	0.389
5156.000	0.389
5158.000	0.286
5160.000	0.126
5162.000	-0.064
5164.000	-0.244
5166.000	-0.356
5168.000	-0.382
5170.000	-0.316
5172.000	-0.168
5174.000	0.016
5176.000	0.203
5178.000	0.339
5180.000	0.389
5182.000	0.351
5184.000	0.226
5186.000	0.045
5188.000	-0.141
5190.000	-0.294
5192.000	-0.377
5194.000	-0.360
5196.000	-0.256
5198.000	-0.095
5200.000	0.096
5202.000	0.266
5204.000	0.363
5206.000	0.380
5208.000	0.307
5210.000	0.152
5212.000	-0.030
5214.000	-0.199
5216.000	-0.330
5218.000	-0.374
5220.000	-0.326
5222.000	-0.194
5224.000	-0.016
5226.000	0.163
5228.000	0.308
5230.000	0.379
5232.000	0.350
5234.000	0.246
5236.000	0.081
5238.000	-0.105
5240.000	-0.260
5242.000	-0.352
5244.000	-0.360
5246.000	-0.274
5248.000	-0.124
5250.000	0.062
5252.000	0.227
5254.000	0.339
5256.000	0.369
5258.000	0.313
5260.000	0.180
5262.000	0.009
5264.000	-0.168
5266.000	-0.303
5268.000	-0.359
5270.000	-0.327
5272.000	-0.217
5274.000	-0.052
5276.000	0.132
5278.000	0.275
5280.000	0.356
5282.000	0.349
5284.000	0.266
5286.000	0.111
5288.000	-0.069
5290.000	-0.224
5292.000	-0.327
5294.000	-0.353
5296.000	-0.284
5298.000	-0.148
5300.000	0.023
5302.000	0.187
5304.000	0.315
5306.000	0.358
5308.000	0.317
5310.000	0.198
5312.000	0.039
5314.000	-0.133
5316.000	-0.273
5318.000	-0.341
5320.000	-0.327
5322.000	-0.234
5324.000	-0.081
5326.000	0.095
5328.000	0.242
5330.000	0.331
5332.000	0.351
5334.000	0.273
5336.000	0.136
5338.000	-0.027
5340.000	-0.190
5342.000	-0.304
5344.000	-0.343
5346.000	-0.288
5348.000	-0.173
5350.000	-0.011
5352.000	0.155
5354.000	0.284
5356.000	0.343
5358.000	0.317
5360.000	0.224
5362.000	0.069
5364.000	-0.101
5366.000	-0.234
5368.000	-0.319
5370.000	-0.324
5372.000	-0.248
5374.000	-0.104
5376.000	0.060
5378.000	0.209
5380.000	0.311
5382.000	0.338
5384.000	0.281
5386.000	0.164
5388.000	-0.003
5390.000	-0.156
5392.000	-0.275
5394.000	-0.328
5396.000	-0.295
5398.000	-0.188
5400.000	-0.043
5402.000	0.120
5404.000	0.250
5406.000	0.323
5408.000	0.318
5410.000	0.231
5412.000	0.096
5414.000	-0.061
5416.000	-0.211
5418.000	-0.298
5420.000	-0.314
5422.000	-0.260
5424.000	-0.131
5426.000	0.031
5428.000	0.175
5430.000	0.284
5432.000	0.323
5434.000	0.285
5436.000	0.181
5438.000	0.027
5440.000	-0.124
5442.000	-0.246
5444.000	-0.309
5446.000	-0.292
5448.000	-0.206
5450.000	-0.070
5452.000	0.089
5454.000	0.228
5456.000	0.300
5458.000	0.311
5460.000	0.245
5462.000	0.119
5464.000	-0.032
5466.000	-0.179
5468.000	-0.274
5470.000	-0.304
5472.000	-0.261
5474.000	-0.151
5476.000	0.000
5478.000	0.145
5480.000	0.263
5482.000	0.308
5484.000	0.288
5486.000	0.195
5488.000	0.058
5490.000	-0.095
5492.000	-0.219
5494.000	-0.288
5496.000	-0.290
5498.000	-0.218
5500.000	-0.091
5502.000	0.053
5504.000	0.191
5506.000	0.277
5508.000	0.302
5510.000	0.247
5512.000	0.142
5514.000	-0.003
5516.000	-0.147
5518.000	-0.247
5520.000	-0.291
5522.000	-0.259
5524.000	-0.167
5526.000	-0.031
5528.000	0.109
5530.000	0.232
5532.000	0.290
5534.000	0.282
5536.000	0.205
5538.000	0.083
5540.000	-0.060
5542.000	-0.188
5544.000	-0.264
5546.000	-0.280
5548.000	-0.227
5550.000	-0.108
5552.000	0.028
5554.000	0.161
5556.000	0.253
5558.000	0.292
5560.000	0.253
5562.000	0.157
5564.000	0.022
5566.000	-0.112
5568.000	-0.221
5570.000	-0.274
5572.000	-0.255
5574.000	-0.181
5576.000	-0.056
5578.000	0.079
5580.000	0.201
5582.000	0.270
5584.000	0.274
5586.000	0.212
5588.000	0.105
5590.000	-0.031
5592.000	-0.159
5594.000	-0.244
5596.000	-0.269
5598.000	-0.229
5600.000	-0.130
5602.000	0.000
5604.000	0.130
5606.000	0.226
5608.000	0.277
5610.000	0.251
5612.000	0.169
5614.000	0.045
5616.000	-0.082
5618.000	-0.193
5620.000	-0.256
5622.000	-0.249
5624.000	-0.189
5626.000	-0.078
5628.000	0.051
5630.000	0.173
5632.000	0.248
5634.000	0.264
5636.000	0.219
5638.000	0.122
5640.000	-0.009
5642.000	-0.128
5644.000	-0.223
5646.000	-0.255
5648.000	-0.224
5650.000	-0.147
5652.000	-0.024
5654.000	0.105
5656.000	0.202
5658.000	0.256
5660.000	0.243
5662.000	0.180
5664.000	0.075
5666.000	-0.057
5668.000	-0.164
5670.000	-0.234
5672.000	-0.244
5674.000	-0.193
5676.000	-0.097
5678.000	0.026
5680.000	0.141
5682.000	0.226
5684.000	0.249
5686.000	0.221
5688.000	0.135
5690.000	0.019
5692.000	-0.100
5694.000	-0.195
5696.000	-0.238
5698.000	-0.221
5700.000	-0.158
5702.000	-0.045
5704.000	0.077
5706.000	0.172
5708.000	0.237
5710.000	0.243
5712.000	0.184
5714.000	0.089
5716.000	-0.032
5718.000	-0.138
5720.000	-0.206
5722.000	-0.234
5724.000	-0.194
5726.000	-0.105
5728.000	0.001
5730.000	0.116
5732.000	0.203
5734.000	0.235
5736.000	0.218
5738.000	0.149
5740.000	0.040
5742.000	-0.074
5744.000	-0.171
5746.000	-0.220
5748.000	-0.211
5750.000	-0.162
5752.000	-0.064
5754.000	0.054
5756.000	0.148
5758.000	0.214
5760.000	0.231
5762.000	0.187
5764.000	0.104
5766.000	-0.009
5768.000	-0.112
5770.000	-0.186
5772.000	-0.218
5774.000	-0.195
5776.000	-0.117
5778.000	-0.017
5780.000	0.088
5782.000	0.179
5784.000	0.222
5786.000	0.209
5788.000	0.154
5790.000	0.060
5792.000	-0.048
5794.000	-0.146
5796.000	-0.193
5798.000	-0.207
5800.000	-0.165
5802.000	-0.082
5804.000	0.027
5806.000	0.124
5808.000	0.188
5810.000	0.219
5812.000	0.187
5814.000	0.113
5816.000	0.011
5818.000	-0.085
5820.000	-0.164
5822.000	-0.201
5824.000	-0.189
5826.000	-0.126
5828.000	-0.036
5830.000	0.063
5832.000	0.151
5834.000	0.201
5836.000	0.199
5838.000	0.161
5840.000	0.073
5842.000	-0.025
5844.000	-0.119
5846.000	-0.178
5848.000	-0.193
5850.000	-0.163
5852.000	-0.094
5854.000	0.009
5856.000	0.100
5858.000	0.166
5860.000	0.204
5862.000	0.184
5864.000	0.121
5866.000	0.033
5868.000	-0.062
5870.000	-0.141
5872.000	-0.185
5874.000	-0.181
5876.000	-0.130
5878.000	-0.051
5880.000	0.040
5882.000	0.131
5884.000	0.182
5886.000	0.189
5888.000	0.156
5890.000	0.086
5892.000	-0.006
5894.000	-0.096
5896.000	-0.152
5898.000	-0.181
5900.000	-0.160
5902.000	-0.094
5904.000	-0.013
5906.000	0.081
5908.000	0.145
5910.000	0.184
5912.000	0.180
5914.000	0.125
5916.000	0.048
5918.000	-0.043
5920.000	-0.117
5922.000	-0.160
5924.000	-0.171
5926.000	-0.132
5928.000	-0.065
5930.000	0.023
5932.000	0.104
5934.000	0.160
5936.000	0.178
5938.000	0.154
5940.000	0.092
5942.000	0.013
5944.000	-0.067
5946.000	-0.135
5948.000	-0.163
5950.000	-0.151
5952.000	-0.105
5954.000	-0.028
5956.000	0.051
5958.000	0.125
5960.000	0.165
5962.000	0.166
5964.000	0.127
5966.000	0.062
5968.000	-0.024
5970.000	-0.093
5972.000	-0.138
5974.000	-0.158
5976.000	-0.131
5978.000	-0.075
5980.000	0.005
5982.000	0.086
5984.000	0.135
5986.000	0.162
5988.000	0.153
5990.000	0.097
5992.000	0.028
5994.000	-0.051
5996.000	-0.112
5998.000	-0.150
6000.000	-0.144
6002.000	-0.105
6004.000	-0.040
6006.000	0.037
6008.000	0.101
6010.000	0.146
6012.000	0.153
6014.000	0.124
6016.000	0.069
6018.000	-0.003
6020.000	-0.075
6022.000	-0.123
6024.000	-0.138
6026.000	-0.126
6028.000	-0.077
6030.000	-0.012
6032.000	0.062
6034.000	0.116
6036.000	0.146
6038.000	0.140
6040.000	0.102
6042.000	0.039
6044.000	-0.031
6046.000	-0.095
6048.000	-0.123
6050.000	-0.132
6052.000	-0.106
6054.000	-0.049
6056.000	0.019
6058.000	0.083
6060.000	0.124
6062.000	0.144
6064.000	0.121
6066.000	0.072
6068.000	0.015
6070.000	-0.053
6072.000	-0.104
6074.000	-0.128
6076.000	-0.112
6078.000	-0.078
6080.000	-0.021
6082.000	0.041
6084.000	0.099
6086.000	0.128
6088.000	0.127
6090.000	0.104
6092.000	0.049
6094.000	-0.014
6096.000	-0.074
6098.000	-0.104
6100.000	-0.119
6102.000	-0.099
6104.000	-0.057
6106.000	0.010
6108.000	0.063
6110.000	0.104
6112.000	0.125
6114.000	0.113
6116.000	0.076
6118.000	0.019
6120.000	-0.031
6122.000	-0.081
6124.000	-0.108
6126.000	-0.108
6128.000	-0.081
6130.000	-0.025
6132.000	0.028
6134.000	0.077
6136.000	0.109
6138.000	0.113
6140.000	0.100
6142.000	0.052
6144.000	-0.002
6146.000	-0.056
6148.000	-0.084
6150.000	-0.104
6152.000	-0.091
6154.000	-0.057
6156.000	-0.009
6158.000	0.050
6160.000	0.087
6162.000	0.106
6164.000	0.101
6166.000	0.075
6168.000	0.029
6170.000	-0.019
6172.000	-0.061
6174.000	-0.090
6176.000	-0.094
6178.000	-0.076
6180.000	-0.035
6182.000	0.009
6184.000	0.061
6186.000	0.088
6188.000	0.101
6190.000	0.091
6192.000	0.054
6194.000	0.010
6196.000	-0.037
6198.000	-0.070
6200.000	-0.083
6202.000	-0.083
6204.000	-0.053
6206.000	-0.016
6208.000	0.030
6210.000	0.064
6212.000	0.089
6214.000	0.093
6216.000	0.071
6218.000	0.036
6220.000	-0.009
6222.000	-0.046
6224.000	-0.068
6226.000	-0.080
6228.000	-0.062
6230.000	-0.039
6232.000	0.004
6234.000	0.039
6236.000	0.072
6238.000	0.087
6240.000	0.078
6242.000	0.057
6244.000	0.016
6246.000	-0.019
6248.000	-0.049
6250.000	-0.071
6252.000	-0.069
6254.000	-0.054
6256.000	-0.019
6258.000	0.014
6260.000	0.050
6262.000	0.070
6264.000	0.076
6266.000	0.071
6268.000	0.037
6270.000	0.004
6272.000	-0.027
6274.000	-0.055
6276.000	-0.064
6278.000	-0.058
6280.000	-0.035
6282.000	-0.008
6284.000	0.028
6286.000	0.051
6288.000	0.068
6290.000	0.068
6292.000	0.050
6294.000	0.028
6296.000	-0.007
6298.000	-0.039
6300.000	-0.051
6302.000	-0.057
6304.000	-0.047
6306.000	-0.025
6308.000	0.012
6310.000	0.035
6312.000	0.055
6314.000	0.060
6316.000	0.056
6318.000	0.041
6320.000	0.012
6322.000	-0.017
6324.000	-0.039
6326.000	-0.045
6328.000	-0.046
6330.000	-0.032
6332.000	-0.012
6334.000	0.021
6336.000	0.037
6338.000	0.053
6340.000	0.053
6342.000	0.041
6344.000	0.026
6346.000	0.003
6348.000	-0.019
6350.000	-0.038
6352.000	-0.036
6354.000	-0.037
6356.000	-0.021
6358.000	-0.002
6360.000	0.017
6362.000	0.042
6364.000	0.046
6366.000	0.044
6368.000	0.031
6370.000	0.015
6372.000	-0.001
6374.000	-0.021
6376.000	-0.034
6378.000	-0.031
6380.000	-0.025
6382.000	-0.013
6384.000	0.005
6386.000	0.021
6388.000	0.034
6390.000	0.042
6392.000	0.036
6394.000	0.024
6396.000	0.008
6398.000	0.000
6400.000	-0.018
6402.000	-0.026
6404.000	-0.029
6406.000	-0.013
6408.000	-0.004
6410.000	0.009
6412.000	0.021
6414.000	0.029
6416.000	0.032
6418.000	0.024
6420.000	0.021
6422.000	0.007
6424.000	-0.009
6426.000	-0.015
6428.000	-0.015
6430.000	-0.017
6432.000	-0.011
6434.000	-0.004
6436.000	0.009
6438.000	0.015
6440.000	0.023
6442.000	0.029
6444.000	0.021
6446.000	0.014
6448.000	0.002
6450.000	-0.003
6452.000	-0.008
6454.000	-0.006
6456.000	-0.012
6458.000	-0.007
6460.000	0.001
6462.000	0.006
6464.000	0.012
6466.000	0.013
6468.000	0.018
6470.000	0.021
6472.000	0.010
6474.000	0.008
6476.000	0.005
6478.000	-0.007
6480.000	-0.006
6482.000	-0.002
6484.000	-0.007
6486.000	-0.002
6488.000	0.006
6490.000	0.006
6492.000	0.011
6494.000	0.012
6496.000	0.016
6498.000	0.019
6500.000	0.013
6502.000	0.008
6504.000	0.000
6506.000	-0.003
6508.000	0.000
6510.000	-0.007
6512.000	-0.006
6514.000	-0.004
6516.000	0.000
6518.000	0.007
6520.000	0.008
6522.000	0.017
6524.000	0.024
6526.000	0.016
6528.000	0.014
6530.000	0.008
6532.000	-0.003
6534.000	-0.007
6536.000	-0.009
6538.000	-0.015
6540.000	-0.009
6542.000	-0.004
6544.000	0.005
6546.000	0.015
6548.000	0.018
6550.000	0.025
6552.000	0.026
6554.000	0.015
6556.000	0.010
6558.000	-0.003
6560.000	-0.011
6562.000	-0.017
6564.000	-0.022
6566.000	-0.015
6568.000	-0.006
6570.000	0.004
6572.000	0.019
6574.000	0.028
6576.000	0.032
6578.000	0.028
6580.000	0.024
6582.000	0.009
6584.000	-0.009
6586.000	-0.015
6588.000	-0.025
6590.000	-0.027
6592.000	-0.023
6594.000	-0.003
6596.000	0.009
6598.000	0.023
6600.000	0.033
6602.000	0.044
6604.000	0.037
6606.000	0.021
6608.000	0.013
6610.000	-0.012
6612.000	-0.028
6614.000	-0.035
6616.000	-0.032
6618.000	-0.022
6620.000	-0.006
6622.000	0.013
6624.000	0.036
6626.000	0.045
6628.000	0.047
6630.000	0.036
6632.000	0.023
6634.000	0.000
6636.000	-0.024
6638.000	-0.036
6640.000	-0.041
6642.000	-0.038
6644.000	-0.023
6646.000	0.002
6648.000	0.025
6650.000	0.041
6652.000	0.061
6654.000	0.053
6656.000	0.039
6658.000	0.021
6660.000	-0.009
6662.000	-0.032
6664.000	-0.051
6666.000	-0.046
6668.000	-0.039
6670.000	-0.017
6672.000	0.008
6674.000	0.037
6676.000	0.057
6678.000	0.062
6680.000	0.056
6682.000	0.037
6684.000	0.007
6686.000	-0.021
6688.000	-0.044
6690.000	-0.055
6692.000	-0.054
6694.000	-0.033
6696.000	-0.009
6698.000	0.025
6700.000	0.049
6702.000	0.067
6704.000	0.067
6706.000	0.056
6708.000	0.029
6710.000	-0.004
6712.000	-0.036
6714.000	-0.057
6716.000	-0.064
6718.000	-0.056
6720.000	-0.030
6722.000	-0.001
6724.000	0.039
6726.000	0.065
6728.000	0.078
6730.000	0.073
6732.000	0.049
6734.000	0.019
6736.000	-0.018
6738.000	-0.051
6740.000	-0.070
6742.000	-0.071
6744.000	-0.058
6746.000	-0.023
6748.000	0.021
6750.000	0.052
6752.000	0.079
6754.000	0.088
6756.000	0.074
6758.000	0.044
6760.000	0.001
6762.000	-0.036
6764.000	-0.065
6766.000	-0.080
6768.000	-0.075
6770.000	-0.047
6772.000	-0.012
6774.000	0.035
6776.000	0.075
6778.000	0.089
6780.000	0.092
6782.000	0.069
6784.000	0.032
6786.000	-0.012
6788.000	-0.055
6790.000	-0.082
6792.000	-0.087
6794.000	-0.073
6796.000	-0.038
6798.000	0.010
6800.000	0.052
6802.000	0.089
6804.000	0.106
6806.000	0.090
6808.000	0.062
6810.000	0.012
6812.000	-0.035
6814.000	-0.073
6816.000	-0.092
6818.000	-0.092
6820.000	-0.067
6822.000	-0.023
6824.000	0.029
6826.000	0.071
6828.000	0.104
6830.000	0.109
6832.000	0.085
6834.000	0.052
6836.000	-0.004
6838.000	-0.057
6840.000	-0.087
6842.000	-0.104
6844.000	-0.091
6846.000	-0.056
6848.000	-0.002
6850.000	0.051
6852.000	0.093
6854.000	0.117
6856.000	0.112
6858.000	0.080
6860.000	0.028
6862.000	-0.025
6864.000	-0.076
6866.000	-0.108
6868.000	-0.104
6870.000	-0.085
6872.000	-0.039
6874.000	0.016
6876.000	0.080
6878.000	0.113
6880.000	0.125
6882.000	0.105
6884.000	0.069
6886.000	0.009
6888.000	-0.052
6890.000	-0.100
6892.000	-0.119
6894.000	-0.110
6896.000	-0.076
6898.000	-0.015
6900.000	0.045
6902.000	0.097
6904.000	0.125
6906.000	0.133
6908.000	0.101
6910.000	0.045
6912.000	-0.022
6914.000	-0.072
6916.000	-0.116
6918.000	-0.128
6920.000	-0.104
6922.000	-0.055
6924.000	0.009
6926.000	0.072
6928.000	0.116
6930.000	0.146
6932.000	0.128
6934.000	0.085
6936.000	0.017
6938.000	-0.043
6940.000	-0.102
6942.000	-0.132
6944.000	-0.127
6946.000	-0.092
6948.000	-0.033
6950.000	0.033
6952.000	0.102
6954.000	0.139
6956.000	0.150
6958.000	0.118
6960.000	0.065
6962.000	-0.009
6964.000	-0.075
6966.000	-0.123
6968.000	-0.143
6970.000	-0.124
6972.000	-0.074
6974.000	-0.007
6976.000	0.066
6978.000	0.121
6980.000	0.154
6982.000	0.152
6984.000	0.104
6986.000	0.040
6988.000	-0.036
6990.000	-0.104
6992.000	-0.142
6994.000	-0.150
6996.000	-0.115
6998.000	-0.050
7000.000	0.025
7002.000	0.099
7004.000	0.147
7006.000	0.167
7008.000	0.141
7010.000	0.085
7012.000	0.005
7014.000	-0.067
7016.000	-0.128
7018.000	-0.157
7020.000	-0.146
7022.000	-0.093
7024.000	-0.027
7026.000	0.057
7028.000	0.131
7030.000	0.164
7032.000	0.167
7034.000	0.129
7036.000	0.058
7038.000	-0.025
7040.000	-0.104
7042.000	-0.151
7044.000	-0.164
7046.000	-0.141
7048.000	-0.073
7050.000	0.013
7052.000	0.088
7054.000	0.153
7056.000	0.183
7058.000	0.161
7060.000	0.107
7062.000	0.024
7064.000	-0.061
7066.000	-0.128
7068.000	-0.171
7070.000	-0.165
7072.000	-0.118
7074.000	-0.046
7076.000	0.045
7078.000	0.129
7080.000	0.174
7082.000	0.187
7084.000	0.150
7086.000	0.078
7088.000	-0.005
7090.000	-0.095
7092.000	-0.160
7094.000	-0.178
7096.000	-0.159
7098.000	-0.097
7100.000	-0.007
7102.000	0.082
7104.000	0.155
7106.000	0.188
7108.000	0.187
7110.000	0.131
7112.000	0.045
7114.000	-0.047
7116.000	-0.128
7118.000	-0.180
7120.000	-0.186
7122.000	-0.144
7124.000	-0.065
7126.000	0.029
7128.000	0.119
7130.000	0.184
7132.000	0.202
7134.000	0.171
7136.000	0.108
7138.000	0.009
7140.000	-0.087
7142.000	-0.164
7144.000	-0.191
7146.000	-0.180
7148.000	-0.120
7150.000	-0.026
7152.000	0.071
7154.000	0.155
7156.000	0.201
7158.000	0.205
7160.000	0.155
7162.000	0.068
7164.000	-0.036
7166.000	-0.121
7168.000	-0.187
7170.000	-0.202
7172.000	-0.169
7174.000	-0.088
7176.000	0.012
7178.000	0.110
7180.000	0.187
7182.000	0.217
7184.000	0.193
7186.000	0.129
7188.000	0.029
7190.000	-0.076
7192.000	-0.164
7194.000	-0.202
7196.000	-0.201
7198.000	-0.145
7200.000	-0.054
7202.000	0.056
7204.000	0.149
7206.000	0.209
7208.000	0.222
7210.000	0.179
7212.000	0.099
7214.000	-0.015
7216.000	-0.113
7218.000	-0.192
7220.000	-0.217
7222.000	-0.192
7224.000	-0.115
7226.000	-0.007
7228.000	0.100
7230.000	0.188
7232.000	0.233
7234.000	0.218
7236.000	0.154
7238.000	0.051
7240.000	-0.062
7242.000	-0.157
7244.000	-0.220
7246.000	-0.221
7248.000	-0.165
7250.000	-0.079
7252.000	0.036
7254.000	0.146
7256.000	0.213
7258.000	0.239
7260.000	0.207
7262.000	0.119
7264.000	0.007
7266.000	-0.107
7268.000	-0.193
7270.000	-0.231
7272.000	-0.216
7274.000	-0.141
7276.000	-0.032
7278.000	0.080
7280.000	0.184
7282.000	0.239
7284.000	0.237
7286.000	0.180
7288.000	0.083
7290.000	-0.044
7292.000	-0.150
7294.000	-0.218
7296.000	-0.240
7298.000	-0.195
7300.000	-0.108
7302.000	0.015
7304.000	0.133
7306.000	0.217
7308.000	0.255
7310.000	0.229
7312.000	0.145
7314.000	0.031
7316.000	-0.089
7318.000	-0.193
7320.000	-0.243
7322.000	-0.236
7324.000	-0.170
7326.000	-0.060
7328.000	0.063
7330.000	0.177
7332.000	0.247
7334.000	0.259
7336.000	0.205
7338.000	0.107
7340.000	-0.023
7342.000	-0.140
7344.000	-0.228
7346.000	-0.253
7348.000	-0.223
7350.000	-0.135
7352.000	-0.009
7354.000	0.117
7356.000	0.217
7358.000	0.266
7360.000	0.251
7362.000	0.174
7364.000	0.060
7366.000	-0.073
7368.000	-0.188
7370.000	-0.247
7372.000	-0.256
7374.000	-0.196
7376.000	-0.092
7378.000	0.049
7380.000	0.167
7382.000	0.249
7384.000	0.277
7386.000	0.233
7388.000	0.134
7390.000	0.005
7392.000	-0.125
7394.000	-0.225
7396.000	-0.270
7398.000	-0.243
7400.000	-0.161
7402.000	-0.037
7404.000	0.097
7406.000	0.213
7408.000	0.274
7410.000	0.270
7412.000	0.208
7414.000	0.087
7416.000	-0.051
7418.000	-0.177
7420.000	-0.256
7422.000	-0.273
7424.000	-0.226
7426.000	-0.117
7428.000	0.021
7430.000	0.152
7432.000	0.248
7434.000	0.292
7436.000	0.260
7438.000	0.163
7440.000	0.034
7442.000	-0.107
7444.000	-0.222
7446.000	-0.281
7448.000	-0.266
7450.000	-0.192
7452.000	-0.068
7454.000	0.077
7456.000	0.203
7458.000	0.281
7460.000	0.290
7462.000	0.233
7464.000	0.120
7466.000	-0.029
7468.000	-0.158
7470.000	-0.258
7472.000	-0.291
7474.000	-0.247
7476.000	-0.148
7478.000	-0.003
7480.000	0.134
7482.000	0.248
7484.000	0.300
7486.000	0.283
7488.000	0.197
7490.000	0.062
7492.000	-0.087
7494.000	-0.211
7496.000	-0.289
7498.000	-0.289
7500.000	-0.220
7502.000	-0.097
7504.000	0.057
7506.000	0.191
7508.000	0.286
7510.000	0.312
7512.000	0.265
7514.000	0.148
7516.000	0.002
7518.000	-0.148
7520.000	-0.256
7522.000	-0.300
7524.000	-0.278
7526.000	-0.180
7528.000	-0.041
7530.000	0.115
7532.000	0.242
7534.000	0.307
7536.000	0.306
7538.000	0.229
7540.000	0.092
7542.000	-0.062
7544.000	-0.199
7546.000	-0.294
7548.000	-0.309
7550.000	-0.245
7552.000	-0.130
7554.000	0.025
7556.000	0.178
7558.000	0.283
7560.000	0.326
7562.000	0.285
7564.000	0.183
7566.000	0.033
7568.000	-0.128
7570.000	-0.250
7572.000	-0.313
7574.000	-0.305
7576.000	-0.211
7578.000	-0.065
7580.000	0.089
7582.000	0.230
7584.000	0.312
7586.000	0.326
7588.000	0.260
7590.000	0.126
7592.000	-0.035
7594.000	-0.186
7596.000	-0.289
7598.000	-0.324
7600.000	-0.277
7602.000	-0.166
7604.000	-0.007
7606.000	0.152
7608.000	0.280
7610.000	0.338
7612.000	0.310
7614.000	0.220
7616.000	0.065
7618.000	-0.104
7620.000	-0.236
7622.000	-0.320
7624.000	-0.322
7626.000	-0.244
7628.000	-0.108
7630.000	0.066
7632.000	0.217
7634.000	0.318
7636.000	0.344
7638.000	0.284
7640.000	0.164
7642.000	-0.002
7644.000	-0.169
7646.000	-0.283
7648.000	-0.338
7650.000	-0.305
7652.000	-0.199
7654.000	-0.041
7656.000	0.133
7658.000	0.271
7660.000	0.346
7662.000	0.337
7664.000	0.244
7666.000	0.104
7668.000	-0.074
7670.000	-0.229
7672.000	-0.320
7674.000	-0.342
7676.000	-0.274
7678.000	-0.140
7680.000	0.028
7682.000	0.199
7684.000	0.317
7686.000	0.360
7688.000	0.316
7690.000	0.194
7692.000	0.035
7694.000	-0.143
7696.000	-0.281
7698.000	-0.353
7700.000	-0.325
7702.000	-0.231
7704.000	-0.073
7706.000	0.104
7708.000	0.256
7710.000	0.355
7712.000	0.359
7714.000	0.281
7716.000	0.132
7718.000	-0.041
7720.000	-0.209
7722.000	-0.323
7724.000	-0.361
7726.000	-0.301
7728.000	-0.175
7730.000	-0.001
7732.000	0.173
7734.000	0.312
7736.000	0.372
7738.000	0.340
7740.000	0.233
7742.000	0.064
7744.000	-0.116
7746.000	-0.270
7748.000	-0.354
7750.000	-0.352
7752.000	-0.267
7754.000	-0.109
7756.000	0.070
7758.000	0.241
7760.000	0.348
7762.000	0.378
7764.000	0.312
7766.000	0.173
7768.000	-0.003
7770.000	-0.191
7772.000	-0.319
7774.000	-0.367
7776.000	-0.336
7778.000	-0.212
7780.000	-0.040
7782.000	0.148
7784.000	0.300
7786.000	0.380
7788.000	0.374
7790.000	0.268
7792.000	0.104
7794.000	-0.089
7796.000	-0.252
7798.000	-0.352
7800.000	-0.376
7802.000	-0.298
7804.000	-0.151
7806.000	0.040
7808.000	0.227
7810.000	0.348
7812.000	0.393
7814.000	0.340
7816.000	0.211
7818.000	0.026
7820.000	-0.162
7822.000	-0.309
7824.000	-0.385
7826.000	-0.359
7828.000	-0.243
7830.000	-0.076
7832.000	0.120
7834.000	0.281
7836.000	0.385
7838.000	0.389
7840.000	0.303
7842.000	0.146
7844.000	-0.054
7846.000	-0.231
7848.000	-0.358
7850.000	-0.392
7852.000	-0.324
7854.000	-0.188
7856.000	0.003
7858.000	0.191
7860.000	0.341
7862.000	0.405
7864.000	0.372
7866.000	0.251
7868.000	0.066
7870.000	-0.134
7872.000	-0.294
7874.000	-0.388
7876.000	-0.387
7878.000	-0.279
7880.000	-0.114
7882.000	0.084
7884.000	0.265
7886.000	0.380
7888.000	0.414
7890.000	0.337
7892.000	0.182
7894.000	-0.019
7896.000	-0.207
7898.000	-0.351
7900.000	-0.403
7902.000	-0.362
7904.000	-0.223
7906.000	-0.034
7908.000	0.167
7910.000	0.326
7912.000	0.416
7914.000	0.396
7916.000	0.290
7918.000	0.104
7920.000	-0.103
7922.000	-0.277
7924.000	-0.389
7926.000	-0.404
7928.000	-0.316
7930.000	-0.155
7932.000	0.047
7934.000	0.246
7936.000	0.379
7938.000	0.425
7940.000	0.364
7942.000	0.228
7944.000	0.023
7946.000	-0.182
7948.000	-0.342
7950.000	-0.408
7952.000	-0.387
7954.000	-0.267
7956.000	-0.075
7958.000	0.134
7960.000	0.309
7962.000	0.419
7964.000	0.420
7966.000	0.321
7968.000	0.145
7970.000	-0.057
7972.000	-0.257
7974.000	-0.388
7976.000	-0.425
7978.000	-0.353
7980.000	-0.196
7982.000	0.006
7984.000	0.218
7986.000	0.370
7988.000	0.434
7990.000	0.398
7992.000	0.262
7994.000	0.064
7996.000	-0.151
7998.000	-0.324
8000.000	-0.423
8002.000	-0.412
8004.000	-0.302
8006.000	-0.118
8008.000	0.099
8010.000	0.286
8012.000	0.415
8014.000	0.444
8016.000	0.355
8018.000	0.190
8020.000	-0.025
8022.000	-0.231
8024.000	-0.380
8026.000	-0.439
8028.000	-0.384
8030.000	-0.237
8032.000	-0.031
8034.000	0.185
8036.000	0.355
8038.000	0.440
8040.000	0.425
8042.000	0.306
8044.000	0.104
8046.000	-0.113
8048.000	-0.300
8050.000	-0.423
8052.000	-0.433
8054.000	-0.336
8056.000	-0.164
8058.000	0.061
8060.000	0.268
8062.000	0.406
8064.000	0.454
8066.000	0.395
8068.000	0.231
8070.000	0.018
8072.000	-0.203
8074.000	-0.367
8076.000	-0.443
8078.000	-0.416
8080.000	-0.278
8082.000	-0.073
8084.000	0.146
8086.000	0.337
8088.000	0.445
8090.000	0.445
8092.000	0.340
8094.000	0.151
8096.000	-0.077
8098.000	-0.280
8100.000	-0.412
8102.000	-0.453
8104.000	-0.374
8106.000	-0.203
8108.000	0.016
8110.000	0.236
8112.000	0.403
8114.000	0.464
8116.000	0.422
8118.000	0.277
8120.000	0.062
8122.000	-0.165
8124.000	-0.354
8126.000	-0.450
8128.000	-0.436
8130.000	-0.317
8132.000	-0.122
8134.000	0.111
8136.000	0.312
8138.000	0.446
8140.000	0.467
8142.000	0.374
8144.000	0.199
8146.000	-0.033
8148.000	-0.252
8150.000	-0.413
8152.000	-0.464
8154.000	-0.406
8156.000	-0.249
8158.000	-0.026
8160.000	0.201
8162.000	0.382
8164.000	0.474
8166.000	0.450
8168.000	0.315
8170.000	0.104
8172.000	-0.127
8174.000	-0.328
8176.000	-0.450
8178.000	-0.461
8180.000	-0.355
8182.000	-0.164
8184.000	0.064
8186.000	0.287
8188.000	0.437
8190.000	0.479
8192.000	0.417
8194.000	0.241
8196.000	0.010
8198.000	-0.223
8200.000	-0.396
8202.000	-0.473
8204.000	-0.437
8206.000	-0.287
8208.000	-0.072
8210.000	0.163
8212.000	0.365
8214.000	0.476
8216.000	0.472
8218.000	0.354
8220.000	0.154
8222.000	-0.086
8224.000	-0.305
8226.000	-0.445
8228.000	-0.476
8230.000	-0.392
8232.000	-0.211
8234.000	0.027
8236.000	0.256
8238.000	0.424
8240.000	0.498
8242.000	0.442
8244.000	0.284
8246.000	0.056
8248.000	-0.184
8250.000	-0.378
8252.000	-0.479
8254.000	-0.459
8256.000	-0.331
8258.000	-0.120
8260.000	0.127
8262.000	0.339
8264.000	0.474
8266.000	0.490
8268.000	0.395
8270.000	0.201
8272.000	-0.046
8274.000	-0.273
8276.000	-0.436
8278.000	-0.492
8280.000	-0.425
8282.000	-0.260
8284.000	-0.021
8286.000	0.222
8288.000	0.408
8290.000	0.502
8292.000	0.474
8294.000	0.325
8296.000	0.105
8298.000	-0.139
8300.000	-0.355
8302.000	-0.477
8304.000	-0.487
8306.000	-0.373
8308.000	-0.166
8310.000	0.076
8312.000	0.310
8314.000	0.467
8316.000	0.505
8318.000	0.431
8320.000	0.247
8322.000	0.001
8324.000	-0.239
8326.000	-0.418
8328.000	-0.505
8330.000	-0.457
8332.000	-0.296
8334.000	-0.071
8336.000	0.182
8338.000	0.388
8340.000	0.501
8342.000	0.497
8344.000	0.374
8346.000	0.152
8348.000	-0.100
8350.000	-0.321
8352.000	-0.474
8354.000	-0.503
8356.000	-0.412
8358.000	-0.216
8360.000	0.034
8362.000	0.272
8364.000	0.454
8366.000	0.521
8368.000	0.465
8370.000	0.291
8372.000	0.053
8374.000	-0.197
8376.000	-0.403
8378.000	-0.505
8380.000	-0.487
8382.000	-0.344
8384.000	-0.113
8386.000	0.138
8388.000	0.362
8390.000	0.498
8392.000	0.516
8394.000	0.414
8396.000	0.202
8398.000	-0.056
8400.000	-0.291
8402.000	-0.463
8404.000	-0.520
8406.000	-0.441
8408.000	-0.263
8410.000	-0.015
8412.000	0.235
8414.000	0.438
8416.000	0.528
8418.000	0.490
8420.000	0.340
8422.000	0.103
8424.000	-0.160
8426.000	-0.373
8428.000	-0.505
8430.000	-0.510
8432.000	-0.386
8434.000	-0.167
8436.000	0.093
8438.000	0.330
8440.000	0.490
8442.000	0.535
8444.000	0.445
8446.000	0.250
8448.000	-0.005
8450.000	-0.258
8452.000	-0.448
8454.000	-0.525
8456.000	-0.476
8458.000	-0.312
8460.000	-0.063
8462.000	0.198
8464.000	0.413
8466.000	0.529
8468.000	0.520
8470.000	0.382
8472.000	0.150
8474.000	-0.108
8476.000	-0.350
8478.000	-0.501
8480.000	-0.529
8482.000	-0.425
8484.000	-0.218
8486.000	0.042
8488.000	0.296
8490.000	0.479
8492.000	0.545
8494.000	0.478
8496.000	0.301
8498.000	0.045
8500.000	-0.221
8502.000	-0.425
8504.000	-0.532
8506.000	-0.506
8508.000	-0.355
8510.000	-0.115
8512.000	0.151
8514.000	0.383
8516.000	0.529
8518.000	0.540
8520.000	0.424
8522.000	0.200
8524.000	-0.064
8526.000	-0.318
8528.000	-0.489
8530.000	-0.546
8532.000	-0.462
8534.000	-0.267
8536.000	-0.006
8538.000	0.253
8540.000	0.462
8542.000	0.550
8544.000	0.512
8546.000	0.348
8548.000	0.096
8550.000	-0.173
8552.000	-0.397
8554.000	-0.532
8556.000	-0.530
8558.000	-0.400
8560.000	-0.168
8562.000	0.108
8564.000	0.353
8566.000	0.518
8568.000	0.555
8570.000	0.462
8572.000	0.257
8574.000	-0.009
8576.000	-0.279
8578.000	-0.472
8580.000	-0.548
8582.000	-0.498
8584.000	-0.315
8586.000	-0.055
8588.000	0.213
8590.000	0.437
8592.000	0.552
8594.000	0.538
8596.000	0.393
8598.000	0.150
8600.000	-0.127
8602.000	-0.372
8604.000	-0.521
8606.000	-0.550
8608.000	-0.438
8610.000	-0.217
8612.000	0.053
8614.000	0.315
8616.000	0.500
8618.000	0.570
8620.000	0.500
8622.000	0.303
8624.000	0.039
8626.000	-0.234
8628.000	-0.455
8630.000	-0.556
8632.000	-0.521
8634.000	-0.366
8636.000	-0.112
8638.000	0.167
8640.000	0.404
8642.000	0.551
8644.000	0.564
8646.000	0.433
8648.000	0.205
8650.000	-0.070
8652.000	-0.340
8654.000	-0.512
8656.000	-0.565
8658.000	-0.472
8660.000	-0.271
8662.000	-0.001
8664.000	0.276
8666.000	0.483
8668.000	0.576
8670.000	0.529
8672.000	0.354
8674.000	0.093
8676.000	-0.192
8678.000	-0.424
8680.000	-0.554
8682.000	-0.552
8684.000	-0.404
8686.000	-0.167
8688.000	0.117
8690.000	0.372
8692.000	0.542
8694.000	0.579
8696.000	0.473
8698.000	0.260
8700.000	-0.023
8702.000	-0.297
8704.000	-0.492
8706.000	-0.573
8708.000	-0.511
8710.000	-0.320
8712.000	-0.052
8714.000	0.231
8716.000	0.455
8718.000	0.580
8720.000	0.558
8722.000	0.399
8724.000	0.145
8726.000	-0.134
8728.000	-0.393
8730.000	-0.550
8732.000	-0.568
8734.000	-0.450
8736.000	-0.224
8738.000	0.070
8740.000	0.337
8742.000	0.524
8744.000	0.586
8746.000	0.512
8748.000	0.310
8750.000	0.029
8752.000	-0.248
8754.000	-0.473
8756.000	-0.580
8758.000	-0.538
8760.000	-0.368
8762.000	-0.111
8764.000	0.186
8766.000	0.430
8768.000	0.574
8770.000	0.575
8772.000	0.446
8774.000	0.203
8776.000	-0.089
8778.000	-0.354
8780.000	-0.535
8782.000	-0.584
8784.000	-0.485
8786.000	-0.272
8788.000	0.013
8790.000	0.291
8792.000	0.507
8794.000	0.595
8796.000	0.544
8798.000	0.359
8800.000	0.084
8802.000	-0.204
8804.000	-0.443
8806.000	-0.578
8808.000	-0.564
8810.000	-0.413
8812.000	-0.167
8814.000	0.130
8816.000	0.397
8818.000	0.562
8820.000	0.597
8822.000	0.485
8824.000	0.256
8826.000	-0.033
8828.000	-0.315
8830.000	-0.519
8832.000	-0.593
8834.000	-0.520
8836.000	-0.326
8838.000	-0.045
8840.000	0.252
8842.000	0.478
8844.000	0.598
8846.000	0.570
8848.000	0.405
8850.000	0.145
8852.000	-0.156
8854.000	-0.413
8856.000	-0.569
8858.000	-0.586
8860.000	-0.461
8862.000	-0.219
8864.000	0.078
8866.000	0.354
8868.000	0.548
8870.000	0.605
8872.000	0.522
8874.000	0.312
8876.000	0.021
8878.000	-0.269
8880.000	-0.490
8882.000	-0.599
8884.000	-0.553
8886.000	-0.373
8888.000	-0.105
8890.000	0.197
8892.000	0.450
8894.000	0.590
8896.000	0.595
8898.000	0.456
8900.000	0.198
8902.000	-0.101
8904.000	-0.374
8906.000	-0.555
8908.000	-0.601
8910.000	-0.500
8912.000	-0.272
8914.000	0.021
8916.000	0.307
8918.000	0.526
8920.000	0.615
8922.000	0.559
8924.000	0.361
8926.000	0.080
8928.000	-0.223
8930.000	-0.464
8932.000	-0.595
8934.000	-0.583
8936.000	-0.420
8938.000	-0.158
8940.000	0.141
8942.000	0.416
8944.000	0.584
8946.000	0.610
8948.000	0.498
8950.000	0.256
8952.000	-0.044
8954.000	-0.335
8956.000	-0.536
8958.000	-0.610
8960.000	-0.534
8962.000	-0.321
8964.000	-0.037
8966.000	0.261
8968.000	0.505
8970.000	0.618
8972.000	0.582
8974.000	0.408
8976.000	0.138
8978.000	-0.167
8980.000	-0.434
8982.000	-0.588
8984.000	-0.600
8986.000	-0.466
8988.000	-0.217
8990.000	0.089
8992.000	0.373
8994.000	0.562
8996.000	0.626
8998.000	0.532
9000.000	0.307
9002.000	0.016
9004.000	-0.285
9006.000	-0.514
9008.000	-0.617
9010.000	-0.562
9012.000	-0.377
9014.000	-0.100
9016.000	0.211
9018.000	0.467
9020.000	0.608
9022.000	0.611
9024.000	0.458
9026.000	0.195
9028.000	-0.115
9030.000	-0.388
9032.000	-0.574
9034.000	-0.616
9036.000	-0.508
9038.000	-0.271
9040.000	0.031
9042.000	0.325
9044.000	0.542
9046.000	0.632
9048.000	0.562
9050.000	0.362
9052.000	0.069
9054.000	-0.235
9056.000	-0.478
9058.000	-0.613
9060.000	-0.590
9062.000	-0.429
9064.000	-0.153
9066.000	0.156
9068.000	0.434
9070.000	0.600
9072.000	0.626
9074.000	0.504
9076.000	0.250
9078.000	-0.055
9080.000	-0.351
9082.000	-0.555
9084.000	-0.621
9086.000	-0.544
9088.000	-0.324
9090.000	-0.024
9092.000	0.273
9094.000	0.517
9096.000	0.633
9098.000	0.590
9100.000	0.413
9102.000	0.131
9104.000	-0.186
9106.000	-0.447
9108.000	-0.600
9110.000	-0.615
9112.000	-0.470
9114.000	-0.209
9116.000	0.101
9118.000	0.389
9120.000	0.589
9122.000	0.635
9124.000	0.538
9126.000	0.311
9128.000	0.000
9130.000	-0.301
9132.000	-0.526
9134.000	-0.633
9136.000	-0.574
9138.000	-0.373
9140.000	-0.088
9142.000	0.227
9144.000	0.491
9146.000	0.626
9148.000	0.618
9150.000	0.462
9152.000	0.187
9154.000	-0.126
9156.000	-0.403
9158.000	-0.595
9160.000	-0.628
9162.000	-0.509
9164.000	-0.268
9166.000	0.042
9168.000	0.342
9170.000	0.559
9172.000	0.646
9174.000	0.578
9176.000	0.359
9178.000	0.063
9180.000	-0.252
9182.000	-0.497
9184.000	-0.627
9186.000	-0.602
9188.000	-0.424
9190.000	-0.147
9192.000	0.169
9194.000	0.451
9196.000	0.618
9198.000	0.635
9200.000	0.510
9202.000	0.249
9204.000	-0.068
9206.000	-0.367
9208.000	-0.572
9210.000	-0.639
9212.000	-0.550
9214.000	-0.317
9216.000	-0.017
9218.000	0.292
9220.000	0.534
9222.000	0.648
9224.000	0.602
9226.000	0.416
9228.000	0.124
9230.000	-0.196
9232.000	-0.469
9234.000	-0.620
9236.000	-0.623
9238.000	-0.475
9240.000	-0.204
9242.000	0.114
9244.000	0.405
9246.000	0.597
9248.000	0.652
9250.000	0.542
9252.000	0.310
9254.000	-0.007
9256.000	-0.317
9258.000	-0.550
9260.000	-0.644
9262.000	-0.581
9264.000	-0.379
9266.000	-0.080
9268.000	0.241
9270.000	0.502
9272.000	0.640
9274.000	0.629
9276.000	0.462
9278.000	0.182
9280.000	-0.138
9282.000	-0.426
9284.000	-0.610
9286.000	-0.635
9288.000	-0.516
9290.000	-0.264
9292.000	0.050
9294.000	0.359
9296.000	0.579
9298.000	0.654
9300.000	0.580
9302.000	0.359
9304.000	0.050
9306.000	-0.260
9308.000	-0.516
9310.000	-0.640
9312.000	-0.609
9314.000	-0.422
9316.000	-0.141
9318.000	0.185
9320.000	0.460
9322.000	0.632
9324.000	0.648
9326.000	0.502
9328.000	0.242
9330.000	-0.079
9332.000	-0.384
9334.000	-0.588
9336.000	-0.646
9338.000	-0.556
9340.000	-0.319
9342.000	-0.003
9344.000	0.307
9346.000	0.550
9348.000	0.661
9350.000	0.605
9352.000	0.412
9354.000	0.114
9356.000	-0.212
9358.000	-0.480
9360.000	-0.630
9362.000	-0.633
9364.000	-0.473
9366.000	-0.197
9368.000	0.125
9370.000	0.422
9372.000	0.617
9374.000	0.660
9376.000	0.547
9378.000	0.302
9380.000	-0.022
9382.000	-0.330
9384.000	-0.559
9386.000	-0.658
9388.000	-0.586
9390.000	-0.368
9392.000	-0.071
9394.000	0.256
9396.000	0.518
9398.000	0.655
9400.000	0.636
9402.000	0.466
9404.000	0.173
9406.000	-0.151
9408.000	-0.437
9410.000	-0.623
9412.000	-0.648
9414.000	-0.512
9416.000	-0.260
9418.000	0.065
9420.000	0.374
9422.000	0.592
9424.000	0.668
9426.000	0.580
9428.000	0.354
9430.000	0.044
9432.000	-0.275
9434.000	-0.535
9436.000	-0.652
9438.000	-0.613
9440.000	-0.426
9442.000	-0.127
9444.000	0.197
9446.000	0.475
9448.000	0.648
9450.000	0.654
9452.000	0.502
9454.000	0.237
9456.000	-0.091
9458.000	-0.394
9460.000	-0.599
9462.000	-0.657
9464.000	-0.558
9466.000	-0.310
9468.000	0.002
9470.000	0.319
9472.000	0.563
9474.000	0.669
9476.000	0.613
9478.000	0.405
9480.000	0.106
9482.000	-0.224
9484.000	-0.497
9486.000	-0.643
9488.000	-0.637
9490.000	-0.476
9492.000	-0.189
9494.000	0.138
9496.000	0.433
9498.000	0.627
9500.000	0.669
9502.000	0.546
9504.000	0.290
9506.000	-0.029
9508.000	-0.345
9510.000	-0.575
9512.000	-0.663
9514.000	-0.589
9516.000	-0.373
9518.000	-0.057
9520.000	0.267
9522.000	0.528
9524.000	0.661
9526.000	0.640
9528.000	0.459
9530.000	0.164
9532.000	-0.163
9534.000	-0.453
9536.000	-0.632
9538.000	-0.656
9540.000	-0.516
9542.000	-0.247
9544.000	0.077
9546.000	0.387
9548.000	0.602
9550.000	0.674
9552.000	0.585
9554.000	0.352
9556.000	0.029
9558.000	-0.289
9560.000	-0.543
9562.000	-0.665
9564.000	-0.613
9566.000	-0.422
9568.000	-0.124
9570.000	0.212
9572.000	0.490
9574.000	0.656
9576.000	0.658
9578.000	0.506
9580.000	0.226
9582.000	-0.102
9584.000	-0.404
9586.000	-0.614
9588.000	-0.664
9590.000	-0.554
9592.000	-0.312
9594.000	0.014
9596.000	0.336
9598.000	0.572
9600.000	0.677
9602.000	0.617
9604.000	0.402
9606.000	0.097
9608.000	-0.230
9610.000	-0.509
9612.000	-0.653
9614.000	-0.636
9616.000	-0.470
9618.000	-0.183
9620.000	0.146
9622.000	0.446
9624.000	0.638
9626.000	0.671
9628.000	0.547
9630.000	0.282
9632.000	-0.040
9634.000	-0.353
9636.000	-0.587
9638.000	-0.669
9640.000	-0.589
9642.000	-0.363
9644.000	-0.044
9646.000	0.279
9648.000	0.541
9650.000	0.668
9652.000	0.640
9654.000	0.458
9656.000	0.158
9658.000	-0.175
9660.000	-0.468
9662.000	-0.638
9664.000	-0.656
9666.000	-0.516
9668.000	-0.243
9670.000	0.090
9672.000	0.397
9674.000	0.614
9676.000	0.676
9678.000	0.582
9680.000	0.346
9682.000	0.023
9684.000	-0.297
9686.000	-0.556
9688.000	-0.667
9690.000	-0.613
9692.000	-0.416
9694.000	-0.111
9696.000	0.218
9698.000	0.501
9700.000	0.658
9702.000	0.660
9704.000	0.497
9706.000	0.225
9708.000	-0.113
9710.000	-0.419
9712.000	-0.617
9714.000	-0.667
9716.000	-0.554
9718.000	-0.305
9720.000	0.025
9722.000	0.346
9724.000	0.583
9726.000	0.678
9728.000	0.617
9730.000	0.397
9732.000	0.086
9734.000	-0.247
9736.000	-0.520
9738.000	-0.658
9740.000	-0.640
9742.000	-0.467
9744.000	-0.169
9746.000	0.160
9748.000	0.458
9750.000	0.640
9752.000	0.680
9754.000	0.543
9756.000	0.278
9758.000	-0.054
9760.000	-0.369
9762.000	-0.589
9764.000	-0.672
9766.000	-0.588
9768.000	-0.358
9770.000	-0.033
9772.000	0.290
9774.000	0.551
9776.000	0.676
9778.000	0.637
9780.000	0.447
9782.000	0.150
9784.000	-0.187
9786.000	-0.474
9788.000	-0.648
9790.000	-0.656
9792.000	-0.508
9794.000	-0.235
9796.000	0.097
9798.000	0.411
9800.000	0.620
9802.000	0.682
9804.000	0.576
9806.000	0.341
9808.000	0.012
9810.000	-0.313
9812.000	-0.563
9814.000	-0.668
9816.000	-0.617
9818.000	-0.408
9820.000	-0.103
9822.000	0.231
9824.000	0.511
9826.000	0.666
9828.000	0.658
9830.000	0.496
9832.000	0.209
9834.000	-0.121
9836.000	-0.429
9838.000	-0.621
9840.000	-0.671
9842.000	-0.549
9844.000	-0.288
9846.000	0.033
9848.000	0.356
9850.000	0.593
9852.000	0.683
9854.000	0.611
9856.000	0.389
9858.000	0.074
9860.000	-0.256
9862.000	-0.529
9864.000	-0.664
9866.000	-0.634
9868.000	-0.461
9870.000	-0.163
9872.000	0.172
9874.000	0.466
9876.000	0.650
9878.000	0.675
9880.000	0.533
9882.000	0.270
9884.000	-0.062
9886.000	-0.381
9888.000	-0.599
9890.000	-0.669
9892.000	-0.584
9894.000	-0.348
9896.000	-0.028
9898.000	0.301
9900.000	0.558
9902.000	0.679
9904.000	0.634
9906.000	0.440
9908.000	0.140
9910.000	-0.201
9912.000	-0.482
9914.000	-0.646
9916.000	-0.658
9918.000	-0.501
9920.000	-0.220
9922.000	0.109
9924.000	0.419
9926.000	0.624
9928.000	0.683
9930.000	0.574
9932.000	0.326
9934.000	-0.001
9936.000	-0.324
9938.000	-0.572
9940.000	-0.672
9942.000	-0.611
9944.000	-0.400
9946.000	-0.089
9948.000	0.247
9950.000	0.515
9952.000	0.669
9954.000	0.658
9956.000	0.483
9958.000	0.199
9960.000	-0.131
9962.000	-0.438
9964.000	-0.629
9966.000	-0.668
9968.000	-0.543
9970.000	-0.282
9972.000	0.044
9974.000	0.367
9976.000	0.597
9978.000	0.681
9980.000	0.610
9982.000	0.381
9984.000	0.062
9986.000	-0.263
9988.000	-0.532
9990.000	-0.665
9992.000	-0.639
9994.000	-0.448
9996.000	-0.152
9998.000	0.181
