1000.000	0.001
1000.000	0.000
1000.000	0.000
1000.000	0.000
1000.000	0.000
1000.000	0.000
1000.000	0.000
1000.000	0.000
1000.000	0.000
1000.000	0.000
1000.000	0.000
1000.000	0.000
1000.000	0.000
1000.000	0.000
1000.000	0.000
1000.000	0.000
1000.000	0.000
1000.000	0.000
1000.000	0.000
1000.000	0.000
1000.000	0.000
952.476	0.000
909.182	0.000
869.652	0.000
833.417	0.000
800.080	0.000
769.308	0.000
740.815	0.001
714.357	0.001
689.724	0.001
666.733	0.001
645.226	0.001
625.063	0.001
606.121	0.002
588.294	0.002
571.486	0.003
555.611	0.005
540.595	0.009
526.368	0.024
512.872	0.162
500.050	0.597
487.854	0.031
476.238	0.010
465.163	0.005
454.591	0.003
444.489	0.002
434.826	0.001
425.574	0.001
416.708	0.001
408.204	0.001
400.040	0.000
392.196	0.000
384.654	0.000
377.396	0.000
370.407	0.000
363.673	0.000
357.179	0.000
350.912	0.000
344.862	0.000
339.017	0.000
333.367	0.000
327.902	0.000
322.613	0.000
317.492	0.000
312.531	0.000
307.723	0.000
303.061	0.000
298.537	0.000
294.147	0.000
289.884	0.000
285.743	0.000
281.718	0.000
277.806	0.000
274.000	0.000
270.297	0.000
266.693	0.000
263.184	0.000
259.766	0.000
256.436	0.000
253.190	0.000
250.025	0.000
246.938	0.000
243.927	0.000
240.988	0.000
238.119	0.000
235.318	0.000
232.581	0.000
229.908	0.000
227.295	0.000
224.742	0.000
222.244	0.000
219.802	0.000
217.413	0.000
215.075	0.000
212.787	0.000
210.547	0.000
208.354	0.000
206.206	0.000
204.102	0.000
202.040	0.000
200.020	0.000
198.040	0.000
196.098	0.000
194.194	0.000
192.327	0.000
190.495	0.000
188.698	0.000
186.935	0.000
185.204	0.000
183.505	0.000
181.836	0.000
180.198	0.000
178.589	0.000
177.009	0.000
175.456	0.000
173.930	0.000
172.431	0.000
170.957	0.000
169.508	0.000
168.084	0.000
166.683	0.000
165.306	0.000
163.951	0.000
162.618	0.000
161.306	0.000
160.016	0.000
158.746	0.000
157.496	0.000
156.266	0.000
155.054	0.000
153.862	0.000
152.687	0.000
151.530	0.000
150.391	0.000
149.269	0.000
148.163	0.000
147.074	0.000
146.000	0.000
144.942	0.000
143.899	0.000
142.871	0.000
141.858	0.000
140.859	0.000
139.874	0.000
138.903	0.000
137.945	0.000
137.000	0.000
136.068	0.000
135.149	0.000
134.242	0.000
133.347	0.000
132.464	0.000
131.592	0.000
130.732	0.000
129.883	0.000
129.045	0.000
128.218	0.000
127.401	0.000
126.595	0.000
125.799	0.000
125.013	0.000
124.236	0.000
123.469	0.000
122.712	0.000
121.963	0.000
121.224	0.000
120.494	0.000
119.772	0.000
119.060	0.000
118.355	0.000
117.659	0.000
116.971	0.000
116.291	0.000
115.618	0.000
114.954	0.000
114.297	0.000
113.648	0.000
113.006	0.000
112.371	0.000
111.743	0.000
111.122	0.000
110.508	0.000
109.901	0.000
109.301	0.000
108.707	0.000
108.119	0.000
107.538	0.000
106.963	0.000
106.394	0.000
105.831	0.000
105.274	0.000
104.723	0.000
104.177	0.000
103.637	0.000
103.103	0.000
102.574	0.000
102.051	0.000
101.533	0.000
101.020	0.000
100.513	0.000
100.010	0.000
100.000	0.000
100.000	0.000
100.000	0.000
100.000	0.000
100.000	0.000
100.000	0.000
100.000	0.000
100.000	0.000
100.000	0.000
100.000	0.000
100.000	0.000
100.000	0.000
100.000	0.000
100.000	0.000
100.000	0.000
100.000	0.000
100.000	0.000
100.000	0.000
100.000	0.000
100.000	0.000
100.000	0.000
100.000	0.000
100.000	0.000
100.000	0.000
100.000	0.000
100.000	0.000
100.000	0.000
100.000	0.000
100.000	0.000
100.000	0.000
100.000	0.000
100.000	0.000
100.000	0.000
100.000	0.000
100.000	0.000
100.000	0.000
100.000	0.000
100.000	0.000
100.000	0.000
100.000	0.000
100.000	0.000
100.000	0.000
100.000	0.000
100.000	0.000
100.000	0.000
100.000	0.000
100.000	0.000
100.000	0.000
100.000	0.000
