-1.452583058	5.271027075
-2.056333269	5.271027075
-2.660083480	5.271027075
-3.263833692	5.271027075
-3.867583903	5.271027075
-4.471334114	5.271027075
-5.075084325	5.271027075
-5.678834537	5.271027075
-6.282584748	5.271027075
-6.886334959	5.271027075
-7.490085170	5.271027075
-8.093835381	5.271027075
-8.697585593	5.271027075
-9.301335804	5.271027075
-9.905086015	5.271027075
-10.508836226	5.271027075
-11.112586438	5.271027075
-11.716336649	5.271027075
-12.320086860	5.271027075
-12.923837071	5.271027075
-13.527587283	5.271027075
-14.131337494	5.271027075
-14.735087705	5.271027075
-15.338837916	5.271027075
-15.942588127	5.271027075
-16.546338339	5.271027075
-17.150088550	5.271027075
-17.753838761	5.271027075
-18.357588972	5.271027075
-18.961339184	5.271027075
-19.565089395	5.013920851
-20.168839606	4.158635671
-20.772589817	3.128887762
-21.376340028	2.172695527
-21.980090240	1.227389224
-22.583840451	0.539953522
-23.187590662	-0.017656757
-23.791340873	-0.617022400
-24.395091085	-1.248747363
-24.998841296	-1.716063771
-25.602591507	-2.122998230
-26.206341718	-2.435605589
-26.810091930	-2.720981412
-27.413842141	-2.983087082
-28.017592352	-3.152331301
-28.621342563	-3.313571676
-29.225092774	-3.429597105
-29.828842986	-3.523701008
-30.432593197	-3.604168227
-31.036343408	-3.663781776
-31.640093619	-3.723190778
-32.243843831	-3.750046378
-32.847594042	-3.748894939
-33.451344253	-3.716279305
-34.055094464	-3.638602188
-34.658844675	-3.521698072
-35.262594887	-3.400023689
-35.866345098	-3.298183912
-36.470095309	-3.188795350
-37.073845520	-3.083546304
-37.677595732	-3.023910466
-38.281345943	-2.990474053
-38.885096154	-2.993492568
-39.488846365	-3.009205422
-40.092596577	-3.029657655
-40.696346788	-3.024151834
-41.300096999	-2.955510722
-41.903847210	-2.831015262
-42.507597421	-2.655819085
-43.111347633	-2.383652220
-43.715097844	-2.143694259
-44.318848055	-1.938242410
-44.922598266	-1.735211333
-45.526348478	-1.607570589
-46.130098689	-1.574474154
-46.733848900	-1.636547426
-47.337599111	-1.760933691
-47.941349322	-1.942137225
-48.545099534	-2.212639411
-49.148849745	-2.469170416
-49.752599956	-2.722465756
-50.356350167	-2.985715052
-50.960100379	-3.188975416
-51.563850590	-3.392070546
-52.167600801	-3.537128878
-52.771351012	-3.610780657
-53.375101224	-3.629583717
-53.978851435	-3.603491871
-54.582601646	-3.545321994
-55.186351857	-3.460700115
-55.790102068	-3.327277319
-56.393852280	-3.195079010
-56.997602491	-3.058830711
-57.601352702	-2.914729794
-58.205102913	-2.798796317
-58.808853125	-2.637272618
-59.412603336	-2.478884489
-60.016353547	-2.349127712
-60.620103758	-2.235590806
-61.223853969	-2.122182690
-61.827604181	-2.034501042
-62.431354392	-1.889690374
-63.035104603	-1.766228102
-63.638854814	-1.657322112
-64.242605026	-1.583038213
-64.846355237	-1.442471637
-65.450105448	-1.348719301
-66.053855659	-1.264920929
-66.657605871	-1.178172699
-67.261356082	-1.119058220
-67.865106293	-1.035657243
-68.468856504	-0.969431162
-69.072606715	-0.913493635
-69.676356927	-0.861921627
-70.280107138	-0.805902522
-70.883857349	-0.737507669
-71.487607560	-0.672307227
-72.091357772	-0.613278307
-72.695107983	-0.561759435
-73.298858194	-0.507706396
-73.902608405	-0.468873223
-74.506358616	-0.416380464
-75.110108828	-0.364754476
-75.713859039	-0.322333883
-76.317609250	-0.287102144
-76.921359461	-0.246348986
-77.525109673	-0.194450124
-78.128859884	-0.168079662
-78.732610095	-0.145400048
-79.336360306	-0.117499627
-79.940110518	-0.090619706
-80.543860729	-0.070175885
-81.147610940	-0.049950280
-81.751361151	-0.033980622
-82.355111362	-0.000849847
-82.958861574	0.024682386
-83.562611785	0.053972071
-84.166361996	0.085938015
-84.770112207	0.118420841
-85.373862419	0.147968134
-85.977612630	0.170401229
-86.581362841	0.200451592
-87.185113052	0.229195182
-87.788863263	0.257187984
-88.392613475	0.280701022
-88.996363686	0.302341719
-89.600113897	0.325653983
-90.203864108	0.350077225
-90.807614320	0.369609677
-91.411364531	0.396368029
-92.015114742	0.415578109
-92.618864953	0.423455295
-93.222615165	0.427286776
-93.826365376	0.440160245
-94.430115587	0.453434481
-95.033865798	0.471910673
-95.637616009	0.489722406
-96.241366221	0.508317485
-96.845116432	0.529449857
-97.448866643	0.542432703
-98.052616854	0.553722156
-98.656367066	0.558253044
-99.260117277	0.559007729
-99.863867488	0.561224059
-100.467617699	0.565402333
-101.071367910	0.568424503
-101.675118122	0.566277666
-102.278868333	0.562630020
-102.882618544	0.551484427
-103.486368755	0.538007071
-104.090118967	0.530175850
-104.693869178	0.529489772
-105.297619389	0.534531090
-105.901369600	0.537683861
-106.505119812	0.541837400
-107.108870023	0.553610491
-107.712620234	0.575345484
-108.316370445	0.591447136
-108.920120656	0.604641209
-109.523870868	0.617068201
-110.127621079	0.630778316
-110.731371290	0.643644993
-111.335121501	0.646625006
-111.938871713	0.649903629
-112.542621924	0.659290347
-113.146372135	0.667886802
-113.750122346	0.673325643
-114.353872557	0.682468780
-114.957622769	0.688525813
-115.561372980	0.693112054
-116.165123191	0.698004473
-116.768873402	0.705098513
-117.372623614	0.705649909
-117.976373825	0.708517712
-118.580124036	0.708423678
-119.183874247	0.703884192
-119.787624459	0.705393562
-120.391374670	0.711445250
-120.995124881	0.722925155
-121.598875092	0.728609971
-122.202625303	0.732299542
-122.806375515	0.735551936
-123.410125726	0.736516525
-124.013875937	0.736653740
-124.617626148	0.737133875
-125.221376360	0.737055071
-125.825126571	0.737183128
-126.428876782	0.728126909
-127.032626993	0.719658770
-127.636377204	0.719657079
-128.240127416	0.721696611
-128.843877627	0.728481750
-129.447627838	0.735836879
-130.051378049	0.744327089
-130.655128261	0.751736723
-131.258878472	0.764191476
-131.862628683	0.775567072
-132.466378894	0.791113580
-133.070129106	0.808113394
-133.673879317	0.829201825
-134.277629528	0.844295521
-134.881379739	0.863227478
-135.485129950	0.879667468
-136.088880162	0.889689776
-136.692630373	0.898061272
-137.296380584	0.909885292
-137.900130795	0.928632846
-138.503881007	0.938569529
-139.107631218	0.942022819
-139.711381429	0.953463425
-140.315131640	0.974052995
-140.918881851	0.983868350
-141.522632063	0.995309597
-142.126382274	1.006757976
-142.730132485	1.027437645
-143.333882696	1.052160593
-143.937632908	1.087477477
-144.541383119	1.127128507
-145.145133330	1.161852567
-145.748883541	1.197822434
-146.352633753	1.248961934
-146.956383964	1.281893644
-147.560134175	1.308847693
-148.163884386	1.349997615
-148.767634597	1.384034001
-149.371384809	1.419487340
-149.975135020	1.455955414
-150.578885231	1.500453665
-151.182635442	1.543818402
-151.786385654	1.568544875
-152.390135865	1.602636864
-152.993886076	1.646662625
-153.597636287	1.684871721
-154.201386498	1.728256410
-154.805136710	1.772375615
-155.408886921	1.809800699
-156.012637132	1.829674110
-156.616387343	1.853246295
-157.220137555	1.862883063
-157.823887766	1.873311810
-158.427637977	1.869694088
-159.031388188	1.856666340
-159.635138400	1.842122580
-160.238888611	1.820348989
-160.842638822	1.800748353
-161.446389033	1.767886086
-162.050139244	1.711584857
-162.653889456	1.615168092
-163.257639667	1.534794085
-163.861389878	1.424964998
-164.465140089	1.269359676
-165.068890301	1.110663470
-165.672640512	0.920918051
-166.276390723	0.730559753
-166.880140934	0.528631040
-167.483891145	0.379175924
-168.087641357	0.174393231
-168.691391568	0.028389212
-169.295141779	-0.081240068
-169.898891990	-0.180518783
-170.502642202	-0.258989474
-171.106392413	-0.314551806
-171.710142624	-0.341634462
-172.313892835	-0.354846184
-172.917643047	-0.356758909
-173.521393258	-0.353420582
-174.125143469	-0.340002892
-174.728893680	-0.308395744
-175.332643891	-0.267241316
-175.936394103	-0.222739499
-176.540144314	-0.165451580
-177.143894525	-0.107517950
-177.747644736	-0.051632004
-178.351394948	0.012458326
-178.955145159	0.061298978
-179.558895370	0.100574300
-180.162645581	0.141178125
-180.766395792	0.176564360
-181.370146004	0.221588400
-181.973896215	0.268123150
-182.577646426	0.325279668
-183.181396637	0.374864484
-183.785146849	0.419133004
-184.388897060	0.456774131
-184.992647271	0.477724307
-185.596397482	0.499004834
-186.200147694	0.521124385
-186.803897905	0.538349724
-187.407648116	0.548153244
-188.011398327	0.555931982
-188.615148538	0.567399632
-189.218898750	0.584991894
-189.822648961	0.607552535
-190.426399172	0.623645986
-191.030149383	0.627012525
-191.633899595	0.625258231
-192.237649806	0.630226540
-192.841400017	0.644205375
-193.445150228	0.663695347
-194.048900439	0.683674774
-194.652650651	0.692894807
-195.256400862	0.702701311
-195.860151073	0.717332716
-196.463901284	0.736860588
-197.067651496	0.757435883
-197.671401707	0.778521801
-198.275151918	0.799996388
-198.878902129	0.814442205
-199.482652341	0.824407458
-200.086402552	0.823753244
-200.690152763	0.818279241
-201.293902974	0.814463565
-201.897653185	0.820216570
-202.501403397	0.832837703
-203.105153608	0.850148520
-203.708903819	0.863744839
-204.312654030	0.875523031
-204.916404242	0.883688423
-205.520154453	0.891998350
-206.123904664	0.897160931
-206.727654875	0.903176417
-207.331405086	0.918335732
-207.935155298	0.934243471
-208.538905509	0.954338526
-209.142655720	0.974027634
-209.746405931	0.988417019
-210.350156143	0.998351720
-210.953906354	1.004019880
-211.557656565	1.007668894
-212.161406776	1.014148375
-212.765156988	1.017355330
-213.368907199	1.016081287
-213.972657410	1.015814455
-214.576407621	1.021644487
-215.180157832	1.027173823
-215.783908044	1.034196922
-216.387658255	1.040795961
-216.991408466	1.044612052
-217.595158677	1.049284497
-218.198908889	1.051938169
-218.802659100	1.051472164
-219.406409311	1.051268670
-220.010159522	1.047882566
-220.613909733	1.048530226
-221.217659945	1.057501300
-221.821410156	1.077837244
-222.425160367	1.098543481
-223.028910578	1.114491802
-223.632660790	1.122623479
-224.236411001	1.123378153
-224.840161212	1.125098215
-225.443911423	1.128752889
-226.047661635	1.133537236
-226.651411846	1.135461690
-227.255162057	1.137217815
-227.858912268	1.140907378
-228.462662479	1.140909279
-229.066412691	1.139453940
-229.670162902	1.139499725
-230.273913113	1.139275151
-230.877663324	1.134121576
-231.481413536	1.124310689
-232.085163747	1.115162829
-232.688913958	1.105838675
-233.292664169	1.095898907
-233.896414380	1.084112512
-234.500164592	1.067113218
-235.103914803	1.046393071
-235.707665014	1.030077581
-236.311415225	1.010801794
-236.915165437	0.994402999
-237.518915648	0.989517144
-238.122665859	0.990906654
-238.726416070	0.997291993
-239.330166282	1.005092532
-239.933916493	1.016056919
-240.537666704	1.029879864
-241.141416915	1.051346627
-241.745167126	1.079977387
-242.348917338	1.101275848
-242.952667549	1.116924163
-243.556417760	1.126003434
-244.160167971	1.134494806
-244.763918183	1.144670044
-245.367668394	1.161307764
-245.971418605	1.178509607
-246.575168816	1.189590319
-247.178919027	1.201109237
-247.782669239	1.211858464
-248.386419450	1.216052359
-248.990169661	1.211232054
-249.593919872	1.203145188
-250.197670084	1.200020893
-250.801420295	1.201982561
-251.405170506	1.201173524
-252.008920717	1.195320267
-252.612670929	1.186531197
-253.216421140	1.180412276
-253.820171351	1.172123696
-254.423921562	1.158647521
-255.027671773	1.148265878
-255.631421985	1.143583373
-256.235172196	1.141888289
-256.838922407	1.143597032
-257.442672618	1.151734059
-258.046422830	1.162480960
-258.650173041	1.171948250
-259.253923252	1.180446898
-259.857673463	1.191580043
-260.461423674	1.205993988
-261.065173886	1.223266513
-261.668924097	1.241178910
-262.272674308	1.254718627
-262.876424519	1.265284194
-263.480174731	1.273608744
-264.083924942	1.270532425
-264.687675153	1.260400259
-265.291425364	1.262979472
-265.895175576	1.272375880
-266.498925787	1.284446588
-267.102675998	1.298535790
-267.706426209	1.308423955
-268.310176420	1.316953787
-268.913926632	1.329825540
-269.517676843	1.348284584
-270.121427054	1.367604666
-270.725177265	1.386544706
-271.328927477	1.407758149
-271.932677688	1.428029698
-272.536427899	1.442883945
-273.140178110	1.455286449
-273.743928321	1.462752136
-274.347678533	1.464748703
-274.951428744	1.460208404
-275.555178955	1.442429680
-276.158929166	1.423157405
-276.762679378	1.408072584
-277.366429589	1.399175118
-277.970179800	1.400584070
-278.573930011	1.414769102
-279.177680223	1.430524286
-279.781430434	1.439489494
-280.385180645	1.446688335
-280.988930856	1.460332238
-281.592681067	1.470353983
-282.196431279	1.481893389
-282.800181490	1.497575099
-283.403931701	1.522191794
-284.007681912	1.560468219
-284.611432124	1.594728426
-285.215182335	1.623342629
-285.818932546	1.637872639
-286.422682757	1.638555356
-287.026432968	1.611183139
-287.630183180	1.572557498
-288.233933391	1.521545204
-288.837683602	1.441790920
-289.441433813	1.354935165
-290.045184025	1.302749055
-290.648934236	1.282444114
-291.252684447	1.281860173
-291.856434658	1.318369300
-292.460184870	1.373100941
-293.063935081	1.492423431
-293.667685292	1.611220703
-294.271435503	1.722153662
-294.875185714	1.809209104
-295.478935926	1.898399808
-296.082686137	1.976376067
-296.686436348	1.973569008
-297.290186559	1.909128916
-297.893936771	1.751530241
-298.497686982	1.589730198
-299.101437193	1.383679892
-299.705187404	1.147654577
-300.308937615	0.861031767
-300.912687827	0.575918331
-301.516438038	0.393533850
-302.120188249	0.252446700
-302.723938460	0.121667749
-303.327688672	0.080890135
-303.931438883	0.095937330
-304.535189094	0.169397412
-305.138939305	0.370585779
-305.742689517	0.722573736
-306.346439728	1.082044087
-306.950189939	1.494847051
-307.553940150	2.020903074
-308.157690361	2.506239959
-308.761440573	2.883935216
-309.365190784	3.187094749
-309.968940995	3.253677213
-310.572691206	3.067443873
-311.176441418	2.597758898
-311.780191629	2.013223801
-312.383941840	1.339537560
-312.987692051	0.511145207
-313.591442262	-0.188055342
-314.195192474	-0.924893353
-314.798942685	-1.524142051
-315.402692896	-2.048527564
-316.006443107	-2.571960508
-316.610193319	-2.953237828
-317.213943530	-3.196463943
-317.817693741	-3.371213148
-318.421443952	-3.485728334
-319.025194164	-3.507944847
-319.628944375	-3.479988302
-320.232694586	-3.380575453
-320.836444797	-3.261804943
-321.440195008	-3.113528558
-322.043945220	-2.937726613
-322.647695431	-2.765716697
-323.251445642	-2.582272666
-323.855195853	-2.408736890
-324.458946065	-2.255885652
-325.062696276	-2.072331139
-325.666446487	-1.888793339
-326.270196698	-1.733207983
-326.873946909	-1.578468831
-327.477697121	-1.422464619
-328.081447332	-1.270207867
-328.685197543	-1.146515843
-329.288947754	-1.027436717
-329.892697966	-0.907117166
-330.496448177	-0.767964164
-331.100198388	-0.669607064
-331.703948599	-0.538131141
-332.307698811	-0.454058213
-332.911449022	-0.380919124
-333.515199233	-0.305511847
-334.118949444	-0.238730849
-334.722699655	-0.158027294
-335.326449867	-0.090730983
-335.930200078	-0.042551282
-336.533950289	0.013343106
-337.137700500	0.061526287
-337.741450712	0.112584403
-338.345200923	0.155582034
-338.948951134	0.196800224
-339.552701345	0.235966202
-340.156451556	0.283217389
-340.760201768	0.325267550
-341.363951979	0.356021063
-341.967702190	0.376271966
-342.571452401	0.395644716
-343.175202613	0.413651040
-343.778952824	0.427704741
-344.382703035	0.441196845
-344.986453246	0.460578521
-345.590203458	0.482474919
-346.193953669	0.518089917
-346.797703880	0.555553514
-347.401454091	0.597245787
-348.005204302	0.638657641
-348.608954514	0.678956666
-349.212704725	0.709571722
-349.816454936	0.733615890
-350.420205147	0.759440498
-351.023955359	0.772347995
-351.627705570	0.774625947
-352.231455781	0.777145919
-352.835205992	0.785426227
-353.438956203	0.789851351
-354.042706415	0.792960779
-354.646456626	0.800451404
-355.250206837	0.811758680
-355.853957048	0.820739643
-356.457707260	0.832757328
-357.061457471	0.841033947
-357.665207682	0.840360286
-358.268957893	0.839273189
-358.872708105	0.837203505
-359.476458316	0.842323987
-360.080208527	0.850230214
-360.683958738	0.857962196
-361.287708949	0.869740604
-361.891459161	0.871387181
-362.495209372	0.883124702
-363.098959583	0.900075719
-363.702709794	0.922701896
-364.306460006	0.936034599
-364.910210217	0.945202524
-365.513960428	0.959231966
-366.117710639	0.972016163
-366.721460850	0.984494381
-367.325211062	0.998936336
-367.928961273	1.011983866
-368.532711484	1.022137192
-369.136461695	1.031104032
-369.740211907	1.038953231
-370.343962118	1.051357502
-370.947712329	1.059427286
-371.551462540	1.066583824
-372.155212752	1.074580982
-372.758962963	1.075128424
-373.362713174	1.072095265
-373.966463385	1.065304947
-374.570213596	1.068465005
-375.173963808	1.066216781
-375.777714019	1.047834571
-376.381464230	1.023972612
-376.985214441	1.004710395
-377.588964653	0.992765469
-378.192714864	0.978252043
-378.796465075	0.969381327
-379.400215286	0.947492515
-380.003965497	0.940843174
-380.607715709	0.929619364
-381.211465920	0.925384426
-381.815216131	0.922595074
-382.418966342	0.917187416
-383.022716554	0.920917560
-383.626466765	0.921053523
-384.230216976	0.920274914
-384.833967187	0.914326165
-385.437717399	0.898166469
-386.041467610	0.870816108
-386.645217821	0.862257505
-387.248968032	0.852577372
-387.852718243	0.850114447
-388.456468455	0.858336566
-389.060218666	0.868369678
-389.663968877	0.875645630
-390.267719088	0.883802714
-390.871469300	0.896663803
-391.475219511	0.906631036
-392.078969722	0.922459355
-392.682719933	0.940274588
-393.286470144	0.948930074
-393.890220356	0.952335381
-394.493970567	0.959069455
-395.097720778	0.981637244
-395.701470989	0.998277872
-396.305221201	1.013910255
-396.908971412	1.015380241
-397.512721623	1.008933935
-398.116471834	1.003070300
-398.720222046	0.993748020
-399.323972257	0.994462999
-399.927722468	0.994840340
-400.531472679	0.975610270
-401.135222890	0.964532430
-401.738973102	0.963274629
-402.342723313	0.967400871
-402.946473524	0.969184662
-403.550223735	0.976284168
-404.153973947	0.997946239
-404.757724158	1.017041150
-405.361474369	1.029390469
-405.965224580	1.040317254
-406.568974791	1.040365011
-407.172725003	1.036385786
-407.776475214	1.022688735
-408.380225425	1.015878844
-408.983975636	1.007687672
-409.587725848	0.997944853
-410.191476059	0.993553698
-410.795226270	0.998207561
-411.398976481	1.000159810
-412.002726693	0.993475713
-412.606476904	0.982910187
-413.210227115	0.969624411
-413.813977326	0.963052141
-414.417727537	0.963354013
-415.021477749	0.963862524
-415.625227960	0.960569373
-416.228978171	0.960154260
-416.832728382	0.964875431
-417.436478594	0.980340578
-418.040228805	0.984055927
-418.643979016	0.997205474
-419.247729227	1.015592230
-419.851479438	1.042744787
-420.455229650	1.062640904
-421.058979861	1.076996570
-421.662730072	1.081155717
-422.266480283	1.076351270
-422.870230495	1.075946089
-423.473980706	1.077315022
-424.077730917	1.078549953
-424.681481128	1.082073071
-425.285231340	1.097020090
-425.888981551	1.107711394
-426.492731762	1.129863631
-427.096481973	1.151219049
-427.700232184	1.167671078
-428.303982396	1.184555446
-428.907732607	1.199799988
-429.511482818	1.209202386
-430.115233029	1.202259328
-430.718983241	1.201114555
-431.322733452	1.212749073
-431.926483663	1.211994393
-432.530233874	1.202551582
-433.133984085	1.186124482
-433.737734297	1.169384303
-434.341484508	1.170443492
-434.945234719	1.169518979
-435.548984930	1.168199420
-436.152735142	1.163153383
-436.756485353	1.162355334
-437.360235564	1.154053853
-437.963985775	1.143216013
-438.567735987	1.142130392
-439.171486198	1.140117912
-439.775236409	1.132472727
-440.378986620	1.122130306
-440.982736831	1.108258888
-441.586487043	1.087485952
-442.190237254	1.079011894
-442.793987465	1.062761449
-443.397737676	1.054309035
-444.001487888	1.055993983
-444.605238099	1.061092281
-445.208988310	1.068778107
-445.812738521	1.078851264
-446.416488732	1.079340852
-447.020238944	1.078262977
-447.623989155	1.079772336
-448.227739366	1.092467042
-448.831489577	1.103648893
-449.435239789	1.121803455
-450.038990000	1.140791444
-450.642740211	1.152172756
-451.246490422	1.153983988
-451.850240634	1.159510377
-452.453990845	1.155037904
-453.057741056	1.146667820
-453.661491267	1.138636309
-454.265241478	1.134561039
-454.868991690	1.134114798
-455.472741901	1.141789634
-456.076492112	1.140749832
-456.680242323	1.145639941
-457.283992535	1.177634410
-457.887742746	1.197604396
-458.491492957	1.211798269
-459.095243168	1.204898772
-459.698993379	1.190843729
-460.302743591	1.187534916
-460.906493802	1.190185281
-461.510244013	1.196393311
-462.113994224	1.191110554
-462.717744436	1.193447032
-463.321494647	1.194959847
-463.925244858	1.189141136
-464.528995069	1.189741082
-465.132745281	1.181606248
-465.736495492	1.167473160
-466.340245703	1.162532733
-466.943995914	1.158702801
-467.547746125	1.169235028
-468.151496337	1.188781746
-468.755246548	1.204075589
-469.358996759	1.198289713
-469.962746970	1.193110589
-470.566497182	1.201411408
-471.170247393	1.198461859
-471.773997604	1.198599073
-472.377747815	1.198166113
-472.981498026	1.188472388
-473.585248238	1.181810839
-474.188998449	1.186613344
-474.792748660	1.200069995
-475.396498871	1.197087516
-476.000249083	1.213869886
-476.603999294	1.239968856
-477.207749505	1.266121900
-477.811499716	1.286937071
-478.415249928	1.286937071
-479.019000139	1.288199628
-479.622750350	1.293230823
-480.226500561	1.294149775
-480.830250772	1.277546829
-481.434000984	1.266451667
-482.037751195	1.262721295
-482.641501406	1.263091088
-483.245251617	1.265715062
-483.849001829	1.275731714
-484.452752040	1.289670709
-485.056502251	1.310303004
-485.660252462	1.336986173
-486.264002673	1.350821961
-486.867752885	1.363047763
-487.471503096	1.369261246
-488.075253307	1.374008234
-488.679003518	1.377375265
-489.282753730	1.390775987
-489.886503941	1.400697155
-490.490254152	1.401659019
-491.094004363	1.410079552
-491.697754574	1.416223738
-492.301504786	1.428979257
-492.905254997	1.449149274
-493.509005208	1.468690027
-494.112755419	1.482548686
-494.716505631	1.494987888
-495.320255842	1.507766046
-495.924006053	1.507775172
-496.527756264	1.504253334
-497.131506476	1.496020890
-497.735256687	1.492624832
-498.339006898	1.485936952
-498.942757109	1.464907852
-499.546507320	1.449159609
-500.150257532	1.431956215
-500.754007743	1.407836676
-501.357757954	1.391075004
-501.961508165	1.382227138
-502.565258377	1.381631840
-503.169008588	1.389329566
-503.772758799	1.392046812
-504.376509010	1.389028096
-504.980259221	1.391225808
-505.584009433	1.409769795
-506.187759644	1.422728950
-506.791509855	1.443155117
-507.395260066	1.464518342
-507.999010278	1.510194201
-508.602760489	1.527771180
-509.206510700	1.541137920
-509.810260911	1.549101273
-510.414011123	1.551074743
-511.017761334	1.539233510
-511.621511545	1.540331225
-512.225261756	1.554882839
-512.829011967	1.574648881
-513.432762179	1.592744137
-514.036512390	1.603886020
-514.640262601	1.612674365
-515.244012812	1.619707857
-515.847763024	1.625789152
-516.451513235	1.621199547
-517.055263446	1.617107920
-517.659013657	1.620942848
-518.262763868	1.624285360
-518.866514080	1.624034635
-519.470264291	1.616729513
-520.074014502	1.607341657
-520.677764713	1.593766079
-521.281514925	1.574066748
-521.885265136	1.542540428
-522.489015347	1.525119658
-523.092765558	1.513673694
-523.696515770	1.497591847
-524.300265981	1.486274604
-524.904016192	1.480243495
-525.507766403	1.479352946
-526.111516614	1.475993317
-526.715266826	1.463437911
-527.319017037	1.451861004
-527.922767248	1.441791503
-528.526517459	1.433112699
-529.130267671	1.425261719
-529.734017882	1.428322389
-530.337768093	1.440720382
-530.941518304	1.442607078
-531.545268515	1.434165306
-532.149018727	1.433946293
-532.752768938	1.438118366
-533.356519149	1.429400299
-533.960269360	1.426535832
-534.564019572	1.439081062
-535.167769783	1.450888235
-535.771519994	1.459391631
-536.375270205	1.466389955
-536.979020417	1.477583885
-537.582770628	1.483823807
-538.186520839	1.487217685
-538.790271050	1.486588786
-539.394021261	1.475537188
-539.997771473	1.451971287
-540.601521684	1.430839972
-541.205271895	1.410666676
-541.809022106	1.394864419
-542.412772318	1.386784286
-543.016522529	1.395865620
-543.620272740	1.408077686
-544.224022951	1.418941480
-544.827773162	1.424831756
-545.431523374	1.442596941
-546.035273585	1.456387095
-546.639023796	1.460647701
-547.242774007	1.464989524
-547.846524219	1.467274799
-548.450274430	1.471467374
-549.054024641	1.467190864
-549.657774852	1.463690110
-550.261525064	1.454353388
-550.865275275	1.440232541
-551.469025486	1.435292775
-552.072775697	1.436987558
-552.676525908	1.439628931
-553.280276120	1.427849457
-553.884026331	1.413213563
-554.487776542	1.409440173
-555.091526753	1.411812137
-555.695276965	1.408142272
-556.299027176	1.403156746
-556.902777387	1.411518036
-557.506527598	1.432587533
-558.110277809	1.457475509
-558.714028021	1.474502237
-559.317778232	1.475331795
-559.921528443	1.464226744
-560.525278654	1.441963746
-561.129028866	1.422023330
-561.732779077	1.412748688
-562.336529288	1.412206488
-562.940279499	1.401874378
-563.544029711	1.395371687
-564.147779922	1.385960104
-564.751530133	1.391003232
-565.355280344	1.400082508
-565.959030555	1.413490982
-566.562780767	1.414202173
-567.166530978	1.414086068
-567.770281189	1.409751051
-568.374031400	1.411375283
-568.977781612	1.408900718
-569.581531823	1.397762301
-570.185282034	1.383137392
-570.789032245	1.370784957
-571.392782456	1.361366930
-571.996532668	1.360159446
-572.600282879	1.364651880
-573.204033090	1.370140443
-573.807783301	1.382177655
-574.411533513	1.380149848
-575.015283724	1.364700653
-575.619033935	1.346510654
-576.222784146	1.339071692
-576.826534358	1.324991142
-577.430284569	1.319122077
-578.034034780	1.326087629
-578.637784991	1.333222759
-579.241535202	1.354757183
-579.845285414	1.369397922
-580.449035625	1.373647165
-581.052785836	1.378137882
-581.656536047	1.382541019
-582.260286259	1.385610389
-582.864036470	1.397697576
-583.467786681	1.403192928
-584.071536892	1.393506820
-584.675287103	1.390662441
-585.279037315	1.397265239
-585.882787526	1.420255598
-586.486537737	1.453212238
-587.090287948	1.471626365
-587.694038160	1.475605514
-588.297788371	1.472315716
-588.901538582	1.475431720
-589.505288793	1.485803901
-590.109039005	1.482187440
-590.712789216	1.462966957
-591.316539427	1.459660362
-591.920289638	1.452296144
-592.524039849	1.446161436
-593.127790061	1.445779927
-593.731540272	1.447289281
-594.335290483	1.440125533
-594.939040694	1.423965108
-595.542790906	1.397411601
-596.146541117	1.369083486
-596.750291328	1.351725918
-597.354041539	1.342103592
-597.957791750	1.326438072
-598.561541962	1.313519159
-599.165292173	1.305901285
-599.769042384	1.307813773
-600.372792595	1.309951550
-600.976542807	1.306491582
-601.580293018	1.311156855
-602.184043229	1.303933279
-602.787793440	1.300457944
-603.391543652	1.305541763
-603.995293863	1.316276831
-604.599044074	1.324694862
-605.202794285	1.318311256
-605.806544496	1.308038301
-606.410294708	1.305472656
-607.014044919	1.298475613
-607.617795130	1.294953790
-608.221545341	1.294061829
-608.825295553	1.296668893
-609.429045764	1.293492420
-610.032795975	1.290353295
-610.636546186	1.292553589
-611.240296397	1.300796977
-611.844046609	1.314980956
-612.447796820	1.327181557
-613.051547031	1.324115977
-613.655297242	1.334859553
-614.259047454	1.342406317
-614.862797665	1.357325132
-615.466547876	1.373146869
-616.070298087	1.382695842
-616.674048299	1.399690313
-617.277798510	1.430903249
-617.881548721	1.459404168
-618.485298932	1.478584211
-619.089049143	1.487782879
-619.692799355	1.489259241
-620.296549566	1.484233629
-620.900299777	1.463096728
-621.504049988	1.468879669
-622.107800200	1.477199062
-622.711550411	1.482379373
-623.315300622	1.483512714
-623.919050833	1.487035891
-624.522801044	1.507017113
-625.126551256	1.546744074
-625.730301467	1.575673345
-626.334051678	1.616226243
-626.937801889	1.637115794
-627.541552101	1.670828015
-628.145302312	1.687363060
-628.749052523	1.708245611
-629.352802734	1.711771224
-629.956552946	1.700075414
-630.560303157	1.672909671
-631.164053368	1.655359737
-631.767803579	1.651475264
-632.371553790	1.657597297
-632.975304002	1.677831895
-633.579054213	1.695447647
-634.182804424	1.708275113
-634.786554635	1.722090360
-635.390304847	1.745963589
-635.994055058	1.760193081
-636.597805269	1.762114077
-637.201555480	1.777300990
-637.805305691	1.778563549
-638.409055903	1.763177501
-639.012806114	1.738825848
-639.616556325	1.725105529
-640.220306536	1.707954200
-640.824056748	1.690647548
-641.427806959	1.679384967
-642.031557170	1.671357669
-642.635307381	1.672776558
-643.239057593	1.668099645
-643.842807804	1.655198180
-644.446558015	1.606602455
-645.050308226	1.555677302
-645.654058437	1.488100301
-646.257808649	1.463195997
-646.861558860	1.446070998
-647.465309071	1.430072596
-648.069059282	1.411995543
-648.672809494	1.399349301
-649.276559705	1.403248458
-649.880309916	1.415893720
-650.484060127	1.434425170
-651.087810338	1.456552018
-651.691560550	1.466311161
-652.295310761	1.480444179
-652.899060972	1.509200985
-653.502811183	1.550126876
-654.106561395	1.599207466
-654.710311606	1.624400567
-655.314061817	1.654911199
-655.917812028	1.685077288
-656.521562240	1.693620350
-657.125312451	1.687648600
-657.729062662	1.672141447
-658.332812873	1.645503020
-658.936563084	1.613562791
-659.540313296	1.602218216
-660.144063507	1.602703204
-660.747813718	1.609282227
-661.351563929	1.631357293
-661.955314141	1.641099473
-662.559064352	1.656055201
-663.162814563	1.662628378
-663.766564774	1.660009454
-664.370314985	1.640909690
-664.974065197	1.630782002
-665.577815408	1.622354788
-666.181565619	1.611208700
-666.785315830	1.599714415
-667.389066042	1.580738239
-667.992816253	1.580738239
-668.596566464	1.583777831
-669.200316675	1.580266869
-669.804066887	1.568852505
-670.407817098	1.544947325
-671.011567309	1.523379440
-671.615317520	1.521527878
-672.219067731	1.525607646
-672.822817943	1.528111899
-673.426568154	1.521567376
-674.030318365	1.514505988
-674.634068576	1.517357323
-675.237818788	1.517987537
-675.841568999	1.517713110
-676.445319210	1.514541735
-677.049069421	1.515512215
-677.652819632	1.522291105
-678.256569844	1.525401196
-678.860320055	1.524780192
-679.464070266	1.520115410
-680.067820477	1.524287467
-680.671570689	1.531805001
-681.275320900	1.524902823
-681.879071111	1.531872562
-682.482821322	1.542108485
-683.086571534	1.561205097
-683.690321745	1.572682180
-684.294071956	1.581595815
-684.897822167	1.595304136
-685.501572378	1.622443514
-686.105322590	1.632556163
-686.709072801	1.626356730
-687.312823012	1.612763073
-687.916573223	1.598555169
-688.520323435	1.610218330
-689.124073646	1.614903466
-689.727823857	1.606069899
-690.331574068	1.605498263
-690.935324279	1.617955203
-691.539074491	1.630823178
-692.142824702	1.646802160
-692.746574913	1.654277802
-693.350325124	1.656038711
-693.954075336	1.651826899
-694.557825547	1.661551256
-695.161575758	1.671512920
-695.765325969	1.675895490
-696.369076181	1.655887554
-696.972826392	1.637926288
-697.576576603	1.618355731
-698.180326814	1.593022521
-698.784077025	1.553481274
-699.387827237	1.520601506
-699.991577448	1.488653986
-700.595327659	1.456014452
-701.199077870	1.435460485
-701.802828082	1.443056825
-702.406578293	1.457914581
-703.010328504	1.467320661
-703.614078715	1.480991639
-704.217828926	1.492100354
-704.821579138	1.492680872
-705.425329349	1.493981176
-706.029079560	1.485616915
-706.632829771	1.474379731
-707.236579983	1.498746373
-707.840330194	1.538456161
-708.444080405	1.544367778
-709.047830616	1.539637134
-709.651580828	1.538756981
-710.255331039	1.528303072
-710.859081250	1.513058652
-711.462831461	1.510138631
-712.066581672	1.508047315
-712.670331884	1.518774094
-713.274082095	1.529282299
-713.877832306	1.526538029
-714.481582517	1.529452842
-715.085332729	1.546122447
-715.689082940	1.569903395
-716.292833151	1.586506229
-716.896583362	1.592390157
-717.500333573	1.608109660
-718.104083785	1.625555072
-718.707833996	1.661246428
-719.311584207	1.686696305
-719.915334418	1.703928041
-720.519084630	1.742630931
-721.122834841	1.775424981
-721.726585052	1.787160507
-722.330335263	1.806538837
-722.934085475	1.807283947
-723.537835686	1.812428745
-724.141585897	1.793747521
-724.745336108	1.767459683
-725.349086319	1.746488279
-725.952836531	1.734413486
-726.556586742	1.703425860
-727.160336953	1.664484664
-727.764087164	1.636332977
-728.367837376	1.600967847
-728.971587587	1.582402867
-729.575337798	1.575175136
-730.179088009	1.557914088
-730.782838220	1.546555305
-731.386588432	1.534206097
-731.990338643	1.514567614
-732.594088854	1.507237022
-733.197839065	1.494417134
-733.801589277	1.485352210
-734.405339488	1.483934042
-735.009089699	1.482047358
-735.612839910	1.482652011
-736.216590122	1.482614743
-736.820340333	1.472246108
-737.424090544	1.478174322
-738.027840755	1.482375805
-738.631590966	1.490171360
-739.235341178	1.498383702
-739.839091389	1.509026045
-740.442841600	1.526640857
-741.046591811	1.529030656
-741.650342023	1.537785647
-742.254092234	1.560052825
-742.857842445	1.600258085
-743.461592656	1.633482268
-744.065342867	1.676151405
-744.669093079	1.711243740
-745.272843290	1.748649863
-745.876593501	1.789731798
-746.480343712	1.829843519
-747.084093924	1.837078407
-747.687844135	1.840125378
-748.291594346	1.828619649
-748.895344557	1.805201100
-749.499094769	1.802942403
-750.102844980	1.817272412
-750.706595191	1.824819154
-751.310345402	1.829356664
-751.914095613	1.848485994
-752.517845825	1.853014039
-753.121596036	1.865131056
-753.725346247	1.869851785
-754.329096458	1.862298436
-754.932846670	1.848589935
-755.536596881	1.840556047
-756.140347092	1.830930929
-756.744097303	1.828817842
-757.347847514	1.841486601
-757.951597726	1.840663320
-758.555347937	1.823173164
-759.159098148	1.824989534
-759.762848359	1.826099326
-760.366598571	1.819101440
-760.970348782	1.798002919
-761.574098993	1.773972148
-762.177849204	1.741923529
-762.781599416	1.723531196
-763.385349627	1.714376492
-763.989099838	1.699080658
-764.592850049	1.677417108
-765.196600260	1.639490883
-765.800350472	1.597570545
-766.404100683	1.578086262
-767.007850894	1.562886307
-767.611601105	1.554135459
-768.215351317	1.569911667
-768.819101528	1.586255368
-769.422851739	1.609852802
-770.026601950	1.629222740
-770.630352161	1.626637275
-771.234102373	1.630516752
-771.837852584	1.625988715
-772.441602795	1.623983886
-773.045353006	1.639419234
-773.649103218	1.643096274
-774.252853429	1.632668067
-774.856603640	1.609062855
-775.460353851	1.585937163
-776.064104063	1.567550594
-776.667854274	1.558257547
-777.271604485	1.557955034
-777.875354696	1.571861523
-778.479104907	1.589583633
-779.082855119	1.619827991
-779.686605330	1.651175933
-780.290355541	1.684877916
-780.894105752	1.668255885
-781.497855964	1.630728416
-782.101606175	1.610301945
-782.705356386	1.592575261
-783.309106597	1.595720172
-783.912856808	1.598221653
-784.516607020	1.594448291
-785.120357231	1.594861585
-785.724107442	1.601585030
-786.327857653	1.630787151
-786.931607865	1.658106296
-787.535358076	1.692149224
-788.139108287	1.709619648
-788.742858498	1.732259829
-789.346608710	1.775588324
-789.950358921	1.806987619
-790.554109132	1.838857129
-791.157859343	1.874807014
-791.761609554	1.922381754
-792.365359766	1.965934104
-792.969109977	2.009569565
-793.572860188	2.030426005
-794.176610399	2.033016326
-794.780360611	2.022182702
-795.384110822	2.020673354
-795.987861033	2.017950838
-796.591611244	2.007636964
-797.195361455	2.009039277
-797.799111667	2.019472701
-798.402861878	1.997560255
-799.006612089	1.974194473
-799.610362300	1.940374422
-800.214112512	1.907115962
-800.817862723	1.876595647
-801.421612934	1.851691442
-802.025363145	1.813649511
-802.629113357	1.792202308
-803.232863568	1.776876651
-803.836613779	1.756247524
-804.440363990	1.750484571
-805.044114201	1.742330937
-805.647864413	1.738675417
-806.251614624	1.738852560
-806.855364835	1.745397939
-807.459115046	1.751984170
-808.062865258	1.755942550
-808.666615469	1.776361554
-809.270365680	1.793357008
-809.874115891	1.802759399
-810.477866102	1.803456019
-811.081616314	1.801682648
-811.685366525	1.809254572
-812.289116736	1.819694207
-812.892866947	1.835051598
-813.496617159	1.830976851
-814.100367370	1.833987007
-814.704117581	1.852401014
-815.307867792	1.872835238
-815.911618004	1.872639028
-816.515368215	1.867523558
-817.119118426	1.856408837
-817.722868637	1.834548640
-818.326618848	1.819530971
-818.930369060	1.806918024
-819.534119271	1.787153076
-820.137869482	1.768460431
-820.741619693	1.749429040
-821.345369905	1.734460384
-821.949120116	1.733328377
-822.552870327	1.731804383
-823.156620538	1.729292933
-823.760370749	1.724184386
-824.364120961	1.730110120
-824.967871172	1.740280342
-825.571621383	1.768159974
-826.175371594	1.783324757
-826.779121806	1.788538853
-827.382872017	1.788924497
-827.986622228	1.791323200
-828.590372439	1.788466729
-829.194122651	1.777852609
-829.797872862	1.762186491
-830.401623073	1.745534893
-831.005373284	1.719341415
-831.609123495	1.673237857
-832.212873707	1.610241572
-832.816623918	1.568503155
-833.420374129	1.540509718
-834.024124340	1.527801479
-834.627874552	1.518471005
-835.231624763	1.493966319
-835.835374974	1.486927889
-836.439125185	1.485918582
-837.042875396	1.485953787
-837.646625608	1.493043620
-838.250375819	1.514627198
-838.854126030	1.548918162
-839.457876241	1.595062311
-840.061626453	1.636760565
-840.665376664	1.658631858
-841.269126875	1.711799291
-841.872877086	1.747771949
-842.476627298	1.760521042
-843.080377509	1.764104520
-843.684127720	1.772444914
-844.287877931	1.792443702
-844.891628142	1.812562975
-845.495378354	1.841103696
-846.099128565	1.862824360
-846.702878776	1.880736937
-847.306628987	1.888564962
-847.910379199	1.892483262
-848.514129410	1.902345372
-849.117879621	1.910710815
-849.721629832	1.928908190
-850.325380043	1.966547734
-850.929130255	1.986009605
-851.532880466	2.002083354
-852.136630677	2.008120730
-852.740380888	2.014637295
-853.344131100	2.017680548
-853.947881311	2.016524475
-854.551631522	2.009480006
-855.155381733	1.963119366
-855.759131945	1.917452477
-856.362882156	1.885131696
-856.966632367	1.863983126
-857.570382578	1.846419870
-858.174132789	1.838763439
-858.777883001	1.835399337
-859.381633212	1.842828325
-859.985383423	1.851452214
-860.589133634	1.850925507
-861.192883846	1.828229465
-861.796634057	1.817815007
-862.400384268	1.799201155
-863.004134479	1.799586123
-863.607884690	1.790745658
-864.211634902	1.792227938
-864.815385113	1.797306050
-865.419135324	1.800022864
-866.022885535	1.798364885
-866.626635747	1.792512974
-867.230385958	1.785145739
-867.834136169	1.792348105
-868.437886380	1.811255872
-869.041636592	1.835027525
-869.645386803	1.863943960
-870.249137014	1.921671905
-870.852887225	1.958965602
-871.456637436	1.960584924
-872.060387648	1.945681761
-872.664137859	1.932678198
-873.267888070	1.921875276
-873.871638281	1.916513424
-874.475388493	1.895688237
-875.079138704	1.853072375
-875.682888915	1.804668938
-876.286639126	1.747746589
-876.890389337	1.706976901
-877.494139549	1.678619730
-878.097889760	1.661109724
-878.701639971	1.655707351
-879.305390182	1.655405483
-879.909140394	1.659770021
-880.512890605	1.660188850
-881.116640816	1.667176819
-881.720391027	1.672372924
-882.324141239	1.658747762
-882.927891450	1.641859701
-883.531641661	1.622846688
-884.135391872	1.610900175
-884.739142083	1.591957568
-885.342892295	1.581025220
-885.946642506	1.595853657
-886.550392717	1.615258837
-887.154142928	1.632719345
-887.757893140	1.666168254
-888.361643351	1.683131538
-888.965393562	1.681109886
-889.569143773	1.673609086
-890.172893984	1.681099969
-890.776644196	1.700117640
-891.380394407	1.715982272
-891.984144618	1.719292035
-892.587894829	1.724194970
-893.191645041	1.724855270
-893.795395252	1.732525206
-894.399145463	1.734696325
-895.002895674	1.725592450
-895.606645886	1.709947750
-896.210396097	1.697150318
-896.814146308	1.695988988
-897.417896519	1.688897334
-898.021646730	1.685449289
-898.625396942	1.681826023
-899.229147153	1.679213584
-899.832897364	1.680840685
-900.436647575	1.689517347
-901.040397787	1.702432612
-901.644147998	1.711745498
-902.247898209	1.719505059
-902.851648420	1.726503612
-903.455398631	1.733436169
-904.059148843	1.738311390
-904.662899054	1.735520972
-905.266649265	1.714920057
-905.870399476	1.711845220
-906.474149688	1.710167129
-907.077899899	1.703191953
-907.681650110	1.698335075
-908.285400321	1.695226643
-908.889150533	1.692156407
-909.492900744	1.686041589
-910.096650955	1.673800911
-910.700401166	1.654864627
-911.304151377	1.627759331
-911.907901589	1.609848065
-912.511651800	1.596119857
-913.115402011	1.583042946
-913.719152222	1.574677249
-914.322902434	1.580888163
-914.926652645	1.588630594
-915.530402856	1.607821239
-916.134153067	1.639277555
-916.737903278	1.646109617
-917.341653490	1.633662028
-917.945403701	1.626550771
-918.549153912	1.631899406
-919.152904123	1.639866250
-919.756654335	1.650434346
-920.360404546	1.668277512
-920.964154757	1.681890740
-921.567904968	1.716514495
-922.171655180	1.751499579
-922.775405391	1.785911252
-923.379155602	1.836130377
-923.982905813	1.874223633
-924.586656024	1.900909153
-925.190406236	1.922500574
-925.794156447	1.939737283
-926.397906658	1.961080519
-927.001656869	1.967783094
-927.605407081	1.969858152
-928.209157292	1.970588521
-928.812907503	1.956721500
-929.416657714	1.938039077
-930.020407925	1.928773709
-930.624158137	1.927870530
-931.227908348	1.907286723
-931.831658559	1.879778644
-932.435408770	1.860819070
-933.039158982	1.853704216
-933.642909193	1.852136232
-934.246659404	1.861278637
-934.850409615	1.890493391
-935.454159827	1.931074267
-936.057910038	1.942361070
-936.661660249	1.936611876
-937.265410460	1.931299909
-937.869160671	1.935198328
-938.472910883	1.949650338
-939.076661094	1.974848080
-939.680411305	1.997325776
-940.284161516	2.005117057
-940.887911728	2.000920629
-941.491661939	1.989713215
-942.095412150	1.971328359
-942.699162361	1.953905592
-943.302912572	1.938508642
-943.906662784	1.930216025
-944.510412995	1.925161000
-945.114163206	1.910261280
-945.717913417	1.893426008
-946.321663629	1.897189100
-946.925413840	1.926801057
-947.529164051	1.975585713
-948.132914262	2.039311222
-948.736664474	2.099355495
-949.340414685	2.139061747
-949.944164896	2.158127061
-950.547915107	2.175932976
-951.151665318	2.196842303
-951.755415530	2.220532934
-952.359165741	2.263147881
-952.962915952	2.319273886
-953.566666163	2.360150472
-954.170416375	2.380167924
-954.774166586	2.381344156
-955.377916797	2.371714899
-955.981667008	2.328588624
-956.585417219	2.257730077
-957.189167431	2.207643343
-957.792917642	2.168217589
-958.396667853	2.137961848
-959.000418064	2.130179126
-959.604168276	2.152404641
-960.207918487	2.174276427
-960.811668698	2.197402538
-961.415418909	2.217107182
-962.019169121	2.241193889
-962.622919332	2.251926534
-963.226669543	2.247691554
-963.830419754	2.267451946
-964.434169965	2.294909563
-965.037920177	2.305868477
-965.641670388	2.294085615
-966.245420599	2.266194550
-966.849170810	2.194098624
-967.452921022	2.135015405
-968.056671233	2.086524390
-968.660421444	2.065456144
-969.264171655	2.048050756
-969.867921866	2.015706425
-970.471672078	1.985776986
-971.075422289	1.962056942
-971.679172500	1.938939730
-972.282922711	1.919108831
-972.886672923	1.889177029
-973.490423134	1.863757782
-974.094173345	1.852901892
-974.697923556	1.854671841
-975.301673768	1.844151162
-975.905423979	1.827423939
-976.509174190	1.809897301
-977.112924401	1.801427623
-977.716674612	1.798151320
-978.320424824	1.794414146
-978.924175035	1.785264463
-979.527925246	1.783614046
-980.131675457	1.799486015
-980.735425669	1.832618734
-981.339175880	1.877698084
-981.942926091	1.910537338
-982.546676302	1.934750309
-983.150426513	1.955968358
-983.754176725	1.966331325
-984.357926936	1.972712741
-984.961677147	1.969367600
-985.565427358	1.955609220
-986.169177570	1.927655668
-986.772927781	1.907504342
-987.376677992	1.912751397
-987.980428203	1.920796946
-988.584178415	1.921189796
-989.187928626	1.918337716
-989.791678837	1.924289801
-990.395429048	1.915026050
-990.999179259	1.867342339
-991.602929471	1.787056779
-992.206679682	1.689732146
-992.810429893	1.559282285
-993.414180104	1.457874423
-994.017930316	1.369638700
-994.621680527	1.259620479
-995.225430738	1.200640932
-995.829180949	1.159615628
-996.432931160	1.120056968
-997.036681372	1.089521543
-997.640431583	1.080086255
-998.244181794	1.075622955
-998.847932005	1.087217377
-999.451682217	1.114461877
-1000.055432428	1.123035449
-1000.659182639	1.116799514
-1001.262932850	1.113911414
-1001.866683062	1.118826782
-1002.470433273	1.138069567
-1003.074183484	1.163210424
-1003.677933695	1.184336680
-1004.281683906	1.210334701
-1004.885434118	1.260232849
-1005.489184329	1.324754474
-1006.092934540	1.380432225
-1006.696684751	1.414913046
-1007.300434963	1.450497321
-1007.904185174	1.500746960
-1008.507935385	1.565364072
-1009.111685596	1.609952932
-1009.715435807	1.643886561
-1010.319186019	1.690517147
-1010.922936230	1.708078513
-1011.526686441	1.708784938
-1012.130436652	1.705697508
-1012.734186864	1.710867066
-1013.337937075	1.733067169
-1013.941687286	1.757674159
-1014.545437497	1.771471808
-1015.149187709	1.796324623
-1015.752937920	1.832342842
-1016.356688131	1.883819147
-1016.960438342	1.904584148
-1017.564188553	1.931561267
-1018.167938765	1.954466726
-1018.771688976	1.971833334
-1019.375439187	1.966774178
-1019.979189398	1.946566708
-1020.582939610	1.912324077
-1021.186689821	1.885883189
-1021.790440032	1.908635929
-1022.394190243	1.945538317
-1022.997940454	1.976912108
-1023.601690666	1.996818315
-1024.205440877	2.008549417
-1024.809191088	2.002718038
-1025.412941299	1.993698639
-1026.016691511	1.983085871
-1026.620441722	1.998600881
-1027.224191933	2.018288124
-1027.827942144	2.027543802
-1028.431692356	2.024494750
-1029.035442567	2.026161094
-1029.639192778	2.053709684
-1030.242942989	2.058586014
-1030.846693200	2.015383655
-1031.450443412	1.958157613
-1032.054193623	1.932680761
-1032.657943834	1.941336503
-1033.261694045	1.947594837
-1033.865444257	1.945812194
-1034.469194468	1.936536073
-1035.072944679	1.943886754
-1035.676694890	1.952920022
-1036.280445101	1.967173254
-1036.884195313	1.972451249
-1037.487945524	1.960253287
-1038.091695735	1.935237814
-1038.695445946	1.914914849
-1039.299196158	1.912628372
-1039.902946369	1.914260384
-1040.506696580	1.912344629
-1041.110446791	1.914477399
-1041.714197003	1.910520693
-1042.317947214	1.907532612
-1042.921697425	1.891861883
-1043.525447636	1.847075901
-1044.129197847	1.800251745
-1044.732948059	1.794891206
-1045.336698270	1.794756751
-1045.940448481	1.771954152
-1046.544198692	1.762919622
-1047.147948904	1.749158278
-1047.751699115	1.717890397
-1048.355449326	1.690992420
-1048.959199537	1.677526408
-1049.562949748	1.665353669
-1050.166699960	1.665172903
-1050.770450171	1.664947545
-1051.374200382	1.678959159
-1051.977950593	1.681049952
-1052.581700805	1.688322168
-1053.185451016	1.690337749
-1053.789201227	1.693516887
-1054.392951438	1.723413408
-1054.996701650	1.739865083
-1055.600451861	1.749051611
-1056.204202072	1.771588212
-1056.807952283	1.793934108
-1057.411702494	1.807122770
-1058.015452706	1.831890663
-1058.619202917	1.841603322
-1059.222953128	1.866931348
-1059.826703339	1.911601131
-1060.430453551	1.931996578
-1061.034203762	1.929567802
-1061.637953973	1.925805284
-1062.241704184	1.924858744
-1062.845454395	1.899039530
-1063.449204607	1.873380944
-1064.052954818	1.852243138
-1064.656705029	1.836530321
-1065.260455240	1.835891437
-1065.864205452	1.839281279
-1066.467955663	1.847259156
-1067.071705874	1.871813219
-1067.675456085	1.879628054
-1068.279206297	1.887423779
-1068.882956508	1.886925034
-1069.486706719	1.895932334
-1070.090456930	1.898093586
-1070.694207141	1.882702096
-1071.297957353	1.875658565
-1071.901707564	1.861488412
-1072.505457775	1.845434654
-1073.109207986	1.813226815
-1073.712958198	1.795992321
-1074.316708409	1.777592751
-1074.920458620	1.773533128
-1075.524208831	1.766398129
-1076.127959042	1.759975712
-1076.731709254	1.770123781
-1077.335459465	1.785731203
-1077.939209676	1.785954862
-1078.542959887	1.801596975
-1079.146710099	1.805679467
-1079.750460310	1.813829832
-1080.354210521	1.815511350
-1080.957960732	1.810275095
-1081.561710944	1.822536573
-1082.165461155	1.836497846
-1082.769211366	1.854780127
-1083.372961577	1.876536322
-1083.976711788	1.901461938
-1084.580462000	1.927387071
-1085.184212211	1.953350732
-1085.787962422	1.978805413
-1086.391712633	2.010222362
-1086.995462845	2.009341920
-1087.599213056	2.021279784
