-1.452583058	5.271027075
-2.056869915	5.271027075
-2.661156772	5.271027075
-3.265443629	5.271027075
-3.869730486	5.271027075
-4.474017343	5.271027075
-5.078304200	5.271027075
-5.682591057	5.271027075
-6.286877914	5.271027075
-6.891164771	5.271027075
-7.495451628	5.271027075
-8.099738485	5.271027075
-8.704025342	5.271027075
-9.308312199	5.271027075
-9.912599056	5.271027075
-10.516885913	5.271027075
-11.121172770	5.271027075
-11.725459627	5.271027075
-12.329746484	5.271027075
-12.934033341	5.271027075
-13.538320198	5.271027075
-14.142607055	5.271027075
-14.746893912	5.271027075
-15.351180769	5.271027075
-15.955467626	5.271027075
-16.559754483	5.271027075
-17.164041340	5.271027075
-17.768328197	5.271027075
-18.372615055	5.271027075
-18.976901912	5.271027075
-19.581188769	5.271027075
-20.185475626	4.072179944
-20.789762483	2.008094424
-21.394049340	0.627309036
-21.998336197	-0.429193712
-22.602623054	-1.550555379
-23.206909911	-2.508514315
-23.811196768	-3.162048787
-24.415483625	-4.038339811
-25.019770482	-4.650299083
-25.624057339	-5.108202174
-26.228344196	-5.273023836
-26.832631053	-5.273755145
-27.436917910	-5.273755145
-28.041204767	-5.273755145
-28.645491624	-5.273755145
-29.249778481	-5.273755145
-29.854065338	-5.273755145
-30.458352195	-5.273755145
-31.062639052	-5.273755145
-31.666925909	-5.273755145
-32.271212766	-5.273755145
-32.875499623	-5.273755145
-33.479786480	-5.273755145
-34.084073337	-5.273755145
-34.688360194	-5.273755145
-35.292647051	-5.273755145
-35.896933908	-5.273755145
-36.501220765	-5.273755145
-37.105507622	-5.273755145
-37.709794479	-5.273755145
-38.314081336	-5.273755145
-38.918368193	-5.273755145
-39.522655050	-5.273755145
-40.126941907	-5.273755145
-40.731228764	-5.273755145
-41.335515621	-5.273755145
-41.939802478	-5.273755145
-42.544089335	-5.273755145
-43.148376192	-5.273755145
-43.752663049	-5.273755145
-44.356949906	-5.273755145
-44.961236763	-5.273755145
-45.565523620	-5.273755145
-46.169810477	-5.273755145
-46.774097334	-5.273755145
-47.378384191	-5.273755145
-47.982671048	-5.273755145
-48.586957905	-5.273755145
-49.191244762	-5.273755145
-49.795531619	-5.273755145
-50.399818477	-5.273755145
-51.004105334	-5.273755145
-51.608392191	-5.273755145
-52.212679048	-5.273755145
-52.816965905	-5.273755145
-53.421252762	-5.131134879
-54.025539619	-4.999312473
-54.629826476	-4.821834607
-55.234113333	-4.668347697
-55.838400190	-4.529549592
-56.442687047	-4.435752158
-57.046973904	-4.298378504
-57.651260761	-4.191936852
-58.255547618	-4.081645658
-58.859834475	-3.966924333
-59.464121332	-3.846310090
-60.068408189	-3.702359276
-60.672695046	-3.595092659
-61.276981903	-3.464621382
-61.881268760	-3.258624965
-62.485555617	-3.106812855
-63.089842474	-2.957623791
-63.694129331	-2.773670898
-64.298416188	-2.585399896
-64.902703045	-2.418344104
-65.506989902	-2.166785316
-66.111276759	-1.982798734
-66.715563616	-1.841750119
-67.319850473	-1.690349298
-67.924137330	-1.523807532
-68.528424187	-1.357004260
-69.132711044	-1.180127613
-69.736997901	-1.008444705
-70.341284758	-0.902322511
-70.945571615	-0.756562547
-71.549858472	-0.665058811
-72.154145329	-0.548372184
-72.758432186	-0.451816285
-73.362719043	-0.362845926
-73.967005900	-0.263736257
-74.571292757	-0.165102303
-75.175579614	-0.110991178
-75.779866471	-0.060335586
-76.384153328	0.020951084
-76.988440185	0.083732955
-77.592727042	0.172204118
-78.197013899	0.219791620
-78.801300756	0.286254348
-79.405587613	0.342020601
-80.009874470	0.409114459
-80.614161327	0.475515449
-81.218448184	0.540287479
-81.822735041	0.578307085
-82.427021899	0.633789608
-83.031308756	0.679951033
-83.635595613	0.731500925
-84.239882470	0.789139111
-84.844169327	0.864480432
-85.448456184	0.903088801
-86.052743041	0.930978876
-86.657029898	0.974173402
-87.261316755	1.015460055
-87.865603612	1.053227867
-88.469890469	1.077771695
-89.074177326	1.094445898
-89.678464183	1.102198464
-90.282751040	1.092872061
-90.887037897	1.076015251
-91.491324754	1.054293064
-92.095611611	1.035360509
-92.699898468	1.031118142
-93.304185325	1.027357989
-93.908472182	1.033812851
-94.512759039	1.048294684
-95.117045896	1.063895236
-95.721332753	1.076610398
-96.325619610	1.090373935
-96.929906467	1.098442389
-97.534193324	1.107103693
-98.138480181	1.119328739
-98.742767038	1.143249374
-99.347053895	1.173005692
-99.951340752	1.198275792
-100.555627609	1.234444239
-101.159914466	1.256844814
-101.764201323	1.283840662
-102.368488180	1.312257441
-102.972775037	1.336592519
-103.577061894	1.363370548
-104.181348751	1.379643659
-104.785635608	1.394195661
-105.389922465	1.422635103
-105.994209322	1.451680043
-106.598496179	1.471275993
-107.202783036	1.493695695
-107.807069893	1.516206554
-108.411356750	1.535427787
-109.015643607	1.562262435
-109.619930464	1.580415172
-110.224217321	1.601435031
-110.828504178	1.615011027
-111.432791035	1.621716238
-112.037077892	1.620437250
-112.641364749	1.614254469
-113.245651606	1.609638835
-113.849938463	1.607159331
-114.454225321	1.611946184
-115.058512178	1.617041880
-115.662799035	1.617905878
-116.267085892	1.618672041
-116.871372749	1.618456417
-117.475659606	1.613977854
-118.079946463	1.607276568
-118.684233320	1.594254586
-119.288520177	1.585886109
-119.892807034	1.577297630
-120.497093891	1.574698285
-121.101380748	1.580619764
-121.705667605	1.597591597
-122.309954462	1.610365237
-122.914241319	1.617883726
-123.518528176	1.622866199
-124.122815033	1.637238169
-124.727101890	1.657953131
-125.331388747	1.679943571
-125.935675604	1.707912954
-126.539962461	1.740868931
-127.144249318	1.768467695
-127.748536175	1.792248927
-128.352823032	1.808833125
-128.957109889	1.818398365
-129.561396746	1.826523367
-130.165683603	1.832915875
-130.769970460	1.830241029
-131.374257317	1.820242710
-131.978544174	1.805323383
-132.582831031	1.783477373
-133.187117888	1.742135009
-133.791404745	1.697430508
-134.395691602	1.657578853
-134.999978459	1.625366746
-135.604265316	1.590299475
-136.208552173	1.555197211
-136.812839030	1.547763760
-137.417125887	1.557802731
-138.021412744	1.586525639
-138.625699601	1.623088280
-139.229986458	1.658007310
-139.834273315	1.697612547
-140.438560172	1.737149737
-141.042847029	1.773088726
-141.647133886	1.798780099
-142.251420743	1.826248438
-142.855707600	1.863960714
-143.459994457	1.907947605
-144.064281314	1.950495618
-144.668568171	1.997313029
-145.272855028	2.051696389
-145.877141885	2.090151864
-146.481428743	2.136117759
-147.085715600	2.198365131
-147.690002457	2.264473015
-148.294289314	2.349216591
-148.898576171	2.405251466
-149.502863028	2.450310520
-150.107149885	2.500856797
-150.711436742	2.550032375
-151.315723599	2.589498032
-151.920010456	2.616901053
-152.524297313	2.636319541
-153.128584170	2.657815690
-153.732871027	2.683725332
-154.337157884	2.696397019
-154.941444741	2.697080745
-155.545731598	2.696151796
-156.150018455	2.700198428
-156.754305312	2.704778852
-157.358592169	2.708777807
-157.962879026	2.720520994
-158.567165883	2.731925866
-159.171452740	2.728733966
-159.775739597	2.711516784
-160.380026454	2.679814584
-160.984313311	2.638458933
-161.588600168	2.591305252
-162.192887025	2.526062256
-162.797173882	2.429753374
-163.401460739	2.290676603
-164.005747596	2.118540836
-164.610034453	1.908654469
-165.214321310	1.594491626
-165.818608167	1.257493280
-166.422895024	0.940052758
-167.027181881	0.641459065
-167.631468738	0.266696244
-168.235755595	-0.057132284
-168.840042452	-0.338496570
-169.444329309	-0.635137247
-170.048616166	-0.920095714
-170.652903023	-1.174537685
-171.257189880	-1.333741112
-171.861476737	-1.455731224
-172.465763594	-1.525637300
-173.070050451	-1.556747723
-173.674337308	-1.559983196
-174.278624165	-1.536283541
-174.882911022	-1.451844886
-175.487197879	-1.337582101
-176.091484736	-1.218380971
-176.695771593	-1.112543963
-177.300058450	-1.009846888
-177.904345307	-0.873409708
-178.508632165	-0.757614996
-179.112919022	-0.641184090
-179.717205879	-0.516242410
-180.321492736	-0.400441294
-180.925779593	-0.292068775
-181.530066450	-0.212696179
-182.134353307	-0.140321623
-182.738640164	-0.082603781
-183.342927021	-0.025787731
-183.947213878	0.037034911
-184.551500735	0.123889141
-185.155787592	0.194360228
-185.760074449	0.270298853
-186.364361306	0.358628321
-186.968648163	0.421343857
-187.572935020	0.489752906
-188.177221877	0.554583664
-188.781508734	0.621387508
-189.385795591	0.700556948
-189.990082448	0.783573511
-190.594369305	0.850487809
-191.198656162	0.897103137
-191.802943019	0.925755939
-192.407229876	0.952034258
-193.011516733	0.981387261
-193.615803590	1.002348754
-194.220090447	1.027814603
-194.824377304	1.051666899
-195.428664161	1.077375240
-196.032951018	1.099518654
-196.637237875	1.114824651
-197.241524732	1.134839326
-197.845811589	1.150524982
-198.450098446	1.167333797
-199.054385303	1.213566977
-199.658672160	1.255883175
-200.262959017	1.283111161
-200.867245874	1.315880280
-201.471532731	1.349974556
-202.075819588	1.381808154
-202.680106445	1.416727476
-203.284393302	1.455971138
-203.888680159	1.487605080
-204.492967016	1.546630101
-205.097253873	1.582079032
-205.701540730	1.599044411
-206.305827587	1.604512634
-206.910114444	1.602104797
-207.514401301	1.599929857
-208.118688158	1.603613551
-208.722975015	1.616978222
-209.327261872	1.628884097
-209.931548729	1.649666483
-210.535835587	1.687924805
-211.140122444	1.724584856
-211.744409301	1.751698616
-212.348696158	1.767113273
-212.952983015	1.776921547
-213.557269872	1.782880598
-214.161556729	1.775476494
-214.765843586	1.772075799
-215.370130443	1.775309806
-215.974417300	1.777434726
-216.578704157	1.792826558
-217.182991014	1.820464413
-217.787277871	1.853634089
-218.391564728	1.891071707
-218.995851585	1.905120015
-219.600138442	1.895169751
-220.204425299	1.874888158
-220.808712156	1.855178886
-221.412999013	1.846109132
-222.017285870	1.833203059
-222.621572727	1.816373069
-223.225859584	1.802254397
-223.830146441	1.789775144
-224.434433298	1.777849819
-225.038720155	1.745034712
-225.643007012	1.725857758
-226.247293869	1.720803230
-226.851580726	1.719999274
-227.455867583	1.718288281
-228.060154440	1.710191758
-228.664441297	1.705809276
-229.268728154	1.715696263
-229.873015011	1.727698542
-230.477301868	1.736497010
-231.081588725	1.729283099
-231.685875582	1.710908226
-232.290162439	1.697878452
-232.894449296	1.679753020
-233.498736153	1.656893488
-234.103023010	1.615372304
-234.707309867	1.568924726
-235.311596724	1.522992217
-235.915883581	1.494052398
-236.520170438	1.462223506
-237.124457295	1.417129919
-237.728744152	1.358908788
-238.333031009	1.310724161
-238.937317866	1.277932568
-239.541604723	1.267146531
-240.145891580	1.269136487
-240.750178437	1.274531653
-241.354465294	1.301365470
-241.958752151	1.319703152
-242.563039009	1.336669578
-243.167325866	1.375744658
-243.771612723	1.398837333
-244.375899580	1.428749381
-244.980186437	1.456012863
-245.584473294	1.466699882
-246.188760151	1.466670358
-246.793047008	1.469251331
-247.397333865	1.491905753
-248.001620722	1.532949023
-248.605907579	1.547322764
-249.210194436	1.559282552
-249.814481293	1.587712978
-250.418768150	1.614876690
-251.023055007	1.642940819
-251.627341864	1.660619902
-252.231628721	1.676606261
-252.835915578	1.691082334
-253.440202435	1.706346195
-254.044489292	1.723290911
-254.648776149	1.738514242
-255.253063006	1.743870037
-255.857349863	1.739051353
-256.461636720	1.741321909
-257.065923577	1.745864441
-257.670210434	1.747968255
-258.274497291	1.751220823
-258.878784148	1.768644300
-259.483071005	1.787959823
-260.087357862	1.803382582
-260.691644719	1.816309499
-261.295931576	1.841930256
-261.900218433	1.863451063
-262.504505290	1.893149292
-263.108792147	1.921294702
-263.713079004	1.931637508
-264.317365861	1.928848879
-264.921652718	1.904954291
-265.525939575	1.864938851
-266.130226432	1.843124504
-266.734513289	1.833356741
-267.338800146	1.844112949
-267.943087003	1.851634461
-268.547373860	1.855165359
-269.151660717	1.866521117
-269.755947574	1.887196966
-270.360234431	1.904410170
-270.964521288	1.912787755
-271.568808145	1.950965234
-272.173095002	1.984678547
-272.777381859	2.018314614
-273.381668716	2.038581677
-273.985955573	2.060924066
-274.590242431	2.087069226
-275.194529288	2.114113979
-275.798816145	2.127861109
-276.403103002	2.130001287
-277.007389859	2.142111232
-277.611676716	2.163009151
-278.215963573	2.188990455
-278.820250430	2.217924730
-279.424537287	2.243331394
-280.028824144	2.286184504
-280.633111001	2.314256680
-281.237397858	2.332466430
-281.841684715	2.356363215
-282.445971572	2.410333784
-283.050258429	2.462829979
-283.654545286	2.516214523
-284.258832143	2.554769838
-284.863119000	2.578592716
-285.467405857	2.591863682
-286.071692714	2.606548693
-286.675979571	2.623646603
-287.280266428	2.651353688
-287.884553285	2.672343252
-288.488840142	2.682918296
-289.093126999	2.688357259
-289.697413856	2.676844983
-290.301700713	2.659094522
-290.905987570	2.644335948
-291.510274427	2.644143105
-292.114561284	2.672160851
-292.718848141	2.707556832
-293.323134998	2.739518689
-293.927421855	2.792891556
-294.531708712	2.824315786
-295.135995569	2.851797261
-295.740282426	2.867589341
-296.344569283	2.861040033
-296.948856140	2.832893847
-297.553142997	2.801168671
-298.157429854	2.723096305
-298.761716711	2.650639307
-299.366003568	2.572081899
-299.970290425	2.432304945
-300.574577282	2.221885266
-301.178864139	2.052976855
-301.783150996	1.893466295
-302.387437853	1.777896943
-302.991724710	1.648540951
-303.596011567	1.593648067
-304.200298424	1.607999799
-304.804585281	1.715527204
-305.408872138	1.858123552
-306.013158995	2.081551155
-306.617445853	2.281115243
-307.221732710	2.610484411
-307.826019567	2.900365982
-308.430306424	3.108829689
-309.034593281	3.269974086
-309.638880138	3.399157762
-310.243166995	3.431336384
-310.847453852	3.368462688
-311.451740709	3.149223217
-312.056027566	2.939580935
-312.660314423	2.460749396
-313.264601280	1.871237658
-313.868888137	1.292215662
-314.473174994	0.764819623
-315.077461851	0.117597528
-315.681748708	-0.402361413
-316.286035565	-0.905261064
-316.890322422	-1.357833477
-317.494609279	-1.870503340
-318.098896136	-2.089686337
-318.703182993	-2.319526761
-319.307469850	-2.424146139
-319.911756707	-2.518424668
-320.516043564	-2.535924228
-321.120330421	-2.485677273
-321.724617278	-2.360678468
-322.328904135	-2.243847351
-322.933190992	-2.088842678
-323.537477849	-1.916441774
-324.141764706	-1.774981960
-324.746051563	-1.604514244
-325.350338420	-1.410066668
-325.954625277	-1.252801033
-326.558912134	-1.099522934
-327.163198991	-0.980327088
-327.767485848	-0.859803358
-328.371772705	-0.717853906
-328.976059562	-0.544841224
-329.580346419	-0.431421543
-330.184633276	-0.204814292
-330.788920133	-0.036516736
-331.393206990	0.064600008
-331.997493847	0.211752183
-332.601780704	0.319942773
-333.206067561	0.419472899
-333.810354418	0.522505722
-334.414641275	0.636425336
-335.018928132	0.706673135
-335.623214989	0.808215714
-336.227501846	0.878463505
-336.831788703	0.932284120
-337.436075560	0.997297454
-338.040362417	1.038968836
-338.644649275	1.087628860
-339.248936132	1.114501332
-339.853222989	1.146638155
-340.457509846	1.183687712
-341.061796703	1.211006303
-341.666083560	1.249686814
-342.270370417	1.286575779
-342.874657274	1.321322012
-343.478944131	1.331976472
-344.083230988	1.315484600
-344.687517845	1.328450912
-345.291804702	1.345446352
-345.896091559	1.384491112
-346.500378416	1.401108878
-347.104665273	1.412052864
-347.708952130	1.418365851
-348.313238987	1.443466814
-348.917525844	1.503873903
-349.521812701	1.549379890
-350.126099558	1.590443647
-350.730386415	1.634993387
-351.334673272	1.658877162
-351.938960129	1.687775049
-352.543246986	1.715153518
-353.147533843	1.735799857
-353.751820700	1.752208794
-354.356107557	1.758388963
-354.960394414	1.763603799
-355.564681271	1.784067348
-356.168968128	1.807857211
-356.773254985	1.809950115
-357.377541842	1.788607529
-357.981828699	1.783643774
-358.586115556	1.770846363
-359.190402413	1.720061886
-359.794689270	1.681332843
-360.398976127	1.657881437
-361.003262984	1.649132502
-361.607549841	1.616600510
-362.211836698	1.578940971
-362.816123555	1.544043655
-363.420410412	1.526808166
-364.024697269	1.527389207
-364.628984126	1.533844559
-365.233270983	1.561937974
-365.837557840	1.607036383
-366.441844697	1.629948766
-367.046131554	1.681617231
-367.650418411	1.710421379
-368.254705268	1.769830602
-368.858992125	1.812358000
-369.463278982	1.827907443
-370.067565839	1.839169084
-370.671852697	1.859071070
-371.276139554	1.870110861
-371.880426411	1.867817084
-372.484713268	1.858407467
-373.089000125	1.840834518
-373.693286982	1.827243259
-374.297573839	1.829559878
-374.901860696	1.836419660
-375.506147553	1.841834436
-376.110434410	1.838883065
-376.714721267	1.830356769
-377.319008124	1.832496938
-377.923294981	1.838294862
-378.527581838	1.850967636
-379.131868695	1.867881513
-379.736155552	1.889718110
-380.340442409	1.910997749
-380.944729266	1.913670540
-381.549016123	1.919005916
-382.153302980	1.923415610
-382.757589837	1.938662988
-383.361876694	1.962092075
-383.966163551	1.973585978
-384.570450408	1.979769597
-385.174737265	1.983940331
-385.779024122	1.995110650
-386.383310979	2.016391425
-386.987597836	2.042976485
-387.591884693	2.054856423
-388.196171550	2.069456520
-388.800458407	2.079801233
-389.404745264	2.073951738
-390.009032121	2.063498088
-390.613318978	2.047924007
-391.217605835	2.014478539
-391.821892692	1.966996263
-392.426179549	1.926344482
-393.030466406	1.888981580
-393.634753263	1.824539960
-394.239040120	1.789340491
-394.843326977	1.781494391
-395.447613834	1.766323875
-396.051900691	1.758138851
-396.656187548	1.765853240
-397.260474405	1.796804435
-397.864761262	1.803121936
-398.469048119	1.801347394
-399.073334976	1.810159849
-399.677621833	1.803643657
-400.281908690	1.812061287
-400.886195547	1.814303567
-401.490482404	1.819762218
-402.094769261	1.828866090
-402.699056119	1.844047793
-403.303342976	1.865888534
-403.907629833	1.890427158
-404.511916690	1.917871673
-405.116203547	1.946502385
-405.720490404	1.977057472
-406.324777261	2.002858538
-406.929064118	2.006352069
-407.533350975	1.990164467
-408.137637832	1.968556077
-408.741924689	1.934711585
-409.346211546	1.910917947
-409.950498403	1.872563998
-410.554785260	1.854011984
-411.159072117	1.862026219
-411.763358974	1.885256921
-412.367645831	1.905825776
-412.971932688	1.953995363
-413.576219545	1.985594328
-414.180506402	2.016878675
-414.784793259	2.039424701
-415.389080116	2.035535529
-415.993366973	2.035248603
-416.597653830	2.035409923
-417.201940687	2.034529994
-417.806227544	2.032170554
-418.410514401	2.039874120
-419.014801258	2.041550468
-419.619088115	2.027273653
-420.223374972	1.990460761
-420.827661829	1.973783587
-421.431948686	1.954646900
-422.036235543	1.929896499
-422.640522400	1.927043172
-423.244809257	1.912946476
-423.849096114	1.905800683
-424.453382971	1.894686201
-425.057669828	1.875652888
-425.661956685	1.873339420
-426.266243542	1.843190370
-426.870530399	1.798624553
-427.474817256	1.758541805
-428.079104113	1.755454395
-428.683390970	1.759123250
-429.287677827	1.757447893
-429.891964684	1.761680807
-430.496251541	1.760994123
-431.100538398	1.781362184
-431.704825255	1.793181771
-432.309112112	1.809006021
-432.913398969	1.820815366
-433.517685826	1.834635666
-434.121972683	1.862926406
-434.726259541	1.898982374
-435.330546398	1.917789398
-435.934833255	1.947836956
-436.539120112	1.960260734
-437.143406969	1.969509791
-437.747693826	1.972784375
-438.351980683	1.978918616
-438.956267540	2.013455624
-439.560554397	2.041243418
-440.164841254	2.060127258
-440.769128111	2.090423906
-441.373414968	2.110450471
-441.977701825	2.111218324
-442.581988682	2.106328058
-443.186275539	2.100662904
-443.790562396	2.099016455
-444.394849253	2.104322616
-444.999136110	2.142706811
-445.603422967	2.149629365
-446.207709824	2.136322389
-446.811996681	2.108727710
-447.416283538	2.087499512
-448.020570395	2.059320439
-448.624857252	2.055736171
-449.229144109	2.046793520
-449.833430966	2.040759387
-450.437717823	2.032154254
-451.042004680	2.029529908
-451.646291537	2.030205588
-452.250578394	2.028704614
-452.854865251	2.023250271
-453.459152108	2.033450807
-454.063438965	2.052386028
-454.667725822	2.076601983
-455.272012679	2.103321527
-455.876299536	2.130358837
-456.480586393	2.165480754
-457.084873250	2.179584403
-457.689160107	2.168389084
-458.293446964	2.166641130
-458.897733821	2.176054001
-459.502020678	2.185243796
-460.106307535	2.182762483
-460.710594392	2.166682912
-461.314881249	2.141994373
-461.919168106	2.136034988
-462.523454963	2.156923364
-463.127741820	2.170862871
-463.732028677	2.193380367
-464.336315534	2.213868255
-464.940602391	2.232686136
-465.544889248	2.244803883
-466.149176105	2.246884241
-466.753462963	2.237311916
-467.357749820	2.237307545
-467.962036677	2.237367609
-468.566323534	2.251121863
-469.170610391	2.259102784
-469.774897248	2.260796620
-470.379184105	2.264541154
-470.983470962	2.261147784
-471.587757819	2.247840983
-472.192044676	2.247474647
-472.796331533	2.254758458
-473.400618390	2.262007158
-474.004905247	2.265832805
-474.609192104	2.253683771
-475.213478961	2.256567849
-475.817765818	2.254895594
-476.422052675	2.241209276
-477.026339532	2.237926145
-477.630626389	2.229300230
-478.234913246	2.224061489
-478.839200103	2.216806705
-479.443486960	2.208967574
-480.047773817	2.211081225
-480.652060674	2.216405321
-481.256347531	2.212694348
-481.860634388	2.189888927
-482.464921245	2.168770025
-483.069208102	2.132433590
-483.673494959	2.092622488
-484.277781816	2.067109216
-484.882068673	2.057098140
-485.486355530	2.052154451
-486.090642387	2.044010142
-486.694929244	2.058768570
-487.299216101	2.080400928
-487.903502958	2.098046364
-488.507789815	2.104294535
-489.112076672	2.116439038
-489.716363529	2.130125961
-490.320650386	2.147088789
-490.924937243	2.158077325
-491.529224100	2.157872370
-492.133510957	2.149065819
-492.737797814	2.163074185
-493.342084671	2.194538036
-493.946371528	2.221838414
-494.550658385	2.232961328
-495.154945242	2.267160008
-495.759232099	2.290686778
-496.363518956	2.315142168
-496.967805813	2.340825757
-497.572092670	2.364222743
-498.176379527	2.374859560
-498.780666385	2.387860386
-499.384953242	2.390556428
-499.989240099	2.384544520
-500.593526956	2.392403296
-501.197813813	2.409235516
-501.802100670	2.421836669
-502.406387527	2.419412917
-503.010674384	2.421267646
-503.614961241	2.431773741
-504.219248098	2.436305868
-504.823534955	2.430423481
-505.427821812	2.434260565
-506.032108669	2.446454145
-506.636395526	2.452835930
-507.240682383	2.470115003
-507.844969240	2.461014053
-508.449256097	2.459129606
-509.053542954	2.448438435
-509.657829811	2.449888779
-510.262116668	2.465294329
-510.866403525	2.478100671
-511.470690382	2.481122090
-512.074977239	2.491607017
-512.679264096	2.502307875
-513.283550953	2.495147550
-513.887837810	2.500042816
-514.492124667	2.477080036
-515.096411524	2.445188383
-515.700698381	2.419439211
-516.304985238	2.397294984
-516.909272095	2.358368127
-517.513558952	2.342913833
-518.117845809	2.334536276
-518.722132666	2.319121108
-519.326419523	2.311566604
-519.930706380	2.318616568
-520.534993237	2.328758936
-521.139280094	2.339311697
-521.743566951	2.360928154
-522.347853808	2.391956297
-522.952140665	2.413736099
-523.556427522	2.440206787
-524.160714379	2.444021571
-524.765001236	2.451416857
-525.369288093	2.462117707
-525.973574950	2.470073944
-526.577861807	2.470349882
-527.182148664	2.451297991
-527.786435521	2.421808512
-528.390722378	2.415422348
-528.995009235	2.441482057
-529.599296092	2.455653953
-530.203582949	2.448591104
-530.807869807	2.446830036
-531.412156664	2.454927887
-532.016443521	2.451206318
-532.620730378	2.449056675
-533.225017235	2.431758218
-533.829304092	2.401777912
-534.433590949	2.379659538
-535.037877806	2.370544404
-535.642164663	2.359602904
-536.246451520	2.348331604
-536.850738377	2.342738629
-537.455025234	2.351678500
-538.059312091	2.389677911
-538.663598948	2.427167225
-539.267885805	2.457252852
-539.872172662	2.452330792
-540.476459519	2.446404170
-541.080746376	2.439554651
-541.685033233	2.435833565
-542.289320090	2.422275509
-542.893606947	2.411087275
-543.497893804	2.403289225
-544.102180661	2.374758379
-544.706467518	2.366411989
-545.310754375	2.366136950
-545.915041232	2.367899440
-546.519328089	2.347186532
-547.123614946	2.265275540
-547.727901803	2.228389170
-548.332188660	2.201989533
-548.936475517	2.188509406
-549.540762374	2.158161694
-550.145049231	2.152997123
-550.749336088	2.139526685
-551.353622945	2.117516800
-551.957909802	2.095833759
-552.562196659	2.092272817
-553.166483516	2.102555978
-553.770770373	2.125332958
-554.375057230	2.142365823
-554.979344087	2.167793856
-555.583630944	2.193976608
-556.187917801	2.250158874
-556.792204658	2.290072449
-557.396491515	2.312872795
-558.000778372	2.357656335
-558.605065229	2.391447429
-559.209352086	2.421760598
-559.813638943	2.435937996
-560.417925800	2.445084116
-561.022212657	2.427660754
-561.626499514	2.395328527
-562.230786371	2.354312030
-562.835073229	2.333701697
-563.439360086	2.314043588
-564.043646943	2.302114732
-564.647933800	2.292507731
-565.252220657	2.280911625
-565.856507514	2.262327151
-566.460794371	2.220180460
-567.065081228	2.201525037
-567.669368085	2.190688411
-568.273654942	2.173169694
-568.877941799	2.164485167
-569.482228656	2.145795805
-570.086515513	2.129516433
-570.690802370	2.132060932
-571.295089227	2.140787770
-571.899376084	2.173255327
-572.503662941	2.218425343
-573.107949798	2.280421958
-573.712236655	2.313425032
-574.316523512	2.352909507
-574.920810369	2.396300888
-575.525097226	2.419930304
-576.129384083	2.445202990
-576.733670940	2.453556304
-577.337957797	2.453722453
-577.942244654	2.452704715
-578.546531511	2.463744489
-579.150818368	2.449035187
-579.755105225	2.438545840
-580.359392082	2.427969126
-580.963678939	2.401984629
-581.567965796	2.354660088
-582.172252653	2.312816839
-582.776539510	2.299112598
-583.380826367	2.297252750
-583.985113224	2.323345705
-584.589400081	2.358996304
-585.193686938	2.445938877
-585.797973795	2.482313711
-586.402260652	2.504353128
-587.006547509	2.521816595
-587.610834366	2.520031215
-588.215121223	2.487525273
-588.819408080	2.428762748
-589.423694937	2.399362111
-590.027981794	2.371678847
-590.632268651	2.323871268
-591.236555508	2.278801957
-591.840842365	2.205656228
-592.445129222	2.171723542
-593.049416079	2.148542481
-593.653702936	2.149400115
-594.257989793	2.158828549
-594.862276651	2.167195511
-595.466563508	2.208103053
-596.070850365	2.232651961
-596.675137222	2.287212255
-597.279424079	2.336600625
-597.883710936	2.391952956
-598.487997793	2.445590940
-599.092284650	2.504788990
-599.696571507	2.560484130
-600.300858364	2.580488883
-600.905145221	2.583887973
-601.509432078	2.590758700
-602.113718935	2.611199455
-602.718005792	2.628049647
-603.322292649	2.650929816
-603.926579506	2.651685170
-604.530866363	2.655597308
-605.135153220	2.683394326
-605.739440077	2.687432494
-606.343726934	2.667362392
-606.948013791	2.638658151
-607.552300648	2.638708716
-608.156587505	2.629455185
-608.760874362	2.623326984
-609.365161219	2.614061917
-609.969448076	2.594169100
-610.573734933	2.565660631
-611.178021790	2.563141563
-611.782308647	2.571392340
-612.386595504	2.595264785
-612.990882361	2.609875381
-613.595169218	2.608364675
-614.199456075	2.590063085
-614.803742932	2.565930076
-615.408029789	2.536957275
-616.012316646	2.499436246
-616.616603503	2.482311097
-617.220890360	2.476625358
-617.825177217	2.473077456
-618.429464074	2.469755881
-619.033750931	2.507185882
-619.638037788	2.519165111
-620.242324645	2.533430287
-620.846611502	2.554418435
-621.450898359	2.569679560
-622.055185216	2.592501875
-622.659472073	2.630619666
-623.263758930	2.675059614
-623.868045787	2.740007642
-624.472332644	2.773455126
-625.076619501	2.796306896
-625.680906358	2.800722813
-626.285193215	2.806436015
-626.889480073	2.812172450
-627.493766930	2.814978438
-628.098053787	2.813894678
-628.702340644	2.811566374
-629.306627501	2.797613250
-629.910914358	2.801713744
-630.515201215	2.814538409
-631.119488072	2.830769044
-631.723774929	2.827101281
-632.328061786	2.826038716
-632.932348643	2.824821329
-633.536635500	2.803766549
-634.140922357	2.777084125
-634.745209214	2.748556723
-635.349496071	2.740531271
-635.953782928	2.741693353
-636.558069785	2.731455622
-637.162356642	2.696360039
-637.766643499	2.686661075
-638.370930356	2.705320654
-638.975217213	2.723355954
-639.579504070	2.727132721
-640.183790927	2.730430579
-640.788077784	2.755802586
-641.392364641	2.783799887
-641.996651498	2.810985164
-642.600938355	2.844473788
-643.205225212	2.864694042
-643.809512069	2.886499140
-644.413798926	2.924223745
-645.018085783	2.959783536
-645.622372640	2.990528350
-646.226659497	3.002616734
-646.830946354	2.987042352
-647.435233211	2.972772455
-648.039520068	2.964986486
-648.643806925	2.921146538
-649.248093782	2.899643854
-649.852380639	2.892322726
-650.456667496	2.895418493
-651.060954353	2.922312658
-651.665241210	2.939862175
-652.269528067	2.970171856
-652.873814924	3.031788299
-653.478101781	3.067704743
-654.082388638	3.097469716
-654.686675495	3.120930477
-655.290962352	3.148164680
-655.895249209	3.179954796
-656.499536066	3.183839489
-657.103822923	3.185565320
-657.708109780	3.172184713
-658.312396637	3.149370995
-658.916683495	3.103547730
-659.520970352	3.075750632
-660.125257209	3.057287173
-660.729544066	3.041267573
-661.333830923	3.034204376
-661.938117780	3.039627644
-662.542404637	3.038685392
-663.146691494	3.037269324
-663.750978351	3.020134601
-664.355265208	2.970239810
-664.959552065	2.917939320
-665.563838922	2.874832608
-666.168125779	2.891915228
-666.772412636	2.901236382
-667.376699493	2.889012600
-667.980986350	2.885733469
-668.585273207	2.889452134
-669.189560064	2.893764749
-669.793846921	2.870953064
-670.398133778	2.857479487
-671.002420635	2.822035981
-671.606707492	2.773454920
-672.210994349	2.708808729
-672.815281206	2.692067621
-673.419568063	2.693701471
-674.023854920	2.720012910
-674.628141777	2.751548693
-675.232428634	2.795112587
-675.836715491	2.806722536
-676.441002348	2.814484637
-677.045289205	2.821376105
-677.649576062	2.819487723
-678.253862919	2.814909532
-678.858149776	2.821331641
-679.462436633	2.823471808
-680.066723490	2.891972826
-680.671010347	2.923232852
-681.275297204	2.939484641
-681.879584061	2.942417500
-682.483870918	2.949273791
-683.088157775	2.973290896
-683.692444632	3.017583055
-684.296731489	3.011036648
-684.901018346	2.993566697
-685.505305203	2.984841590
-686.109592060	2.986478191
-686.713878917	3.043479061
-687.318165774	3.092451241
-687.922452631	3.113018014
-688.526739488	3.123279646
-689.131026345	3.122233770
-689.735313202	3.129766686
-690.339600059	3.143111301
-690.943886917	3.151306948
-691.548173774	3.148634151
-692.152460631	3.160732460
-692.756747488	3.156593246
-693.361034345	3.169296867
-693.965321202	3.176269382
-694.569608059	3.150682051
-695.173894916	3.135694904
-695.778181773	3.120084228
-696.382468630	3.107205510
-696.986755487	3.115816559
-697.591042344	3.090396323
-698.195329201	3.064834157
-698.799616058	3.031772210
-699.403902915	3.010195386
-700.008189772	2.976312874
-700.612476629	2.945269380
-701.216763486	2.934345807
-701.821050343	2.932045169
-702.425337200	2.948662944
-703.029624057	2.984166377
-703.633910914	2.993458562
-704.238197771	3.001698786
-704.842484628	3.014673879
-705.446771485	3.026280548
-706.051058342	3.022577908
-706.655345199	3.016486912
-707.259632056	3.007655081
-707.863918913	2.991316645
-708.468205770	2.944252310
-709.072492627	2.872067052
-709.676779484	2.875765615
-710.281066341	2.912434561
-710.885353198	2.930003169
-711.489640055	2.940072488
-712.093926912	2.924485251
-712.698213769	2.904168676
-713.302500626	2.897168312
-713.906787483	2.890537197
-714.511074340	2.897202879
-715.115361197	2.888180547
-715.719648054	2.856973393
-716.323934911	2.850678790
-716.928221768	2.827317315
-717.532508625	2.794186029
-718.136795482	2.763390921
-718.741082339	2.728599289
-719.345369196	2.730729229
-719.949656053	2.745962147
-720.553942910	2.743862748
-721.158229767	2.737316370
-721.762516624	2.723959288
-722.366803481	2.668433600
-722.971090339	2.601157577
-723.575377196	2.524499801
-724.179664053	2.494885117
-724.783950910	2.455025921
-725.388237767	2.427277564
-725.992524624	2.427934110
-726.596811481	2.448076749
-727.201098338	2.496492636
-727.805385195	2.538559791
-728.409672052	2.593092427
-729.013958909	2.634604166
-729.618245766	2.646366049
-730.222532623	2.673182595
-730.826819480	2.730284239
-731.431106337	2.771421822
-732.035393194	2.822506302
-732.639680051	2.874033454
-733.243966908	2.885844414
-733.848253765	2.890212982
-734.452540622	2.885177301
-735.056827479	2.864259099
-735.661114336	2.826995082
-736.265401193	2.775272232
-736.869688050	2.770199319
-737.473974907	2.770738856
-738.078261764	2.775754585
-738.682548621	2.757870904
-739.286835478	2.738961291
-739.891122335	2.731523991
-740.495409192	2.729468947
-741.099696049	2.734734696
-741.703982906	2.743915112
-742.308269763	2.759881226
-742.912556620	2.794023090
-743.516843477	2.806145736
-744.121130334	2.793640456
-744.725417191	2.801056630
-745.329704048	2.790915986
-745.933990905	2.778481748
-746.538277762	2.769461420
-747.142564619	2.770301689
-747.746851476	2.763201019
-748.351138333	2.759670028
-748.955425190	2.771108196
-749.559712047	2.790487053
-750.163998904	2.797966732
-750.768285761	2.806421005
-751.372572618	2.819193304
-751.976859475	2.819279385
-752.581146332	2.803897693
-753.185433189	2.797889030
-753.789720046	2.793793875
-754.394006903	2.795736206
-754.998293761	2.790577574
-755.602580618	2.808075415
-756.206867475	2.816947168
-756.811154332	2.819968572
-757.415441189	2.811487406
-758.019728046	2.812649484
-758.624014903	2.817364879
-759.228301760	2.791344453
-759.832588617	2.784168622
-760.436875474	2.781810880
-761.041162331	2.804160772
-761.645449188	2.815432928
-762.249736045	2.807805931
-762.854022902	2.807195106
-763.458309759	2.829423072
-764.062596616	2.840501551
-764.666883473	2.872672770
-765.271170330	2.956013045
-765.875457187	2.990178194
-766.479744044	3.054661634
-767.084030901	3.079156644
-767.688317758	3.071415138
-768.292604615	3.023988767
-768.896891472	3.011424270
-769.501178329	3.010039458
-770.105465186	3.015087957
-770.709752043	2.998717796
-771.314038900	2.993556224
-771.918325757	2.938919038
-772.522612614	2.902717559
-773.126899471	2.894732419
-773.731186328	2.864320950
-774.335473185	2.801541519
-774.939760042	2.742924799
-775.544046899	2.710967698
-776.148333756	2.676456424
-776.752620613	2.634244429
-777.356907470	2.625794971
-777.961194327	2.624786351
-778.565481184	2.632717514
-779.169768041	2.642821819
-779.774054898	2.666459154
-780.378341755	2.700315965
-780.982628612	2.716639978
-781.586915469	2.703786430
-782.191202326	2.710810801
-782.795489183	2.764241000
-783.399776040	2.811559176
-784.004062897	2.884622152
-784.608349754	2.947940691
-785.212636611	2.964558737
-785.816923468	2.971248992
-786.421210325	2.957737157
-787.025497183	2.951151969
-787.629784040	2.945738619
-788.234070897	2.929180827
-788.838357754	2.926159423
-789.442644611	2.924028140
-790.046931468	2.932437930
-790.651218325	2.944458805
-791.255505182	2.970477559
-791.859792039	3.005641859
-792.464078896	3.024727690
-793.068365753	3.049987055
-793.672652610	3.066077117
-794.276939467	3.076390617
-794.881226324	3.107991143
-795.485513181	3.142627567
-796.089800038	3.161711820
-796.694086895	3.215809974
-797.298373752	3.266878645
-797.902660609	3.293928375
-798.506947466	3.278767687
-799.111234323	3.260513304
-799.715521180	3.229245056
-800.319808037	3.209489761
-800.924094894	3.186023459
-801.528381751	3.115660700
-802.132668608	3.098445863
-802.736955465	3.089582926
-803.341242322	3.076681579
-803.945529179	3.055326946
-804.549816036	3.041706948
-805.154102893	3.034112870
-805.758389750	3.035151356
-806.362676607	3.031050877
-806.966963464	3.004799603
-807.571250321	2.991541365
-808.175537178	3.003106217
-808.779824035	3.026575844
-809.384110892	3.030596107
-809.988397749	3.026869708
-810.592684606	3.001521881
-811.196971463	2.998457715
-811.801258320	2.998583606
-812.405545177	3.023850596
-813.009832034	3.032662181
-813.614118891	3.007177657
-814.218405748	2.950384254
-814.822692605	2.903927750
-815.426979462	2.868300419
-816.031266319	2.877057354
-816.635553176	2.902487709
-817.239840033	2.921853251
-817.844126890	2.943909473
-818.448413747	2.949831952
-819.052700605	2.952808317
-819.656987462	2.956038865
-820.261274319	2.952519384
-820.865561176	2.971407100
-821.469848033	2.977509022
-822.074134890	2.972638067
-822.678421747	2.961180256
-823.282708604	2.938565927
-823.886995461	2.903169748
-824.491282318	2.831796395
-825.095569175	2.786434433
-825.699856032	2.744029787
-826.304142889	2.691579349
-826.908429746	2.634868310
-827.512716603	2.577013693
-828.117003460	2.539968916
-828.721290317	2.502174122
-829.325577174	2.448510761
-829.929864031	2.421412146
-830.534150888	2.410569046
-831.138437745	2.412231778
-831.742724602	2.436763939
-832.347011459	2.473825615
-832.951298316	2.478228124
-833.555585173	2.484081682
-834.159872030	2.484492948
-834.764158887	2.477626166
-835.368445744	2.487812017
-835.972732601	2.525270796
-836.577019458	2.563134157
-837.181306315	2.587161333
-837.785593172	2.618258118
-838.389880029	2.673688080
-838.994166886	2.684565082
-839.598453743	2.644666575
-840.202740600	2.617403388
-840.807027457	2.604785660
-841.411314314	2.613970185
-842.015601171	2.626954647
-842.619888028	2.595849614
-843.224174885	2.610011284
-843.828461742	2.636364785
-844.432748599	2.645044565
-845.037035456	2.659944638
-845.641322313	2.672486189
-846.245609170	2.699084068
-846.849896027	2.730321622
-847.454182884	2.772117521
-848.058469741	2.855201476
-848.662756598	2.886032865
-849.267043455	2.918042953
-849.871330312	2.939627018
-850.475617169	2.949283486
-851.079904027	2.935900847
-851.684190884	2.915217213
-852.288477741	2.848999244
-852.892764598	2.770619767
-853.497051455	2.703158861
-854.101338312	2.554993162
-854.705625169	2.404017348
-855.309912026	2.202970868
-855.914198883	2.066159755
-856.518485740	1.928617418
-857.122772597	1.771855093
-857.727059454	1.658629491
-858.331346311	1.593368017
-858.935633168	1.451947330
-859.539920025	1.381730214
-860.144206882	1.298790292
-860.748493739	1.238831433
-861.352780596	1.209694572
-861.957067453	1.192982147
-862.561354310	1.216588015
-863.165641167	1.234496442
-863.769928024	1.257857414
-864.374214881	1.320724550
-864.978501738	1.395640332
-865.582788595	1.487686610
-866.187075452	1.571794698
-866.791362309	1.710598755
-867.395649166	1.888797750
-867.999936023	1.994951892
-868.604222880	2.117708652
-869.208509737	2.190735842
-869.812796594	2.249185874
-870.417083451	2.293634722
-871.021370308	2.354733597
-871.625657165	2.410671355
-872.229944022	2.463715313
-872.834230879	2.492994872
-873.438517736	2.503780383
-874.042804593	2.507626493
-874.647091450	2.507807208
-875.251378307	2.518520389
-875.855665164	2.548491844
-876.459952021	2.581658275
-877.064238878	2.654339398
-877.668525735	2.749367338
-878.272812592	2.820320191
-878.877099449	2.881292639
-879.481386306	2.931495805
-880.085673163	2.972234627
-880.689960020	3.041628039
-881.294246877	3.075319319
-881.898533734	3.092791930
-882.502820591	3.082840599
-883.107107449	3.085425696
-883.711394306	3.110367178
-884.315681163	3.160292525
-884.919968020	3.179585901
-885.524254877	3.204505527
-886.128541734	3.250103328
-886.732828591	3.330561747
-887.337115448	3.396846144
-887.941402305	3.447923167
-888.545689162	3.475268583
-889.149976019	3.482321816
-889.754262876	3.482932867
-890.358549733	3.476431614
-890.962836590	3.491217440
-891.567123447	3.524986639
-892.171410304	3.540585494
-892.775697161	3.538335389
-893.379984018	3.542639422
-893.984270875	3.537834589
-894.588557732	3.473527379
-895.192844589	3.428068002
-895.797131446	3.398014376
-896.401418303	3.368449556
-897.005705160	3.363877706
-897.609992017	3.374800869
-898.214278874	3.343959238
-898.818565731	3.282757142
-899.422852588	3.194490447
-900.027139445	3.068174435
-900.631426302	3.005235781
-901.235713159	2.953746354
-901.840000016	2.908730338
-902.444286873	2.892068798
-903.048573730	2.856873978
-903.652860587	2.774229967
-904.257147444	2.722534150
-904.861434301	2.674903240
-905.465721158	2.631648417
-906.070008015	2.606634884
-906.674294872	2.592800810
-907.278581729	2.615611927
-907.882868586	2.646657500
-908.487155443	2.685108534
-909.091442300	2.741148934
-909.695729157	2.795302011
-910.300016014	2.850774222
-910.904302871	2.922808385
-911.508589728	2.965787145
-912.112876585	3.000242444
-912.717163442	3.026769352
-913.321450299	3.070234555
-913.925737156	3.112231253
-914.530024013	3.142696302
-915.134310871	3.153462509
-915.738597728	3.141113119
-916.342884585	3.135016054
-916.947171442	3.141016441
-917.551458299	3.128239529
-918.155745156	3.106008641
-918.760032013	3.071134119
-919.364318870	3.023542317
-919.968605727	2.980952035
-920.572892584	2.937123603
-921.177179441	2.862293390
-921.781466298	2.827591936
-922.385753155	2.808143371
-922.990040012	2.796560732
-923.594326869	2.799880000
-924.198613726	2.818127326
-924.802900583	2.847693100
-925.407187440	2.874647324
-926.011474297	2.889569097
-926.615761154	2.905572811
-927.220048011	2.918192495
-927.824334868	2.899155160
-928.428621725	2.895085744
-929.032908582	2.900878647
-929.637195439	2.921810505
-930.241482296	2.975002427
-930.845769153	3.015052522
-931.450056010	3.033476907
-932.054342867	3.016294719
-932.658629724	3.026621859
-933.262916581	3.036968484
-933.867203438	3.023617754
-934.471490295	2.986150599
-935.075777152	2.893230787
-935.680064009	2.858218291
-936.284350866	2.828725320
-936.888637723	2.829987834
-937.492924580	2.852560032
-938.097211437	2.845369125
-938.701498294	2.826938051
-939.305785151	2.828001888
-939.910072008	2.851341990
-940.514358865	2.863441628
-941.118645722	2.862439307
-941.722932579	2.861620248
-942.327219436	2.855358534
-942.931506293	2.850904362
-943.535793150	2.863786534
-944.140080007	2.893334582
-944.744366864	2.938941233
-945.348653721	2.972458175
-945.952940578	3.019620113
-946.557227435	3.036560593
-947.161514293	3.033944192
-947.765801150	3.038904625
-948.370088007	3.051733487
-948.974374864	3.067000585
-949.578661721	3.073582641
-950.182948578	3.081625995
-950.787235435	3.075500077
-951.391522292	3.064506402
-951.995809149	3.048174770
-952.600096006	3.029112717
-953.204382863	3.006143504
-953.808669720	2.977941261
-954.412956577	2.936299973
-955.017243434	2.907442064
-955.621530291	2.845412993
-956.225817148	2.807667901
-956.830104005	2.793392467
-957.434390862	2.802303240
-958.038677719	2.812330317
-958.642964576	2.825638157
-959.247251433	2.857199355
-959.851538290	2.937039088
-960.455825147	3.020719724
-961.060112004	3.050083818
-961.664398861	3.096582709
-962.268685718	3.164801068
-962.872972575	3.207173420
-963.477259432	3.260343402
-964.081546289	3.293204331
-964.685833146	3.359878039
-965.290120003	3.423842096
-965.894406860	3.456422579
-966.498693717	3.452043789
-967.102980574	3.430432179
-967.707267431	3.404360207
-968.311554288	3.368158761
-968.915841145	3.342494613
-969.520128002	3.313558347
-970.124414859	3.248203087
-970.728701716	3.210140715
-971.332988573	3.197766733
-971.937275430	3.189691407
-972.541562287	3.188651418
-973.145849144	3.203813821
-973.750136001	3.203311378
-974.354422858	3.203696482
-974.958709715	3.234803895
-975.562996572	3.255805210
-976.167283429	3.256148583
-976.771570286	3.221775259
-977.375857143	3.173367710
-977.980144000	3.106604057
-978.584430857	3.007835428
-979.188717715	2.944179501
-979.793004572	2.921956654
-980.397291429	2.892016518
-981.001578286	2.859479478
-981.605865143	2.819340139
-982.210152000	2.782182017
-982.814438857	2.780657083
-983.418725714	2.797627906
-984.023012571	2.811805125
-984.627299428	2.864177337
-985.231586285	2.924298932
-985.835873142	2.991274536
-986.440159999	3.053421523
-987.044446856	3.146310844
-987.648733713	3.232691061
-988.253020570	3.278774233
-988.857307427	3.325553307
-989.461594284	3.334440814
-990.065881141	3.358239481
-990.670167998	3.382343725
-991.274454855	3.410701274
-991.878741712	3.424861859
-992.483028569	3.380111111
-993.087315426	3.334240863
-993.691602283	3.264004170
-994.295889140	3.210046540
-994.900175997	3.211449327
-995.504462854	3.245330331
-996.108749711	3.307932823
-996.713036568	3.321356455
-997.317323425	3.324682275
-997.921610282	3.311783258
-998.525897139	3.306123207
-999.130183996	3.290718423
-999.734470853	3.265173949
-1000.338757710	3.248660458
-1000.943044567	3.215566686
-1001.547331424	3.232424754
-1002.151618281	3.237208617
-1002.755905138	3.219690230
-1003.360191995	3.217206983
-1003.964478852	3.227278272
-1004.568765709	3.228874804
-1005.173052566	3.222689182
-1005.777339423	3.187324816
-1006.381626280	3.140924993
-1006.985913137	3.073399370
-1007.590199994	3.061062067
-1008.194486851	3.056365253
-1008.798773708	3.070259769
-1009.403060565	3.086683303
-1010.007347422	3.109473473
-1010.611634279	3.124900918
-1011.215921137	3.133209719
-1011.820207994	3.142992408
-1012.424494851	3.189137172
-1013.028781708	3.241740184
-1013.633068565	3.297462004
-1014.237355422	3.340429135
-1014.841642279	3.370038761
-1015.445929136	3.424737083
-1016.050215993	3.441678469
-1016.654502850	3.453363512
-1017.258789707	3.450985690
-1017.863076564	3.435501046
-1018.467363421	3.417450558
-1019.071650278	3.367853551
-1019.675937135	3.351235906
-1020.280223992	3.325950894
-1020.884510849	3.338162340
-1021.488797706	3.341861441
-1022.093084563	3.371276053
-1022.697371420	3.398161224
-1023.301658277	3.404458229
-1023.905945134	3.354068305
-1024.510231991	3.278842965
-1025.114518848	3.225852521
-1025.718805705	3.150421815
-1026.323092562	3.110021332
-1026.927379419	3.089249353
-1027.531666276	3.035433163
-1028.135953133	2.941020663
-1028.740239990	2.875828763
-1029.344526847	2.838402033
-1029.948813704	2.838103771
-1030.553100561	2.854532467
-1031.157387418	2.918665893
-1031.761674275	2.982423525
-1032.365961132	3.027046903
-1032.970247989	3.050525862
-1033.574534846	3.049857669
-1034.178821703	3.045453287
-1034.783108560	3.034310934
-1035.387395417	3.022351325
-1035.991682274	2.964166891
-1036.595969131	2.932210071
-1037.200255988	2.837905483
-1037.804542845	2.783800613
-1038.408829702	2.770553086
-1039.013116559	2.734334971
-1039.617403416	2.702695165
-1040.221690273	2.705135497
-1040.825977130	2.729390271
-1041.430263987	2.793445552
-1042.034550844	2.857345153
-1042.638837701	2.894287933
-1043.243124559	2.915025514
-1043.847411416	2.926472837
-1044.451698273	2.980308176
-1045.055985130	3.032587836
-1045.660271987	3.054286794
-1046.264558844	3.121187359
-1046.868845701	3.206357200
-1047.473132558	3.284660107
-1048.077419415	3.339170914
-1048.681706272	3.420934169
-1049.285993129	3.444577756
-1049.890279986	3.469910948
-1050.494566843	3.499765372
-1051.098853700	3.504541922
-1051.703140557	3.536837321
-1052.307427414	3.588141998
-1052.911714271	3.643911283
-1053.516001128	3.702138316
-1054.120287985	3.740959110
-1054.724574842	3.781993221
-1055.328861699	3.800396321
-1055.933148556	3.798122040
-1056.537435413	3.808633440
-1057.141722270	3.838248714
-1057.746009127	3.866736269
-1058.350295984	3.825342644
-1058.954582841	3.783374096
-1059.558869698	3.755368014
-1060.163156555	3.719388074
-1060.767443412	3.706899621
-1061.371730269	3.665005192
-1061.976017126	3.629426564
-1062.580303983	3.605721473
-1063.184590840	3.590740394
-1063.788877697	3.558197783
-1064.393164554	3.553250593
-1064.997451411	3.542770140
-1065.601738268	3.495811358
-1066.206025125	3.470626304
-1066.810311982	3.460051446
-1067.414598839	3.440005942
-1068.018885696	3.476667483
-1068.623172553	3.534244125
-1069.227459410	3.580359587
-1069.831746267	3.605354747
-1070.436033124	3.577772756
-1071.040319981	3.568125751
-1071.644606838	3.566284901
-1072.248893695	3.574623752
-1072.853180552	3.573753917
-1073.457467409	3.567218126
-1074.061754266	3.536652597
-1074.666041123	3.505289139
-1075.270327981	3.509683885
-1075.874614838	3.480374646
-1076.478901695	3.455762354
-1077.083188552	3.464977581
-1077.687475409	3.450718308
-1078.291762266	3.442831210
-1078.896049123	3.453522379
-1079.500335980	3.484052943
-1080.104622837	3.488908743
-1080.708909694	3.509483881
-1081.313196551	3.531186448
-1081.917483408	3.533502846
-1082.521770265	3.559200810
-1083.126057122	3.575818455
-1083.730343979	3.627027589
-1084.334630836	3.661115790
-1084.938917693	3.688844853
-1085.543204550	3.694240202
-1086.147491407	3.703605207
-1086.751778264	3.732027808
-1087.356065121	3.759067507
-1087.960351978	3.802465788
-1088.564638835	3.828194067
