Kanal;   Energie(keV); Impulse
       1;    16.9617;         7838   
       2;    17.8370;         7106   
       3;    18.7122;         6692   
       4;    19.5875;         6620   
       5;    20.4628;         6477   
       6;    21.3381;         6389   
       7;    22.2133;         6358   
       8;    23.0886;         6220   
       9;    23.9639;         6012   
      10;    24.8392;         5957   
      11;    25.7144;         5876   
      12;    26.5897;         5811   
      13;    27.4650;         5885   
      14;    28.3403;         5799   
      15;    29.2155;         5708   
      16;    30.0908;         5771   
      17;    30.9661;         5699   
      18;    31.8414;         5640   
      19;    32.7166;         5692   
      20;    33.5919;         5596   
      21;    34.4672;         5654   
      22;    35.3425;         5680   
      23;    36.2177;         5653   
      24;    37.0930;         5493   
      25;    37.9683;         5427   
      26;    38.8436;         5437   
      27;    39.7188;         5462   
      28;    40.5941;         5451   
      29;    41.4694;         5621   
      30;    42.3447;         5599   
      31;    43.2199;         4983   
      32;    44.0952;         4668   
      33;    44.9705;         4679   
      34;    45.8458;         4567   
      35;    46.7210;         4968   
      36;    47.5963;         5239   
      37;    48.4716;         5075   
      38;    49.3469;         4723   
      39;    50.2221;         4419   
      40;    51.0974;         4260   
      41;    51.9727;         4315   
      42;    52.8480;         4193   
      43;    53.7232;         4158   
      44;    54.5985;         4102   
      45;    55.4738;         4192   
      46;    56.3491;         4089   
      47;    57.2243;         4207   
      48;    58.0996;         4072   
      49;    58.9749;         4027   
      50;    59.8502;         4017   
      51;    60.7254;         4051   
      52;    61.6007;         3954   
      53;    62.4760;         4090   
      54;    63.3513;         4140   
      55;    64.2265;         4062   
      56;    65.1018;         4135   
      57;    65.9771;         4141   
      58;    66.8524;         4111   
      59;    67.7276;         4148   
      60;    68.6029;         3991   
      61;    69.4782;         4147   
      62;    70.3535;         4144   
      63;    71.2287;         4168   
      64;    72.1040;         4225   
      65;    72.9793;         4166   
      66;    73.8546;         4293   
      67;    74.7298;         4565   
      68;    75.6051;         4647   
      69;    76.4804;         4636   
      70;    77.3557;         5052   
      71;    78.2309;         4878   
      72;    79.1062;         4505   
      73;    79.9815;         4415   
      74;    80.8568;         4426   
      75;    81.7320;         4462   
      76;    82.6073;         4460   
      77;    83.4826;         4604   
      78;    84.3579;         4531   
      79;    85.2331;         4951   
      80;    86.1084;         5118   
      81;    86.9837;         5543   
      82;    87.8590;         5667   
      83;    88.7342;         5405   
      84;    89.6095;         5716   
      85;    90.4848;         5712   
      86;    91.3601;         5615   
      87;    92.2353;         5738   
      88;    93.1106;         5751   
      89;    93.9859;         5986   
      90;    94.8612;         6080   
      91;    95.7364;         6100   
      92;    96.6117;         6288   
      93;    97.4870;         6145   
      94;    98.3623;         6307   
      95;    99.2375;         6413   
      96;   100.1128;         6379   
      97;   100.9881;         6477   
      98;   101.8634;         6550   
      99;   102.7386;         6601   
     100;   103.6139;         6674   
     101;   104.4892;         6820   
     102;   105.3645;         6863   
     103;   106.2397;         6974   
     104;   107.1150;         7035   
     105;   107.9903;         7162   
     106;   108.8656;         7269   
     107;   109.7408;         7378   
     108;   110.6161;         7446   
     109;   111.4914;         7552   
     110;   112.3667;         7474   
     111;   113.2419;         7865   
     112;   114.1172;         7757   
     113;   114.9925;         8039   
     114;   115.8678;         7937   
     115;   116.7430;         8244   
     116;   117.6183;         8403   
     117;   118.4936;         8549   
     118;   119.3689;         9060   
     119;   120.2441;         9762   
     120;   121.1194;        11551   
     121;   121.9947;        15905   
     122;   122.8700;        26669   
     123;   123.7452;        72501   
     124;   124.6205;       163214   
     125;   125.4958;       128869   
     126;   126.3711;        39351   
     127;   127.2463;        12918   
     128;   128.1216;         8828   
     129;   128.9969;         7781   
     130;   129.8722;         7085   
     131;   130.7474;         6467   
     132;   131.6227;         5989   
     133;   132.4980;         5632   
     134;   133.3733;         5420   
     135;   134.2485;         5358   
     136;   135.1238;         5227   
     137;   135.9991;         5087   
     138;   136.8744;         5122   
     139;   137.7496;         5029   
     140;   138.6249;         5008   
     141;   139.5002;         5101   
     142;   140.3755;         5033   
     143;   141.2507;         5016   
     144;   142.1260;         4889   
     145;   143.0013;         4986   
     146;   143.8766;         5014   
     147;   144.7518;         4965   
     148;   145.6271;         5054   
     149;   146.5024;         5078   
     150;   147.3777;         5198   
     151;   148.2529;         5121   
     152;   149.1282;         5195   
     153;   150.0035;         5292   
     154;   150.8788;         5339   
     155;   151.7540;         5399   
     156;   152.6293;         5394   
     157;   153.5046;         5330   
     158;   154.3799;         5168   
     159;   155.2551;         5146   
     160;   156.1304;         5281   
     161;   157.0057;         5374   
     162;   157.8810;         5239   
     163;   158.7562;         5217   
     164;   159.6315;         5330   
     165;   160.5068;         5302   
     166;   161.3821;         5361   
     167;   162.2573;         5175   
     168;   163.1326;         5282   
     169;   164.0079;         5299   
     170;   164.8832;         5218   
     171;   165.7584;         5482   
     172;   166.6337;         5383   
     173;   167.5090;         5387   
     174;   168.3843;         5413   
     175;   169.2595;         5340   
     176;   170.1348;         5467   
     177;   171.0101;         5252   
     178;   171.8854;         5203   
     179;   172.7606;         5438   
     180;   173.6359;         5387   
     181;   174.5112;         5301   
     182;   175.3865;         5442   
     183;   176.2617;         5353   
     184;   177.1370;         5481   
     185;   178.0123;         5460   
     186;   178.8876;         5505   
     187;   179.7628;         5464   
     188;   180.6381;         5469   
     189;   181.5134;         5449   
     190;   182.3887;         5474   
     191;   183.2639;         5480   
     192;   184.1392;         5497   
     193;   185.0145;         5397   
     194;   185.8898;         5488   
     195;   186.7650;         5614   
     196;   187.6403;         5472   
     197;   188.5156;         5579   
     198;   189.3909;         5618   
     199;   190.2661;         5535   
     200;   191.1414;         5613   
     201;   192.0167;         5585   
     202;   192.8920;         5671   
     203;   193.7672;         5801   
     204;   194.6425;         5599   
     205;   195.5178;         5575   
     206;   196.3931;         5687   
     207;   197.2683;         5578   
     208;   198.1436;         5522   
     209;   199.0189;         5606   
     210;   199.8942;         5527   
     211;   200.7694;         5396   
     212;   201.6447;         5278   
     213;   202.5200;         5271   
     214;   203.3953;         5005   
     215;   204.2705;         5034   
     216;   205.1458;         5006   
     217;   206.0211;         4966   
     218;   206.8964;         4847   
     219;   207.7716;         5013   
     220;   208.6469;         4873   
     221;   209.5222;         4916   
     222;   210.3975;         4830   
     223;   211.2727;         4849   
     224;   212.1480;         5004   
     225;   213.0233;         4914   
     226;   213.8986;         4871   
     227;   214.7738;         4843   
     228;   215.6491;         4936   
     229;   216.5244;         5078   
     230;   217.3997;         4920   
     231;   218.2749;         4856   
     232;   219.1502;         4837   
     233;   220.0255;         4679   
     234;   220.9008;         4704   
     235;   221.7760;         4714   
     236;   222.6513;         4715   
     237;   223.5266;         4843   
     238;   224.4019;         4668   
     239;   225.2771;         4625   
     240;   226.1524;         4682   
     241;   227.0277;         4717   
     242;   227.9030;         4712   
     243;   228.7782;         4707   
     244;   229.6535;         4601   
     245;   230.5288;         4587   
     246;   231.4041;         4712   
     247;   232.2793;         4728   
     248;   233.1546;         4689   
     249;   234.0299;         4598   
     250;   234.9052;         4514   
     251;   235.7804;         4496   
     252;   236.6557;         4525   
     253;   237.5310;         4603   
     254;   238.4063;         4565   
     255;   239.2815;         4556   
     256;   240.1568;         4604   
     257;   241.0321;         4692   
     258;   241.9074;         4620   
     259;   242.7826;         4634   
     260;   243.6579;         4900   
     261;   244.5332;         5005   
     262;   245.4085;         5558   
     263;   246.2837;         7119   
     264;   247.1590;        12179   
     265;   248.0343;        27949   
     266;   248.9096;        37709   
     267;   249.7848;        19882   
     268;   250.6601;         7922   
     269;   251.5354;         5411   
     270;   252.4107;         4883   
     271;   253.2859;         4640   
     272;   254.1612;         4691   
     273;   255.0365;         4641   
     274;   255.9118;         4388   
     275;   256.7870;         4314   
     276;   257.6623;         4044   
     277;   258.5376;         3970   
     278;   259.4129;         3930   
     279;   260.2881;         3958   
     280;   261.1634;         3995   
     281;   262.0387;         4027   
     282;   262.9140;         3962   
     283;   263.7892;         3892   
     284;   264.6645;         3821   
     285;   265.5398;         3912   
     286;   266.4151;         3843   
     287;   267.2903;         3794   
     288;   268.1656;         3902   
     289;   269.0409;         3906   
     290;   269.9162;         3840   
     291;   270.7914;         3970   
     292;   271.6667;         3834   
     293;   272.5420;         3925   
     294;   273.4173;         3882   
     295;   274.2925;         4055   
     296;   275.1678;         4098   
     297;   276.0431;         4041   
     298;   276.9184;         3855   
     299;   277.7936;         3846   
     300;   278.6689;         3917   
     301;   279.5442;         3977   
     302;   280.4195;         3813   
     303;   281.2947;         3809   
     304;   282.1700;         3647   
     305;   283.0453;         3675   
     306;   283.9206;         3739   
     307;   284.7958;         3776   
     308;   285.6711;         3670   
     309;   286.5464;         3714   
     310;   287.4217;         3669   
     311;   288.2969;         3599   
     312;   289.1722;         3674   
     313;   290.0475;         3669   
     314;   290.9228;         3643   
     315;   291.7980;         3684   
     316;   292.6733;         3629   
     317;   293.5486;         3666   
     318;   294.4239;         3629   
     319;   295.2991;         3678   
     320;   296.1744;         3556   
     321;   297.0497;         3725   
     322;   297.9250;         3644   
     323;   298.8002;         3825   
     324;   299.6755;         4552   
     325;   300.5508;         5246   
     326;   301.4261;         4427   
     327;   302.3013;         3837   
     328;   303.1766;         3508   
     329;   304.0519;         3461   
     330;   304.9272;         3513   
     331;   305.8024;         3573   
     332;   306.6777;         3618   
     333;   307.5530;         3526   
     334;   308.4283;         3485   
     335;   309.3035;         3465   
     336;   310.1788;         3463   
     337;   311.0541;         3535   
     338;   311.9294;         3543   
     339;   312.8046;         3557   
     340;   313.6799;         3460   
     341;   314.5552;         3499   
     342;   315.4305;         3459   
     343;   316.3057;         3472   
     344;   317.1810;         3429   
     345;   318.0563;         3457   
     346;   318.9316;         3512   
     347;   319.8068;         3570   
     348;   320.6821;         3529   
     349;   321.5574;         3502   
     350;   322.4327;         3396   
     351;   323.3079;         3410   
     352;   324.1832;         3375   
     353;   325.0585;         3385   
     354;   325.9338;         3397   
     355;   326.8090;         3441   
     356;   327.6843;         3364   
     357;   328.5596;         3441   
     358;   329.4349;         3737   
     359;   330.3101;         3444   
     360;   331.1854;         3504   
     361;   332.0607;         3415   
     362;   332.9360;         3526   
     363;   333.8112;         3720   
     364;   334.6865;         3785   
     365;   335.5618;         3596   
     366;   336.4371;         3297   
     367;   337.3123;         3354   
     368;   338.1876;         3383   
     369;   339.0629;         3286   
     370;   339.9382;         3272   
     371;   340.8134;         3314   
     372;   341.6887;         3299   
     373;   342.5640;         3440   
     374;   343.4393;         3590   
     375;   344.3145;         3916   
     376;   345.1898;         4851   
     377;   346.0651;         6806   
     378;   346.9404;        12698   
     379;   347.8156;        35092   
     380;   348.6909;        85930   
     381;   349.5662;        88029   
     382;   350.4415;        35293   
     383;   351.3167;        10865   
     384;   352.1920;         6324   
     385;   353.0673;         5295   
     386;   353.9426;         4995   
     387;   354.8178;         4648   
     388;   355.6931;         4340   
     389;   356.5684;         4081   
     390;   357.4437;         3869   
     391;   358.3189;         3741   
     392;   359.1942;         3687   
     393;   360.0695;         3675   
     394;   360.9448;         3543   
     395;   361.8200;         3499   
     396;   362.6953;         3478   
     397;   363.5706;         3475   
     398;   364.4459;         3447   
     399;   365.3211;         3486   
     400;   366.1964;         3529   
     401;   367.0717;         3487   
     402;   367.9470;         3612   
     403;   368.8222;         3686   
     404;   369.6975;         3854   
     405;   370.5728;         4398   
     406;   371.4481;         5403   
     407;   372.3233;         6170   
     408;   373.1986;         5689   
     409;   374.0739;         4262   
     410;   374.9492;         3591   
     411;   375.8244;         3430   
     412;   376.6997;         3448   
     413;   377.5750;         3235   
     414;   378.4503;         3322   
     415;   379.3255;         3193   
     416;   380.2008;         3347   
     417;   381.0761;         3082   
     418;   381.9514;         3138   
     419;   382.8266;         3185   
     420;   383.7019;         3122   
     421;   384.5772;         3104   
     422;   385.4525;         3116   
     423;   386.3277;         3040   
     424;   387.2030;         3064   
     425;   388.0783;         3136   
     426;   388.9536;         3124   
     427;   389.8288;         3143   
     428;   390.7041;         3217   
     429;   391.5794;         3182   
     430;   392.4547;         3205   
     431;   393.3299;         3104   
     432;   394.2052;         3120   
     433;   395.0805;         2997   
     434;   395.9558;         3053   
     435;   396.8310;         3085   
     436;   397.7063;         3018   
     437;   398.5816;         3007   
     438;   399.4569;         2999   
     439;   400.3321;         3080   
     440;   401.2074;         3051   
     441;   402.0827;         3057   
     442;   402.9580;         2969   
     443;   403.8332;         2933   
     444;   404.7085;         2915   
     445;   405.5838;         2972   
     446;   406.4591;         2988   
     447;   407.3343;         3082   
     448;   408.2096;         3084   
     449;   409.0849;         3020   
     450;   409.9602;         3014   
     451;   410.8354;         3006   
     452;   411.7107;         2866   
     453;   412.5860;         3048   
     454;   413.4613;         3140   
     455;   414.3365;         3550   
     456;   415.2118;         5039   
     457;   416.0871;         8359   
     458;   416.9624;         8325   
     459;   417.8376;         5025   
     460;   418.7129;         3374   
     461;   419.5882;         3226   
     462;   420.4635;         3145   
     463;   421.3387;         3459   
     464;   422.2140;         3315   
     465;   423.0893;         3159   
     466;   423.9646;         3163   
     467;   424.8398;         2951   
     468;   425.7151;         2900   
     469;   426.5904;         3011   
     470;   427.4657;         3011   
     471;   428.3409;         2829   
     472;   429.2162;         2953   
     473;   430.0915;         2831   
     474;   430.9668;         2975   
     475;   431.8420;         2987   
     476;   432.7173;         2984   
     477;   433.5926;         2960   
     478;   434.4679;         2914   
     479;   435.3431;         2982   
     480;   436.2184;         3036   
     481;   437.0937;         2930   
     482;   437.9690;         2976   
     483;   438.8442;         2900   
     484;   439.7195;         3009   
     485;   440.5948;         2976   
     486;   441.4701;         2970   
     487;   442.3453;         2894   
     488;   443.2206;         2996   
     489;   444.0959;         3015   
     490;   444.9712;         2956   
     491;   445.8464;         3114   
     492;   446.7217;         3430   
     493;   447.5970;         4136   
     494;   448.4723;         6720   
     495;   449.3475;        10949   
     496;   450.2228;         9521   
     497;   451.0981;         5365   
     498;   451.9734;         3572   
     499;   452.8486;         3265   
     500;   453.7239;         3167   
     501;   454.5992;         3166   
     502;   455.4745;         2997   
     503;   456.3497;         3116   
     504;   457.2250;         3191   
     505;   458.1003;         3041   
     506;   458.9756;         3128   
     507;   459.8508;         3158   
     508;   460.7261;         3078   
     509;   461.6014;         3006   
     510;   462.4767;         3124   
     511;   463.3519;         3053   
     512;   464.2272;         3174   
     513;   465.1025;         3096   
     514;   465.9778;         3106   
     515;   466.8530;         3015   
     516;   467.7283;         3168   
     517;   468.6036;         3208   
     518;   469.4789;         3265   
     519;   470.3541;         3393   
     520;   471.2294;         3549   
     521;   472.1047;         3359   
     522;   472.9800;         2879   
     523;   473.8552;         2795   
     524;   474.7305;         2612   
     525;   475.6058;         2747   
     526;   476.4811;         2786   
     527;   477.3563;         2715   
     528;   478.2316;         2773   
     529;   479.1069;         2853   
     530;   479.9822;         2726   
     531;   480.8574;         2693   
     532;   481.7327;         2691   
     533;   482.6080;         2785   
     534;   483.4833;         2721   
     535;   484.3585;         2716   
     536;   485.2338;         2810   
     537;   486.1091;         2812   
     538;   486.9844;         2763   
     539;   487.8596;         2720   
     540;   488.7349;         2714   
     541;   489.6102;         2790   
     542;   490.4855;         2673   
     543;   491.3607;         2811   
     544;   492.2360;         2848   
     545;   493.1113;         3011   
     546;   493.9866;         3421   
     547;   494.8618;         3646   
     548;   495.7371;         3179   
     549;   496.6124;         2853   
     550;   497.4877;         2760   
     551;   498.3629;         2791   
     552;   499.2382;         2813   
     553;   500.1135;         2753   
     554;   500.9888;         2699   
     555;   501.8640;         2802   
     556;   502.7393;         2725   
     557;   503.6146;         2694   
     558;   504.4899;         2615   
     559;   505.3651;         2727   
     560;   506.2404;         2720   
     561;   507.1157;         2732   
     562;   507.9910;         2729   
     563;   508.8662;         2930   
     564;   509.7415;         3038   
     565;   510.6168;         2890   
     566;   511.4921;         2737   
     567;   512.3673;         2676   
     568;   513.2426;         2721   
     569;   514.1179;         2721   
     570;   514.9932;         2765   
     571;   515.8684;         2731   
     572;   516.7437;         2842   
     573;   517.6190;         2678   
     574;   518.4943;         2743   
     575;   519.3695;         2687   
     576;   520.2448;         2691   
     577;   521.1201;         2677   
     578;   521.9954;         2640   
     579;   522.8706;         2654   
     580;   523.7459;         2686   
     581;   524.6212;         2699   
     582;   525.4965;         2722   
     583;   526.3717;         2800   
     584;   527.2470;         2785   
     585;   528.1223;         2662   
     586;   528.9976;         2723   
     587;   529.8728;         2683   
     588;   530.7481;         2676   
     589;   531.6234;         2690   
     590;   532.4987;         2699   
     591;   533.3739;         2671   
     592;   534.2492;         2677   
     593;   535.1245;         2675   
     594;   535.9998;         2607   
     595;   536.8750;         2726   
     596;   537.7503;         2712   
     597;   538.6256;         2725   
     598;   539.5009;         2817   
     599;   540.3761;         2748   
     600;   541.2514;         2849   
     601;   542.1267;         2770   
     602;   543.0020;         2722   
     603;   543.8772;         2725   
     604;   544.7525;         2731   
     605;   545.6278;         2711   
     606;   546.5031;         2747   
     607;   547.3783;         2783   
     608;   548.2536;         2784   
     609;   549.1289;         2596   
     610;   550.0042;         2699   
     611;   550.8794;         2739   
     612;   551.7547;         2653   
     613;   552.6300;         2624   
     614;   553.5053;         2712   
     615;   554.3805;         2691   
     616;   555.2558;         2637   
     617;   556.1311;         2683   
     618;   557.0064;         2690   
     619;   557.8816;         2690   
     620;   558.7569;         2722   
     621;   559.6322;         2734   
     622;   560.5075;         2754   
     623;   561.3827;         2688   
     624;   562.2580;         2747   
     625;   563.1333;         2736   
     626;   564.0086;         2677   
     627;   564.8838;         2696   
     628;   565.7591;         2728   
     629;   566.6344;         2771   
     630;   567.5097;         2841   
     631;   568.3849;         2855   
     632;   569.2602;         3198   
     633;   570.1355;         3710   
     634;   571.0108;         3817   
     635;   571.8860;         3440   
     636;   572.7613;         3245   
     637;   573.6366;         3047   
     638;   574.5119;         2895   
     639;   575.3871;         2779   
     640;   576.2624;         2753   
     641;   577.1377;         2769   
     642;   578.0130;         2704   
     643;   578.8882;         2797   
     644;   579.7635;         2734   
     645;   580.6388;         2667   
     646;   581.5141;         2791   
     647;   582.3893;         2696   
     648;   583.2646;         2749   
     649;   584.1399;         2704   
     650;   585.0152;         2766   
     651;   585.8904;         2749   
     652;   586.7657;         2734   
     653;   587.6410;         2849   
     654;   588.5163;         2824   
     655;   589.3915;         2741   
     656;   590.2668;         2898   
     657;   591.1421;         2803   
     658;   592.0174;         3067   
     659;   592.8926;         3540   
     660;   593.7679;         3431   
     661;   594.6432;         2935   
     662;   595.5185;         2808   
     663;   596.3937;         2628   
     664;   597.2690;         2506   
     665;   598.1443;         2593   
     666;   599.0196;         2611   
     667;   599.8948;         2544   
     668;   600.7701;         2492   
     669;   601.6454;         2436   
     670;   602.5207;         2482   
     671;   603.3959;         2574   
     672;   604.2712;         2487   
     673;   605.1465;         2502   
     674;   606.0218;         2405   
     675;   606.8970;         2417   
     676;   607.7723;         2460   
     677;   608.6476;         2484   
     678;   609.5229;         2563   
     679;   610.3981;         2466   
     680;   611.2734;         2476   
     681;   612.1487;         2494   
     682;   613.0240;         2448   
     683;   613.8992;         2519   
     684;   614.7745;         2532   
     685;   615.6498;         2487   
     686;   616.5251;         2344   
     687;   617.4003;         2468   
     688;   618.2756;         2427   
     689;   619.1509;         2544   
     690;   620.0262;         2432   
     691;   620.9014;         2470   
     692;   621.7767;         2432   
     693;   622.6520;         2487   
     694;   623.5273;         2429   
     695;   624.4025;         2463   
     696;   625.2778;         2555   
     697;   626.1531;         2404   
     698;   627.0284;         2390   
     699;   627.9036;         2383   
     700;   628.7789;         2493   
     701;   629.6542;         2385   
     702;   630.5295;         2442   
     703;   631.4047;         2439   
     704;   632.2800;         2414   
     705;   633.1553;         2355   
     706;   634.0306;         2338   
     707;   634.9058;         2435   
     708;   635.7811;         2449   
     709;   636.6564;         2397   
     710;   637.5317;         2351   
     711;   638.4069;         2487   
     712;   639.2822;         2383   
     713;   640.1575;         2381   
     714;   641.0328;         2365   
     715;   641.9080;         2374   
     716;   642.7833;         2302   
     717;   643.6586;         2345   
     718;   644.5339;         2416   
     719;   645.4091;         2470   
     720;   646.2844;         2412   
     721;   647.1597;         2420   
     722;   648.0350;         2451   
     723;   648.9102;         2352   
     724;   649.7855;         2500   
     725;   650.6608;         2346   
     726;   651.5361;         2422   
     727;   652.4113;         2443   
     728;   653.2866;         2435   
     729;   654.1619;         2466   
     730;   655.0372;         2409   
     731;   655.9124;         2365   
     732;   656.7877;         2337   
     733;   657.6630;         2443   
     734;   658.5383;         2370   
     735;   659.4135;         2453   
     736;   660.2888;         2388   
     737;   661.1641;         2406   
     738;   662.0394;         2476   
     739;   662.9146;         2558   
     740;   663.7899;         2582   
     741;   664.6652;         2604   
     742;   665.5405;         2393   
     743;   666.4157;         2327   
     744;   667.2910;         2401   
     745;   668.1663;         2389   
     746;   669.0416;         2372   
     747;   669.9168;         2420   
     748;   670.7921;         2345   
     749;   671.6674;         2378   
     750;   672.5427;         2470   
     751;   673.4179;         2368   
     752;   674.2932;         2353   
     753;   675.1685;         2400   
     754;   676.0438;         2421   
     755;   676.9190;         2347   
     756;   677.7943;         2488   
     757;   678.6696;         2415   
     758;   679.5449;         2458   
     759;   680.4201;         2498   
     760;   681.2954;         2571   
     761;   682.1707;         2631   
     762;   683.0460;         2583   
     763;   683.9212;         2490   
     764;   684.7965;         2650   
     765;   685.6718;         3156   
     766;   686.5471;         3083   
     767;   687.4223;         2624   
     768;   688.2976;         2388   
     769;   689.1729;         2491   
     770;   690.0482;         2387   
     771;   690.9234;         2321   
     772;   691.7987;         2462   
     773;   692.6740;         2461   
     774;   693.5493;         2615   
     775;   694.4245;         2875   
     776;   695.2998;         3465   
     777;   696.1751;         4114   
     778;   697.0504;         3501   
     779;   697.9256;         2693   
     780;   698.8009;         2409   
     781;   699.6762;         2360   
     782;   700.5515;         2312   
     783;   701.4267;         2375   
     784;   702.3020;         2240   
     785;   703.1773;         2269   
     786;   704.0526;         2372   
     787;   704.9278;         2261   
     788;   705.8031;         2310   
     789;   706.6784;         2281   
     790;   707.5537;         2249   
     791;   708.4289;         2282   
     792;   709.3042;         2217   
     793;   710.1795;         2268   
     794;   711.0548;         2297   
     795;   711.9300;         2318   
     796;   712.8053;         2398   
     797;   713.6806;         2337   
     798;   714.5559;         2289   
     799;   715.4311;         2262   
     800;   716.3064;         2285   
     801;   717.1817;         2323   
     802;   718.0570;         2388   
     803;   718.9322;         2537   
     804;   719.8075;         2479   
     805;   720.6828;         2482   
     806;   721.5581;         2452   
     807;   722.4333;         2349   
     808;   723.3086;         2443   
     809;   724.1839;         2358   
     810;   725.0592;         2438   
     811;   725.9344;         2591   
     812;   726.8097;         2867   
     813;   727.6850;         2818   
     814;   728.5603;         2546   
     815;   729.4355;         2395   
     816;   730.3108;         2505   
     817;   731.1861;         2611   
     818;   732.0614;         2505   
     819;   732.9366;         2403   
     820;   733.8119;         2364   
     821;   734.6872;         2393   
     822;   735.5625;         2393   
     823;   736.4377;         2446   
     824;   737.3130;         2326   
     825;   738.1883;         2308   
     826;   739.0636;         2273   
     827;   739.9388;         2360   
     828;   740.8141;         2392   
     829;   741.6894;         2383   
     830;   742.5647;         2319   
     831;   743.4399;         2358   
     832;   744.3152;         2390   
     833;   745.1905;         2259   
     834;   746.0658;         2382   
     835;   746.9410;         2312   
     836;   747.8163;         2393   
     837;   748.6916;         2400   
     838;   749.5669;         2326   
     839;   750.4421;         2331   
     840;   751.3174;         2431   
     841;   752.1927;         2377   
     842;   753.0680;         2459   
     843;   753.9432;         2454   
     844;   754.8185;         2434   
     845;   755.6938;         2451   
     846;   756.5691;         2491   
     847;   757.4443;         2358   
     848;   758.3196;         2344   
     849;   759.1949;         2302   
     850;   760.0702;         2439   
     851;   760.9454;         2461   
     852;   761.8207;         2389   
     853;   762.6960;         2571   
     854;   763.5713;         2763   
     855;   764.4465;         2538   
     856;   765.3218;         2449   
     857;   766.1971;         2480   
     858;   767.0724;         2419   
     859;   767.9476;         2283   
     860;   768.8229;         2335   
     861;   769.6982;         2295   
     862;   770.5735;         2310   
     863;   771.4487;         2467   
     864;   772.3240;         2577   
     865;   773.1993;         2584   
     866;   774.0746;         2466   
     867;   774.9498;         2328   
     868;   775.8251;         2346   
     869;   776.7004;         2344   
     870;   777.5757;         2379   
     871;   778.4509;         2242   
     872;   779.3262;         2186   
     873;   780.2015;         2286   
     874;   781.0768;         2275   
     875;   781.9520;         2354   
     876;   782.8273;         2493   
     877;   783.7026;         2888   
     878;   784.5779;         4007   
     879;   785.4531;         7711   
     880;   786.3284;        16769   
     881;   787.2037;        22574   
     882;   788.0790;        15005   
     883;   788.9542;         6693   
     884;   789.8295;         3698   
     885;   790.7048;         3010   
     886;   791.5801;         2775   
     887;   792.4553;         2758   
     888;   793.3306;         2671   
     889;   794.2059;         2615   
     890;   795.0812;         2477   
     891;   795.9564;         2476   
     892;   796.8317;         2420   
     893;   797.7070;         2433   
     894;   798.5823;         2452   
     895;   799.4575;         2439   
     896;   800.3328;         2333   
     897;   801.2081;         2389   
     898;   802.0834;         2424   
     899;   802.9586;         2370   
     900;   803.8339;         2409   
     901;   804.7092;         2309   
     902;   805.5845;         2380   
     903;   806.4597;         2362   
     904;   807.3350;         2368   
     905;   808.2103;         2346   
     906;   809.0856;         2364   
     907;   809.9608;         2434   
     908;   810.8361;         2290   
     909;   811.7114;         2263   
     910;   812.5867;         2285   
     911;   813.4619;         2366   
     912;   814.3372;         2299   
     913;   815.2125;         2373   
     914;   816.0878;         2393   
     915;   816.9631;         2364   
     916;   817.8383;         2639   
     917;   818.7136;         2867   
     918;   819.5889;         2720   
     919;   820.4642;         2401   
     920;   821.3394;         2300   
     921;   822.2147;         2286   
     922;   823.0900;         2327   
     923;   823.9653;         2240   
     924;   824.8405;         2336   
     925;   825.7158;         2250   
     926;   826.5911;         2287   
     927;   827.4664;         2249   
     928;   828.3416;         2244   
     929;   829.2169;         2230   
     930;   830.0922;         2264   
     931;   830.9675;         2221   
     932;   831.8427;         2233   
     933;   832.7180;         2300   
     934;   833.5933;         2277   
     935;   834.4686;         2240   
     936;   835.3438;         2221   
     937;   836.2191;         2211   
     938;   837.0944;         2120   
     939;   837.9697;         2197   
     940;   838.8449;         2181   
     941;   839.7202;         2155   
     942;   840.5955;         2249   
     943;   841.4708;         2159   
     944;   842.3460;         2259   
     945;   843.2213;         2209   
     946;   844.0966;         2310   
     947;   844.9719;         2204   
     948;   845.8471;         2211   
     949;   846.7224;         2221   
     950;   847.5977;         2200   
     951;   848.4730;         2189   
     952;   849.3482;         2362   
     953;   850.2235;         2547   
     954;   851.0988;         2418   
     955;   851.9741;         2284   
     956;   852.8493;         2251   
     957;   853.7246;         2216   
     958;   854.5999;         2213   
     959;   855.4752;         2255   
     960;   856.3504;         2266   
     961;   857.2257;         2241   
     962;   858.1010;         2256   
     963;   858.9763;         2208   
     964;   859.8515;         2269   
     965;   860.7268;         2255   
     966;   861.6021;         2188   
     967;   862.4774;         2227   
     968;   863.3526;         2168   
     969;   864.2279;         2185   
     970;   865.1032;         2282   
     971;   865.9785;         2250   
     972;   866.8537;         2322   
     973;   867.7290;         2277   
     974;   868.6043;         2210   
     975;   869.4796;         2298   
     976;   870.3548;         2305   
     977;   871.2301;         2212   
     978;   872.1054;         2411   
     979;   872.9807;         2427   
     980;   873.8559;         2777   
     981;   874.7312;         4297   
     982;   875.6065;         6787   
     983;   876.4818;         7808   
     984;   877.3570;         5372   
     985;   878.2323;         3280   
     986;   879.1076;         2668   
     987;   879.9829;         2584   
     988;   880.8581;         2496   
     989;   881.7334;         2543   
     990;   882.6087;         2425   
     991;   883.4840;         2473   
     992;   884.3592;         2401   
     993;   885.2345;         2316   
     994;   886.1098;         2311   
     995;   886.9851;         2314   
     996;   887.8603;         2195   
     997;   888.7356;         2243   
     998;   889.6109;         2178   
     999;   890.4862;         2246   
    1000;   891.3614;         2245   
    1001;   892.2367;         2180   
    1002;   893.1120;         2314   
    1003;   893.9873;         2235   
    1004;   894.8625;         2193   
    1005;   895.7378;         2213   
    1006;   896.6131;         2189   
    1007;   897.4884;         2184   
    1008;   898.3636;         2136   
    1009;   899.2389;         2242   
    1010;   900.1142;         2139   
    1011;   900.9895;         2222   
    1012;   901.8647;         2184   
    1013;   902.7400;         2221   
    1014;   903.6153;         2209   
    1015;   904.4906;         2288   
    1016;   905.3658;         2266   
    1017;   906.2411;         2324   
    1018;   907.1164;         2285   
    1019;   907.9917;         2255   
    1020;   908.8669;         2325   
    1021;   909.7422;         2321   
    1022;   910.6175;         2211   
    1023;   911.4928;         2165   
    1024;   912.3680;         2125   
    1025;   913.2433;         1977   
    1026;   914.1186;         1993   
    1027;   914.9939;         1967   
    1028;   915.8691;         1963   
    1029;   916.7444;         1998   
    1030;   917.6197;         2001   
    1031;   918.4950;         1970   
    1032;   919.3702;         1914   
    1033;   920.2455;         1921   
    1034;   921.1208;         1875   
    1035;   921.9961;         1959   
    1036;   922.8713;         1820   
    1037;   923.7466;         1855   
    1038;   924.6219;         1845   
    1039;   925.4972;         1885   
    1040;   926.3724;         1999   
    1041;   927.2477;         2050   
    1042;   928.1230;         2382   
    1043;   928.9983;         2310   
    1044;   929.8735;         2101   
    1045;   930.7488;         1897   
    1046;   931.6241;         1834   
    1047;   932.4994;         1929   
    1048;   933.3746;         1911   
    1049;   934.2499;         1972   
    1050;   935.1252;         2110   
    1051;   936.0005;         2101   
    1052;   936.8757;         2034   
    1053;   937.7510;         1921   
    1054;   938.6263;         1829   
    1055;   939.5016;         1952   
    1056;   940.3768;         1986   
    1057;   941.2521;         1809   
    1058;   942.1274;         1796   
    1059;   943.0027;         1806   
    1060;   943.8779;         1809   
    1061;   944.7532;         1755   
    1062;   945.6285;         1795   
    1063;   946.5038;         1777   
    1064;   947.3790;         1767   
    1065;   948.2543;         1761   
    1066;   949.1296;         1729   
    1067;   950.0049;         1685   
    1068;   950.8801;         1731   
    1069;   951.7554;         1713   
    1070;   952.6307;         1719   
    1071;   953.5060;         1725   
    1072;   954.3812;         1775   
    1073;   955.2565;         1700   
    1074;   956.1318;         1683   
    1075;   957.0071;         1754   
    1076;   957.8823;         1711   
    1077;   958.7576;         1770   
    1078;   959.6329;         1622   
    1079;   960.5082;         1693   
    1080;   961.3834;         1621   
    1081;   962.2587;         1695   
    1082;   963.1340;         1705   
    1083;   964.0093;         1643   
    1084;   964.8845;         1698   
    1085;   965.7598;         1655   
    1086;   966.6351;         1692   
    1087;   967.5104;         1756   
    1088;   968.3856;         1668   
    1089;   969.2609;         2014   
    1090;   970.1362;         2342   
    1091;   971.0115;         3595   
    1092;   971.8867;         7282   
    1093;   972.7620;        15861   
    1094;   973.6373;        20908   
    1095;   974.5126;        14884   
    1096;   975.3878;         6659   
    1097;   976.2631;         3314   
    1098;   977.1384;         2591   
    1099;   978.0137;         2292   
    1100;   978.8889;         2210   
    1101;   979.7642;         2065   
    1102;   980.6395;         2058   
    1103;   981.5148;         1940   
    1104;   982.3900;         1895   
    1105;   983.2653;         1846   
    1106;   984.1406;         1902   
    1107;   985.0159;         1746   
    1108;   985.8911;         1737   
    1109;   986.7664;         1903   
    1110;   987.6417;         1804   
    1111;   988.5170;         1817   
    1112;   989.3922;         1788   
    1113;   990.2675;         1762   
    1114;   991.1428;         1854   
    1115;   992.0181;         1824   
    1116;   992.8933;         1773   
    1117;   993.7686;         1844   
    1118;   994.6439;         1736   
    1119;   995.5192;         1701   
    1120;   996.3944;         1828   
    1121;   997.2697;         1846   
    1122;   998.1450;         1866   
    1123;   999.0203;         1925   
    1124;   999.8955;         1726   
    1125;  1000.7708;         1722   
    1126;  1001.6461;         1683   
    1127;  1002.5214;         1676   
    1128;  1003.3966;         1636   
    1129;  1004.2719;         1622   
    1130;  1005.1472;         1695   
    1131;  1006.0225;         1743   
    1132;  1006.8977;         1687   
    1133;  1007.7730;         1604   
    1134;  1008.6483;         1650   
    1135;  1009.5236;         1590   
    1136;  1010.3988;         1613   
    1137;  1011.2741;         1560   
    1138;  1012.1494;         1685   
    1139;  1013.0247;         1781   
    1140;  1013.8999;         2108   
    1141;  1014.7752;         2446   
    1142;  1015.6505;         2257   
    1143;  1016.5258;         1916   
    1144;  1017.4010;         1726   
    1145;  1018.2763;         1627   
    1146;  1019.1516;         1595   
    1147;  1020.0269;         1623   
    1148;  1020.9021;         1657   
    1149;  1021.7774;         1571   
    1150;  1022.6527;         1542   
    1151;  1023.5280;         1535   
    1152;  1024.4032;         1499   
    1153;  1025.2785;         1494   
    1154;  1026.1538;         1575   
    1155;  1027.0291;         1506   
    1156;  1027.9043;         1507   
    1157;  1028.7796;         1581   
    1158;  1029.6549;         1563   
    1159;  1030.5302;         1546   
    1160;  1031.4054;         1561   
    1161;  1032.2807;         1514   
    1162;  1033.1560;         1507   
    1163;  1034.0313;         1492   
    1164;  1034.9065;         1501   
    1165;  1035.7818;         1508   
    1166;  1036.6571;         1442   
    1167;  1037.5324;         1526   
    1168;  1038.4076;         1475   
    1169;  1039.2829;         1478   
    1170;  1040.1582;         1465   
    1171;  1041.0335;         1454   
    1172;  1041.9087;         1504   
    1173;  1042.7840;         1439   
    1174;  1043.6593;         1495   
    1175;  1044.5346;         1442   
    1176;  1045.4098;         1484   
    1177;  1046.2851;         1509   
    1178;  1047.1604;         1438   
    1179;  1048.0357;         1400   
    1180;  1048.9109;         1457   
    1181;  1049.7862;         1421   
    1182;  1050.6615;         1437   
    1183;  1051.5368;         1482   
    1184;  1052.4120;         1484   
    1185;  1053.2873;         1513   
    1186;  1054.1626;         1477   
    1187;  1055.0379;         1456   
    1188;  1055.9131;         1554   
    1189;  1056.7884;         1456   
    1190;  1057.6637;         1461   
    1191;  1058.5390;         1414   
    1192;  1059.4142;         1438   
    1193;  1060.2895;         1496   
    1194;  1061.1648;         1430   
    1195;  1062.0401;         1415   
    1196;  1062.9153;         1448   
    1197;  1063.7906;         1495   
    1198;  1064.6659;         1387   
    1199;  1065.5412;         1417   
    1200;  1066.4164;         1510   
    1201;  1067.2917;         1454   
    1202;  1068.1670;         1427   
    1203;  1069.0423;         1478   
    1204;  1069.9175;         1419   
    1205;  1070.7928;         1450   
    1206;  1071.6681;         1444   
    1207;  1072.5434;         1449   
    1208;  1073.4186;         1445   
    1209;  1074.2939;         1495   
    1210;  1075.1692;         1499   
    1211;  1076.0445;         1465   
    1212;  1076.9197;         1486   
    1213;  1077.7950;         1404   
    1214;  1078.6703;         1432   
    1215;  1079.5456;         1429   
    1216;  1080.4208;         1462   
    1217;  1081.2961;         1458   
    1218;  1082.1714;         1443   
    1219;  1083.0467;         1401   
    1220;  1083.9219;         1425   
    1221;  1084.7972;         1496   
    1222;  1085.6725;         1470   
    1223;  1086.5478;         1459   
    1224;  1087.4230;         1429   
    1225;  1088.2983;         1445   
    1226;  1089.1736;         1541   
    1227;  1090.0489;         1498   
    1228;  1090.9241;         1522   
    1229;  1091.7994;         1630   
    1230;  1092.6747;         1957   
    1231;  1093.5500;         2836   
    1232;  1094.4252;         5230   
    1233;  1095.3005;        10578   
    1234;  1096.1758;        14404   
    1235;  1097.0511;        11036   
    1236;  1097.9263;         5611   
    1237;  1098.8016;         3588   
    1238;  1099.6769;         3914   
    1239;  1100.5522;         3710   
    1240;  1101.4274;         2777   
    1241;  1102.3027;         2038   
    1242;  1103.1780;         1774   
    1243;  1104.0533;         1696   
    1244;  1104.9285;         1601   
    1245;  1105.8038;         1496   
    1246;  1106.6791;         1495   
    1247;  1107.5544;         1615   
    1248;  1108.4296;         1504   
    1249;  1109.3049;         1561   
    1250;  1110.1802;         1509   
    1251;  1111.0555;         1547   
    1252;  1111.9307;         1490   
    1253;  1112.8060;         1540   
    1254;  1113.6813;         1530   
    1255;  1114.5566;         1509   
    1256;  1115.4318;         1514   
    1257;  1116.3071;         1480   
    1258;  1117.1824;         1560   
    1259;  1118.0577;         1728   
    1260;  1118.9329;         2220   
    1261;  1119.8082;         3114   
    1262;  1120.6835;         5846   
    1263;  1121.5588;        11589   
    1264;  1122.4340;        17344   
    1265;  1123.3093;        14344   
    1266;  1124.1846;         7322   
    1267;  1125.0599;         3557   
    1268;  1125.9351;         2464   
    1269;  1126.8104;         2170   
    1270;  1127.6857;         2050   
    1271;  1128.5610;         1911   
    1272;  1129.4362;         1935   
    1273;  1130.3115;         1786   
    1274;  1131.1868;         1879   
    1275;  1132.0621;         2101   
    1276;  1132.9373;         2313   
    1277;  1133.8126;         2469   
    1278;  1134.6879;         2140   
    1279;  1135.5632;         1854   
    1280;  1136.4384;         1805   
    1281;  1137.3137;         1687   
    1282;  1138.1890;         1635   
    1283;  1139.0643;         1617   
    1284;  1139.9395;         1679   
    1285;  1140.8148;         1632   
    1286;  1141.6901;         1592   
    1287;  1142.5654;         1555   
    1288;  1143.4406;         1556   
    1289;  1144.3159;         1614   
    1290;  1145.1912;         1593   
    1291;  1146.0665;         1632   
    1292;  1146.9417;         1551   
    1293;  1147.8170;         1555   
    1294;  1148.6923;         1623   
    1295;  1149.5676;         1532   
    1296;  1150.4428;         1597   
    1297;  1151.3181;         1623   
    1298;  1152.1934;         1472   
    1299;  1153.0687;         1572   
    1300;  1153.9439;         1553   
    1301;  1154.8192;         1544   
    1302;  1155.6945;         1564   
    1303;  1156.5698;         1510   
    1304;  1157.4450;         1532   
    1305;  1158.3203;         1489   
    1306;  1159.1956;         1557   
    1307;  1160.0709;         1581   
    1308;  1160.9461;         1494   
    1309;  1161.8214;         1520   
    1310;  1162.6967;         1524   
    1311;  1163.5720;         1551   
    1312;  1164.4472;         1561   
    1313;  1165.3225;         1530   
    1314;  1166.1978;         1392   
    1315;  1167.0731;         1496   
    1316;  1167.9483;         1527   
    1317;  1168.8236;         1583   
    1318;  1169.6989;         1539   
    1319;  1170.5742;         1576   
    1320;  1171.4494;         1552   
    1321;  1172.3247;         1568   
    1322;  1173.2000;         1466   
    1323;  1174.0753;         1535   
    1324;  1174.9505;         1453   
    1325;  1175.8258;         1587   
    1326;  1176.7011;         1483   
    1327;  1177.5764;         1523   
    1328;  1178.4516;         1543   
    1329;  1179.3269;         1471   
    1330;  1180.2022;         1513   
    1331;  1181.0775;         1579   
    1332;  1181.9527;         1517   
    1333;  1182.8280;         1603   
    1334;  1183.7033;         1512   
    1335;  1184.5786;         1507   
    1336;  1185.4538;         1606   
    1337;  1186.3291;         1541   
    1338;  1187.2044;         1548   
    1339;  1188.0797;         1506   
    1340;  1188.9549;         1512   
    1341;  1189.8302;         1531   
    1342;  1190.7055;         1532   
    1343;  1191.5808;         1437   
    1344;  1192.4560;         1578   
    1345;  1193.3313;         1487   
    1346;  1194.2066;         1546   
    1347;  1195.0819;         1504   
    1348;  1195.9571;         1470   
    1349;  1196.8324;         1510   
    1350;  1197.7077;         1556   
    1351;  1198.5830;         1396   
    1352;  1199.4582;         1490   
    1353;  1200.3335;         1387   
    1354;  1201.2088;         1411   
    1355;  1202.0841;         1342   
    1356;  1202.9593;         1426   
    1357;  1203.8346;         1414   
    1358;  1204.7099;         1443   
    1359;  1205.5852;         1393   
    1360;  1206.4604;         1377   
    1361;  1207.3357;         1338   
    1362;  1208.2110;         1362   
    1363;  1209.0863;         1362   
    1364;  1209.9615;         1379   
    1365;  1210.8368;         1371   
    1366;  1211.7121;         1318   
    1367;  1212.5874;         1376   
    1368;  1213.4626;         1312   
    1369;  1214.3379;         1371   
    1370;  1215.2132;         1274   
    1371;  1216.0885;         1390   
    1372;  1216.9637;         1471   
    1373;  1217.8390;         1381   
    1374;  1218.7143;         1398   
    1375;  1219.5896;         1376   
    1376;  1220.4648;         1389   
    1377;  1221.3401;         1444   
    1378;  1222.2154;         1593   
    1379;  1223.0907;         2254   
    1380;  1223.9659;         2608   
    1381;  1224.8412;         2372   
    1382;  1225.7165;         1742   
    1383;  1226.5918;         1423   
    1384;  1227.4670;         1300   
    1385;  1228.3423;         1307   
    1386;  1229.2176;         1271   
    1387;  1230.0929;         1260   
    1388;  1230.9681;         1216   
    1389;  1231.8434;         1295   
    1390;  1232.7187;         1267   
    1391;  1233.5940;         1206   
    1392;  1234.4692;         1197   
    1393;  1235.3445;         1197   
    1394;  1236.2198;         1224   
    1395;  1237.0951;         1208   
    1396;  1237.9703;         1217   
    1397;  1238.8456;         1201   
    1398;  1239.7209;         1197   
    1399;  1240.5962;         1244   
    1400;  1241.4714;         1255   
    1401;  1242.3467;         1259   
    1402;  1243.2220;         1378   
    1403;  1244.0973;         1548   
    1404;  1244.9725;         1658   
    1405;  1245.8478;         1525   
    1406;  1246.7231;         1332   
    1407;  1247.5984;         1183   
    1408;  1248.4736;         1235   
    1409;  1249.3489;         1125   
    1410;  1250.2242;         1148   
    1411;  1251.0995;         1174   
    1412;  1251.9747;         1082   
    1413;  1252.8500;         1128   
    1414;  1253.7253;         1086   
    1415;  1254.6006;         1038   
    1416;  1255.4758;         1109   
    1417;  1256.3511;         1099   
    1418;  1257.2264;         1022   
    1419;  1258.1017;         1085   
    1420;  1258.9769;         1089   
    1421;  1259.8522;         1141   
    1422;  1260.7275;         1270   
    1423;  1261.6028;         1350   
    1424;  1262.4780;         1111   
    1425;  1263.3533;         1136   
    1426;  1264.2286;         1017   
    1427;  1265.1039;         1073   
    1428;  1265.9791;         1004   
    1429;  1266.8544;         1056   
    1430;  1267.7297;         1059   
    1431;  1268.6050;         1056   
    1432;  1269.4802;         1071   
    1433;  1270.3555;          981   
    1434;  1271.2308;          996   
    1435;  1272.1061;         1111   
    1436;  1272.9813;         1021   
    1437;  1273.8566;          968   
    1438;  1274.7319;         1053   
    1439;  1275.6072;          964   
    1440;  1276.4824;          948   
    1441;  1277.3577;          986   
    1442;  1278.2330;          955   
    1443;  1279.1083;         1037   
    1444;  1279.9835;          996   
    1445;  1280.8588;          942   
    1446;  1281.7341;          965   
    1447;  1282.6094;          958   
    1448;  1283.4846;          966   
    1449;  1284.3599;          992   
    1450;  1285.2352;         1150   
    1451;  1286.1105;         1163   
    1452;  1286.9857;         1130   
    1453;  1287.8610;         1010   
    1454;  1288.7363;          982   
    1455;  1289.6116;          949   
    1456;  1290.4868;          925   
    1457;  1291.3621;          878   
    1458;  1292.2374;          913   
    1459;  1293.1127;          889   
    1460;  1293.9879;          882   
    1461;  1294.8632;          946   
    1462;  1295.7385;          892   
    1463;  1296.6138;          843   
    1464;  1297.4890;          893   
    1465;  1298.3643;          881   
    1466;  1299.2396;          880   
    1467;  1300.1149;          898   
    1468;  1300.9901;          852   
    1469;  1301.8654;          913   
    1470;  1302.7407;          829   
    1471;  1303.6160;          972   
    1472;  1304.4912;          964   
    1473;  1305.3665;          919   
    1474;  1306.2418;          888   
    1475;  1307.1171;          944   
    1476;  1307.9923;          965   
    1477;  1308.8676;         1237   
    1478;  1309.7429;         1808   
    1479;  1310.6182;         2336   
    1480;  1311.4934;         1972   
    1481;  1312.3687;         1468   
    1482;  1313.2440;         1015   
    1483;  1314.1193;          931   
    1484;  1314.9945;          893   
    1485;  1315.8698;          842   
    1486;  1316.7451;          917   
    1487;  1317.6204;          913   
    1488;  1318.4956;          849   
    1489;  1319.3709;          873   
    1490;  1320.2462;          904   
    1491;  1321.1215;          808   
    1492;  1321.9967;          822   
    1493;  1322.8720;          803   
    1494;  1323.7473;          786   
    1495;  1324.6226;          819   
    1496;  1325.4978;          771   
    1497;  1326.3731;          792   
    1498;  1327.2484;          805   
    1499;  1328.1237;          771   
    1500;  1328.9989;          761   
    1501;  1329.8742;          766   
    1502;  1330.7495;          723   
    1503;  1331.6248;          799   
    1504;  1332.5000;          745   
    1505;  1333.3753;          743   
    1506;  1334.2506;          781   
    1507;  1335.1259;          752   
    1508;  1336.0011;          773   
    1509;  1336.8764;          734   
    1510;  1337.7517;          741   
    1511;  1338.6270;          713   
    1512;  1339.5022;          724   
    1513;  1340.3775;          727   
    1514;  1341.2528;          759   
    1515;  1342.1281;          754   
    1516;  1343.0033;          767   
    1517;  1343.8786;          785   
    1518;  1344.7539;          739   
    1519;  1345.6292;          765   
    1520;  1346.5044;          762   
    1521;  1347.3797;          778   
    1522;  1348.2550;          727   
    1523;  1349.1303;          716   
    1524;  1350.0055;          656   
    1525;  1350.8808;          695   
    1526;  1351.7561;          709   
    1527;  1352.6314;          692   
    1528;  1353.5066;          692   
    1529;  1354.3819;          659   
    1530;  1355.2572;          678   
    1531;  1356.1325;          702   
    1532;  1357.0077;          716   
    1533;  1357.8830;          735   
    1534;  1358.7583;          677   
    1535;  1359.6336;          662   
    1536;  1360.5088;          677   
    1537;  1361.3841;          629   
    1538;  1362.2594;          660   
    1539;  1363.1347;          662   
    1540;  1364.0099;          684   
    1541;  1364.8852;          638   
    1542;  1365.7605;          688   
    1543;  1366.6358;          686   
    1544;  1367.5110;          720   
    1545;  1368.3863;          630   
    1546;  1369.2616;          651   
    1547;  1370.1369;          655   
    1548;  1371.0121;          581   
    1549;  1371.8874;          609   
    1550;  1372.7627;          672   
    1551;  1373.6380;          642   
    1552;  1374.5132;          649   
    1553;  1375.3885;          605   
    1554;  1376.2638;          666   
    1555;  1377.1391;          624   
    1556;  1378.0143;          602   
    1557;  1378.8896;          616   
    1558;  1379.7649;          650   
    1559;  1380.6402;          634   
    1560;  1381.5154;          648   
    1561;  1382.3907;          619   
    1562;  1383.2660;          652   
    1563;  1384.1413;          635   
    1564;  1385.0165;          663   
    1565;  1385.8918;          621   
    1566;  1386.7671;          645   
    1567;  1387.6424;          633   
    1568;  1388.5176;          604   
    1569;  1389.3929;          597   
    1570;  1390.2682;          600   
    1571;  1391.1435;          612   
    1572;  1392.0187;          584   
    1573;  1392.8940;          592   
    1574;  1393.7693;          589   
    1575;  1394.6446;          608   
    1576;  1395.5198;          610   
    1577;  1396.3951;          588   
    1578;  1397.2704;          601   
    1579;  1398.1457;          561   
    1580;  1399.0209;          591   
    1581;  1399.8962;          596   
    1582;  1400.7715;          606   
    1583;  1401.6468;          559   
    1584;  1402.5220;          627   
    1585;  1403.3973;          571   
    1586;  1404.2726;          586   
    1587;  1405.1479;          611   
    1588;  1406.0231;          582   
    1589;  1406.8984;          563   
    1590;  1407.7737;          568   
    1591;  1408.6490;          580   
    1592;  1409.5242;          624   
    1593;  1410.3995;          575   
    1594;  1411.2748;          602   
    1595;  1412.1501;          604   
    1596;  1413.0253;          597   
    1597;  1413.9006;          654   
    1598;  1414.7759;          624   
    1599;  1415.6512;          800   
    1600;  1416.5264;         1117   
    1601;  1417.4017;         2190   
    1602;  1418.2770;         5122   
    1603;  1419.1523;        11083   
    1604;  1420.0275;        17870   
    1605;  1420.9028;        17629   
    1606;  1421.7781;        10252   
    1607;  1422.6534;         4407   
    1608;  1423.5286;         2267   
    1609;  1424.4039;         1561   
    1610;  1425.2792;         1345   
    1611;  1426.1545;         1238   
    1612;  1427.0297;         1081   
    1613;  1427.9050;          950   
    1614;  1428.7803;          989   
    1615;  1429.6556;          860   
    1616;  1430.5308;          841   
    1617;  1431.4061;          877   
    1618;  1432.2814;          819   
    1619;  1433.1567;          788   
    1620;  1434.0319;          793   
    1621;  1434.9072;          806   
    1622;  1435.7825;          767   
    1623;  1436.6578;          844   
    1624;  1437.5330;          790   
    1625;  1438.4083;          756   
    1626;  1439.2836;          754   
    1627;  1440.1589;          809   
    1628;  1441.0341;          789   
    1629;  1441.9094;          753   
    1630;  1442.7847;          794   
    1631;  1443.6600;          748   
    1632;  1444.5352;          748   
    1633;  1445.4105;          735   
    1634;  1446.2858;          786   
    1635;  1447.1611;          764   
    1636;  1448.0363;          745   
    1637;  1448.9116;          724   
    1638;  1449.7869;          725   
    1639;  1450.6622;          651   
    1640;  1451.5374;          709   
    1641;  1452.4127;          707   
    1642;  1453.2880;          675   
    1643;  1454.1633;          709   
    1644;  1455.0385;          692   
    1645;  1455.9138;          673   
    1646;  1456.7891;          677   
    1647;  1457.6644;          710   
    1648;  1458.5396;          640   
    1649;  1459.4149;          681   
    1650;  1460.2902;          642   
    1651;  1461.1655;          678   
    1652;  1462.0407;          681   
    1653;  1462.9160;          618   
    1654;  1463.7913;          657   
    1655;  1464.6666;          658   
    1656;  1465.5418;          677   
    1657;  1466.4171;          682   
    1658;  1467.2924;          699   
    1659;  1468.1677;          809   
    1660;  1469.0429;          959   
    1661;  1469.9182;         1113   
    1662;  1470.7935;         1069   
    1663;  1471.6688;          925   
    1664;  1472.5440;          788   
    1665;  1473.4193;          706   
    1666;  1474.2946;          781   
    1667;  1475.1699;          641   
    1668;  1476.0451;          596   
    1669;  1476.9204;          637   
    1670;  1477.7957;          618   
    1671;  1478.6710;          592   
    1672;  1479.5462;          630   
    1673;  1480.4215;          599   
    1674;  1481.2968;          613   
    1675;  1482.1721;          636   
    1676;  1483.0473;          626   
    1677;  1483.9226;          604   
    1678;  1484.7979;          595   
    1679;  1485.6732;          571   
    1680;  1486.5484;          606   
    1681;  1487.4237;          565   
    1682;  1488.2990;          577   
    1683;  1489.1743;          584   
    1684;  1490.0495;          623   
    1685;  1490.9248;          559   
    1686;  1491.8001;          568   
    1687;  1492.6754;          589   
    1688;  1493.5506;          571   
    1689;  1494.4259;          585   
    1690;  1495.3012;          580   
    1691;  1496.1765;          596   
    1692;  1497.0517;          557   
    1693;  1497.9270;          551   
    1694;  1498.8023;          599   
    1695;  1499.6776;          514   
    1696;  1500.5528;          564   
    1697;  1501.4281;          601   
    1698;  1502.3034;          569   
    1699;  1503.1787;          565   
    1700;  1504.0539;          573   
    1701;  1504.9292;          549   
    1702;  1505.8045;          579   
    1703;  1506.6798;          582   
    1704;  1507.5550;          554   
    1705;  1508.4303;          624   
    1706;  1509.3056;          600   
    1707;  1510.1809;          548   
    1708;  1511.0561;          546   
    1709;  1511.9314;          563   
    1710;  1512.8067;          534   
    1711;  1513.6820;          571   
    1712;  1514.5572;          603   
    1713;  1515.4325;          549   
    1714;  1516.3078;          576   
    1715;  1517.1831;          529   
    1716;  1518.0583;          523   
    1717;  1518.9336;          576   
    1718;  1519.8089;          542   
    1719;  1520.6842;          566   
    1720;  1521.5594;          584   
    1721;  1522.4347;          530   
    1722;  1523.3100;          555   
    1723;  1524.1853;          549   
    1724;  1525.0605;          530   
    1725;  1525.9358;          544   
    1726;  1526.8111;          525   
    1727;  1527.6864;          543   
    1728;  1528.5616;          555   
    1729;  1529.4369;          548   
    1730;  1530.3122;          536   
    1731;  1531.1875;          565   
    1732;  1532.0627;          593   
    1733;  1532.9380;          570   
    1734;  1533.8133;          544   
    1735;  1534.6886;          543   
    1736;  1535.5638;          631   
    1737;  1536.4391;          581   
    1738;  1537.3144;          587   
    1739;  1538.1897;          623   
    1740;  1539.0649;          636   
    1741;  1539.9402;          795   
    1742;  1540.8155;         1026   
    1743;  1541.6908;         1248   
    1744;  1542.5660;         1427   
    1745;  1543.4413;         1283   
    1746;  1544.3166;          863   
    1747;  1545.1919;          641   
    1748;  1546.0671;          519   
    1749;  1546.9424;          532   
    1750;  1547.8177;          485   
    1751;  1548.6930;          441   
    1752;  1549.5682;          509   
    1753;  1550.4435;          483   
    1754;  1551.3188;          421   
    1755;  1552.1941;          465   
    1756;  1553.0693;          445   
    1757;  1553.9446;          511   
    1758;  1554.8199;          445   
    1759;  1555.6952;          440   
    1760;  1556.5704;          458   
    1761;  1557.4457;          464   
    1762;  1558.3210;          473   
    1763;  1559.1963;          472   
    1764;  1560.0715;          442   
    1765;  1560.9468;          498   
    1766;  1561.8221;          479   
    1767;  1562.6974;          464   
    1768;  1563.5726;          454   
    1769;  1564.4479;          466   
    1770;  1565.3232;          444   
    1771;  1566.1985;          412   
    1772;  1567.0737;          452   
    1773;  1567.9490;          441   
    1774;  1568.8243;          481   
    1775;  1569.6996;          461   
    1776;  1570.5748;          463   
    1777;  1571.4501;          437   
    1778;  1572.3254;          426   
    1779;  1573.2007;          409   
    1780;  1574.0759;          458   
    1781;  1574.9512;          403   
    1782;  1575.8265;          412   
    1783;  1576.7018;          424   
    1784;  1577.5770;          420   
    1785;  1578.4523;          433   
    1786;  1579.3276;          431   
    1787;  1580.2029;          435   
    1788;  1581.0781;          405   
    1789;  1581.9534;          439   
    1790;  1582.8287;          429   
    1791;  1583.7040;          442   
    1792;  1584.5792;          407   
    1793;  1585.4545;          415   
    1794;  1586.3298;          403   
    1795;  1587.2051;          443   
    1796;  1588.0803;          376   
    1797;  1588.9556;          451   
    1798;  1589.8309;          415   
    1799;  1590.7062;          410   
    1800;  1591.5814;          438   
    1801;  1592.4567;          425   
    1802;  1593.3320;          375   
    1803;  1594.2073;          416   
    1804;  1595.0825;          431   
    1805;  1595.9578;          416   
    1806;  1596.8331;          404   
    1807;  1597.7084;          370   
    1808;  1598.5836;          356   
    1809;  1599.4589;          381   
    1810;  1600.3342;          373   
    1811;  1601.2095;          365   
    1812;  1602.0847;          405   
    1813;  1602.9600;          399   
    1814;  1603.8353;          370   
    1815;  1604.7106;          370   
    1816;  1605.5858;          379   
    1817;  1606.4611;          381   
    1818;  1607.3364;          387   
    1819;  1608.2117;          401   
    1820;  1609.0869;          372   
    1821;  1609.9622;          409   
    1822;  1610.8375;          387   
    1823;  1611.7128;          348   
    1824;  1612.5880;          399   
    1825;  1613.4633;          407   
    1826;  1614.3386;          364   
    1827;  1615.2139;          362   
    1828;  1616.0891;          382   
    1829;  1616.9644;          406   
    1830;  1617.8397;          401   
    1831;  1618.7150;          366   
    1832;  1619.5902;          374   
    1833;  1620.4655;          374   
    1834;  1621.3408;          403   
    1835;  1622.2161;          367   
    1836;  1623.0913;          361   
    1837;  1623.9666;          366   
    1838;  1624.8419;          391   
    1839;  1625.7172;          371   
    1840;  1626.5924;          382   
    1841;  1627.4677;          363   
    1842;  1628.3430;          332   
    1843;  1629.2183;          365   
    1844;  1630.0935;          360   
    1845;  1630.9688;          364   
    1846;  1631.8441;          373   
    1847;  1632.7194;          371   
    1848;  1633.5946;          362   
    1849;  1634.4699;          383   
    1850;  1635.3452;          357   
    1851;  1636.2205;          391   
    1852;  1637.0957;          354   
    1853;  1637.9710;          363   
    1854;  1638.8463;          345   
    1855;  1639.7216;          345   
    1856;  1640.5968;          361   
    1857;  1641.4721;          362   
    1858;  1642.3474;          372   
    1859;  1643.2227;          338   
    1860;  1644.0979;          372   
    1861;  1644.9732;          340   
    1862;  1645.8485;          353   
    1863;  1646.7238;          344   
    1864;  1647.5990;          382   
    1865;  1648.4743;          340   
    1866;  1649.3496;          359   
    1867;  1650.2249;          348   
    1868;  1651.1001;          348   
    1869;  1651.9754;          396   
    1870;  1652.8507;          345   
    1871;  1653.7260;          397   
    1872;  1654.6012;          357   
    1873;  1655.4765;          398   
    1874;  1656.3518;          392   
    1875;  1657.2271;          439   
    1876;  1658.1023;          438   
    1877;  1658.9776;          382   
    1878;  1659.8529;          364   
    1879;  1660.7282;          382   
    1880;  1661.6034;          384   
    1881;  1662.4787;          366   
    1882;  1663.3540;          356   
    1883;  1664.2293;          385   
    1884;  1665.1045;          368   
    1885;  1665.9798;          335   
    1886;  1666.8551;          318   
    1887;  1667.7304;          305   
    1888;  1668.6056;          334   
    1889;  1669.4809;          332   
    1890;  1670.3562;          291   
    1891;  1671.2315;          303   
    1892;  1672.1067;          294   
    1893;  1672.9820;          322   
    1894;  1673.8573;          296   
    1895;  1674.7326;          301   
    1896;  1675.6078;          315   
    1897;  1676.4831;          332   
    1898;  1677.3584;          320   
    1899;  1678.2337;          327   
    1900;  1679.1089;          293   
    1901;  1679.9842;          331   
    1902;  1680.8595;          337   
    1903;  1681.7348;          348   
    1904;  1682.6100;          325   
    1905;  1683.4853;          314   
    1906;  1684.3606;          290   
    1907;  1685.2359;          275   
    1908;  1686.1111;          312   
    1909;  1686.9864;          312   
    1910;  1687.8617;          295   
    1911;  1688.7370;          314   
    1912;  1689.6122;          299   
    1913;  1690.4875;          318   
    1914;  1691.3628;          271   
    1915;  1692.2381;          324   
    1916;  1693.1133;          316   
    1917;  1693.9886;          291   
    1918;  1694.8639;          348   
    1919;  1695.7392;          330   
    1920;  1696.6144;          327   
    1921;  1697.4897;          290   
    1922;  1698.3650;          274   
    1923;  1699.2403;          311   
    1924;  1700.1155;          294   
    1925;  1700.9908;          297   
    1926;  1701.8661;          298   
    1927;  1702.7414;          299   
    1928;  1703.6166;          315   
    1929;  1704.4919;          292   
    1930;  1705.3672;          279   
    1931;  1706.2425;          296   
    1932;  1707.1177;          324   
    1933;  1707.9930;          299   
    1934;  1708.8683;          291   
    1935;  1709.7436;          282   
    1936;  1710.6188;          265   
    1937;  1711.4941;          277   
    1938;  1712.3694;          284   
    1939;  1713.2447;          288   
    1940;  1714.1199;          340   
    1941;  1714.9952;          305   
    1942;  1715.8705;          282   
    1943;  1716.7458;          295   
    1944;  1717.6210;          322   
    1945;  1718.4963;          288   
    1946;  1719.3716;          310   
    1947;  1720.2469;          304   
    1948;  1721.1221;          301   
    1949;  1721.9974;          309   
    1950;  1722.8727;          267   
    1951;  1723.7480;          279   
    1952;  1724.6232;          266   
    1953;  1725.4985;          315   
    1954;  1726.3738;          283   
    1955;  1727.2491;          278   
    1956;  1728.1243;          269   
    1957;  1728.9996;          270   
    1958;  1729.8749;          246   
    1959;  1730.7502;          228   
    1960;  1731.6254;          294   
    1961;  1732.5007;          281   
    1962;  1733.3760;          315   
    1963;  1734.2513;          292   
    1964;  1735.1265;          281   
    1965;  1736.0018;          271   
    1966;  1736.8771;          284   
    1967;  1737.7524;          277   
    1968;  1738.6276;          267   
    1969;  1739.5029;          264   
    1970;  1740.3782;          276   
    1971;  1741.2535;          268   
    1972;  1742.1287;          307   
    1973;  1743.0040;          295   
    1974;  1743.8793;          253   
    1975;  1744.7546;          277   
    1976;  1745.6298;          308   
    1977;  1746.5051;          249   
    1978;  1747.3804;          314   
    1979;  1748.2557;          241   
    1980;  1749.1309;           70   
    1981;  1750.0062;           21   
    1982;  1750.8815;            7   
    1983;  1751.7568;            0   
    1984;  1752.6320;            0   
    1985;  1753.5073;            0   
    1986;  1754.3826;            0   
    1987;  1755.2579;            0   
    1988;  1756.1331;            0   
    1989;  1757.0084;            0   
    1990;  1757.8837;            0   
    1991;  1758.7590;            0   
    1992;  1759.6342;            0   
    1993;  1760.5095;            0   
    1994;  1761.3848;            0   
    1995;  1762.2601;            0   
    1996;  1763.1353;            0   
    1997;  1764.0106;            0   
    1998;  1764.8859;            0   
    1999;  1765.7612;            0   
    2000;  1766.6364;            0   
    2001;  1767.5117;            0   
    2002;  1768.3870;            0   
    2003;  1769.2623;            0   
    2004;  1770.1375;            0   
    2005;  1771.0128;            0   
    2006;  1771.8881;            0   
    2007;  1772.7634;            0   
    2008;  1773.6386;            0   
    2009;  1774.5139;            0   
    2010;  1775.3892;            0   
    2011;  1776.2645;            0   
    2012;  1777.1397;            0   
    2013;  1778.0150;            0   
    2014;  1778.8903;            0   
    2015;  1779.7656;            0   
    2016;  1780.6408;            0   
    2017;  1781.5161;            0   
    2018;  1782.3914;            0   
    2019;  1783.2667;            0   
    2020;  1784.1419;            0   
    2021;  1785.0172;            0   
    2022;  1785.8925;            0   
    2023;  1786.7678;            0   
    2024;  1787.6430;            0   
    2025;  1788.5183;            0   
    2026;  1789.3936;            0   
    2027;  1790.2689;            0   
    2028;  1791.1441;            0   
    2029;  1792.0194;            0   
    2030;  1792.8947;            0   
    2031;  1793.7700;            0   
    2032;  1794.6452;            0   
    2033;  1795.5205;            0   
    2034;  1796.3958;            0   
    2035;  1797.2711;            0   
    2036;  1798.1463;            0   
    2037;  1799.0216;            0   
    2038;  1799.8969;            0   
    2039;  1800.7722;            0   
    2040;  1801.6474;            0   
    2041;  1802.5227;            0   
    2042;  1803.3980;            0   
    2043;  1804.2733;            0   
    2044;  1805.1485;            0   
    2045;  1806.0238;            0   
    2046;  1806.8991;            0   
    2047;  1807.7744;            0   
    2048;  1808.6496;            0   
ROI Nummer; Anfangskanal; Endkanal; Anfangsenergie keV ; Endenergie keV; Nettoimpulse; Bruttoimpulse; Untergrundimpulse
In den Daten wurden keine Linien gefunden
ROI Nummer; prozentualer Fehler der Lage; Lage keV; FWHM keV; FWTM keV; FWTM/FWHM Verhltnis; H/L Verhltnis
No Peak records found in data.
Name; Energie keV; Flags; Aktivitt uCi/Unit; Aktivittsfehler %; NWG uCi/Unit; MDA Error %
Es wurden keine Nuklidergebnisse gefunden.
Name; Erwartete Endergie keV; Gemessene Energie keV; Differenz von erwarteter keV; FWHM; Flags; Aktivitt uCi/Unit; Aktivittsfehler %
Es wurden keine Nuklidergebnisse gefunden.
