Kanal;   Energie(keV); Impulse
       1;    16.9617;         3989   
       2;    17.8370;         4131   
       3;    18.7122;         3880   
       4;    19.5875;         3729   
       5;    20.4628;         3760   
       6;    21.3381;         3572   
       7;    22.2133;         3414   
       8;    23.0886;         3410   
       9;    23.9639;         3294   
      10;    24.8392;         3186   
      11;    25.7144;         3201   
      12;    26.5897;         3226   
      13;    27.4650;         3130   
      14;    28.3403;         3157   
      15;    29.2155;         3110   
      16;    30.0908;         2986   
      17;    30.9661;         2994   
      18;    31.8414;         2923   
      19;    32.7166;         2866   
      20;    33.5919;         2836   
      21;    34.4672;         2945   
      22;    35.3425;         2958   
      23;    36.2177;         2992   
      24;    37.0930;         3003   
      25;    37.9683;         2995   
      26;    38.8436;         2971   
      27;    39.7188;         3019   
      28;    40.5941;         3015   
      29;    41.4694;         3397   
      30;    42.3447;         4114   
      31;    43.2199;         3782   
      32;    44.0952;         2823   
      33;    44.9705;         2569   
      34;    45.8458;         2557   
      35;    46.7210;         2769   
      36;    47.5963;         3649   
      37;    48.4716;         3902   
      38;    49.3469;         3165   
      39;    50.2221;         2509   
      40;    51.0974;         2320   
      41;    51.9727;         2164   
      42;    52.8480;         2177   
      43;    53.7232;         2125   
      44;    54.5985;         2204   
      45;    55.4738;         2125   
      46;    56.3491;         2100   
      47;    57.2243;         2117   
      48;    58.0996;         2135   
      49;    58.9749;         2115   
      50;    59.8502;         2133   
      51;    60.7254;         2103   
      52;    61.6007;         2056   
      53;    62.4760;         2078   
      54;    63.3513;         2150   
      55;    64.2265;         2098   
      56;    65.1018;         2121   
      57;    65.9771;         2188   
      58;    66.8524;         2052   
      59;    67.7276;         2119   
      60;    68.6029;         2064   
      61;    69.4782;         2236   
      62;    70.3535;         2158   
      63;    71.2287;         2200   
      64;    72.1040;         2216   
      65;    72.9793;         2338   
      66;    73.8546;         2381   
      67;    74.7298;         2702   
      68;    75.6051;         3202   
      69;    76.4804;         3188   
      70;    77.3557;         3862   
      71;    78.2309;         3937   
      72;    79.1062;         2822   
      73;    79.9815;         2400   
      74;    80.8568;         2471   
      75;    81.7320;         2516   
      76;    82.6073;         2699   
      77;    83.4826;         2901   
      78;    84.3579;         3092   
      79;    85.2331;         3631   
      80;    86.1084;         3916   
      81;    86.9837;         4652   
      82;    87.8590;         4953   
      83;    88.7342;         4383   
      84;    89.6095;         4137   
      85;    90.4848;         4048   
      86;    91.3601;         3789   
      87;    92.2353;         3564   
      88;    93.1106;         3468   
      89;    93.9859;         3364   
      90;    94.8612;         3175   
      91;    95.7364;         3233   
      92;    96.6117;         3266   
      93;    97.4870;         3277   
      94;    98.3623;         3175   
      95;    99.2375;         3249   
      96;   100.1128;         3166   
      97;   100.9881;         3195   
      98;   101.8634;         3208   
      99;   102.7386;         3251   
     100;   103.6139;         3234   
     101;   104.4892;         3344   
     102;   105.3645;         3285   
     103;   106.2397;         3273   
     104;   107.1150;         3281   
     105;   107.9903;         3296   
     106;   108.8656;         3294   
     107;   109.7408;         3322   
     108;   110.6161;         3374   
     109;   111.4914;         3433   
     110;   112.3667;         3404   
     111;   113.2419;         3494   
     112;   114.1172;         3553   
     113;   114.9925;         3533   
     114;   115.8678;         3571   
     115;   116.7430;         3459   
     116;   117.6183;         3576   
     117;   118.4936;         3611   
     118;   119.3689;         3701   
     119;   120.2441;         3748   
     120;   121.1194;         3916   
     121;   121.9947;         4552   
     122;   122.8700;         8054   
     123;   123.7452;        39158   
     124;   124.6205;       114575   
     125;   125.4958;        85209   
     126;   126.3711;        18454   
     127;   127.2463;         4697   
     128;   128.1216;         3651   
     129;   128.9969;         3356   
     130;   129.8722;         3119   
     131;   130.7474;         2954   
     132;   131.6227;         2783   
     133;   132.4980;         2704   
     134;   133.3733;         2596   
     135;   134.2485;         2599   
     136;   135.1238;         2548   
     137;   135.9991;         2541   
     138;   136.8744;         2445   
     139;   137.7496;         2473   
     140;   138.6249;         2475   
     141;   139.5002;         2484   
     142;   140.3755;         2430   
     143;   141.2507;         2453   
     144;   142.1260;         2444   
     145;   143.0013;         2441   
     146;   143.8766;         2461   
     147;   144.7518;         2426   
     148;   145.6271;         2440   
     149;   146.5024;         2510   
     150;   147.3777;         2424   
     151;   148.2529;         2644   
     152;   149.1282;         2688   
     153;   150.0035;         2680   
     154;   150.8788;         2967   
     155;   151.7540;         2962   
     156;   152.6293;         2951   
     157;   153.5046;         2930   
     158;   154.3799;         3010   
     159;   155.2551;         2895   
     160;   156.1304;         2944   
     161;   157.0057;         2966   
     162;   157.8810;         2908   
     163;   158.7562;         2850   
     164;   159.6315;         2844   
     165;   160.5068;         2838   
     166;   161.3821;         2727   
     167;   162.2573;         2714   
     168;   163.1326;         2726   
     169;   164.0079;         2680   
     170;   164.8832;         2777   
     171;   165.7584;         2662   
     172;   166.6337;         2625   
     173;   167.5090;         2569   
     174;   168.3843;         2744   
     175;   169.2595;         2662   
     176;   170.1348;         2623   
     177;   171.0101;         2614   
     178;   171.8854;         2658   
     179;   172.7606;         2578   
     180;   173.6359;         2550   
     181;   174.5112;         2473   
     182;   175.3865;         2594   
     183;   176.2617;         2480   
     184;   177.1370;         2565   
     185;   178.0123;         2586   
     186;   178.8876;         2610   
     187;   179.7628;         2672   
     188;   180.6381;         2607   
     189;   181.5134;         2608   
     190;   182.3887;         2566   
     191;   183.2639;         2528   
     192;   184.1392;         2662   
     193;   185.0145;         2588   
     194;   185.8898;         2518   
     195;   186.7650;         2531   
     196;   187.6403;         2527   
     197;   188.5156;         2514   
     198;   189.3909;         2510   
     199;   190.2661;         2543   
     200;   191.1414;         2613   
     201;   192.0167;         2532   
     202;   192.8920;         2551   
     203;   193.7672;         2635   
     204;   194.6425;         2588   
     205;   195.5178;         2637   
     206;   196.3931;         2601   
     207;   197.2683;         2629   
     208;   198.1436;         2650   
     209;   199.0189;         2651   
     210;   199.8942;         2711   
     211;   200.7694;         2571   
     212;   201.6447;         2377   
     213;   202.5200;         2424   
     214;   203.3953;         2382   
     215;   204.2705;         2396   
     216;   205.1458;         2359   
     217;   206.0211;         2315   
     218;   206.8964;         2364   
     219;   207.7716;         2352   
     220;   208.6469;         2307   
     221;   209.5222;         2320   
     222;   210.3975;         2370   
     223;   211.2727;         2299   
     224;   212.1480;         2389   
     225;   213.0233;         2323   
     226;   213.8986;         2377   
     227;   214.7738;         2296   
     228;   215.6491;         2367   
     229;   216.5244;         2401   
     230;   217.3997;         2283   
     231;   218.2749;         2239   
     232;   219.1502;         2243   
     233;   220.0255;         2214   
     234;   220.9008;         2331   
     235;   221.7760;         2185   
     236;   222.6513;         2238   
     237;   223.5266;         2193   
     238;   224.4019;         2204   
     239;   225.2771;         2192   
     240;   226.1524;         2123   
     241;   227.0277;         2056   
     242;   227.9030;         2138   
     243;   228.7782;         2021   
     244;   229.6535;         2090   
     245;   230.5288;         1985   
     246;   231.4041;         1994   
     247;   232.2793;         1995   
     248;   233.1546;         1998   
     249;   234.0299;         1875   
     250;   234.9052;         1985   
     251;   235.7804;         1856   
     252;   236.6557;         1923   
     253;   237.5310;         1893   
     254;   238.4063;         1869   
     255;   239.2815;         1847   
     256;   240.1568;         1964   
     257;   241.0321;         1937   
     258;   241.9074;         1892   
     259;   242.7826;         1808   
     260;   243.6579;         1910   
     261;   244.5332;         1915   
     262;   245.4085;         1952   
     263;   246.2837;         2397   
     264;   247.1590;         5305   
     265;   248.0343;        17586   
     266;   248.9096;        22294   
     267;   249.7848;         8728   
     268;   250.6601;         2620   
     269;   251.5354;         2067   
     270;   252.4107;         1884   
     271;   253.2859;         1718   
     272;   254.1612;         1735   
     273;   255.0365;         1747   
     274;   255.9118;         1716   
     275;   256.7870;         1645   
     276;   257.6623;         1535   
     277;   258.5376;         1568   
     278;   259.4129;         1553   
     279;   260.2881;         1472   
     280;   261.1634;         1501   
     281;   262.0387;         1469   
     282;   262.9140;         1411   
     283;   263.7892;         1433   
     284;   264.6645;         1441   
     285;   265.5398;         1428   
     286;   266.4151;         1419   
     287;   267.2903;         1450   
     288;   268.1656;         1407   
     289;   269.0409;         1392   
     290;   269.9162;         1373   
     291;   270.7914;         1434   
     292;   271.6667;         1443   
     293;   272.5420;         1399   
     294;   273.4173;         1335   
     295;   274.2925;         1565   
     296;   275.1678;         1629   
     297;   276.0431;         1547   
     298;   276.9184;         1385   
     299;   277.7936;         1375   
     300;   278.6689;         1380   
     301;   279.5442;         1528   
     302;   280.4195;         1461   
     303;   281.2947;         1340   
     304;   282.1700;         1363   
     305;   283.0453;         1353   
     306;   283.9206;         1418   
     307;   284.7958;         1244   
     308;   285.6711;         1340   
     309;   286.5464;         1280   
     310;   287.4217;         1369   
     311;   288.2969;         1314   
     312;   289.1722;         1298   
     313;   290.0475;         1285   
     314;   290.9228;         1267   
     315;   291.7980;         1301   
     316;   292.6733;         1275   
     317;   293.5486;         1224   
     318;   294.4239;         1218   
     319;   295.2991;         1187   
     320;   296.1744;         1196   
     321;   297.0497;         1247   
     322;   297.9250;         1218   
     323;   298.8002;         1455   
     324;   299.6755;         1961   
     325;   300.5508;         2165   
     326;   301.4261;         1603   
     327;   302.3013;         1275   
     328;   303.1766;         1254   
     329;   304.0519;         1227   
     330;   304.9272;         1267   
     331;   305.8024;         1162   
     332;   306.6777;         1182   
     333;   307.5530;         1211   
     334;   308.4283;         1154   
     335;   309.3035;         1202   
     336;   310.1788;         1200   
     337;   311.0541;         1180   
     338;   311.9294;         1184   
     339;   312.8046;         1219   
     340;   313.6799;         1168   
     341;   314.5552;         1159   
     342;   315.4305;         1105   
     343;   316.3057;         1195   
     344;   317.1810;         1161   
     345;   318.0563;         1119   
     346;   318.9316;         1226   
     347;   319.8068;         1204   
     348;   320.6821;         1224   
     349;   321.5574;         1121   
     350;   322.4327;         1096   
     351;   323.3079;         1089   
     352;   324.1832;         1064   
     353;   325.0585;         1131   
     354;   325.9338;         1085   
     355;   326.8090;         1140   
     356;   327.6843;         1081   
     357;   328.5596;         1215   
     358;   329.4349;         1267   
     359;   330.3101;         1175   
     360;   331.1854;         1091   
     361;   332.0607;         1119   
     362;   332.9360;         1228   
     363;   333.8112;         1365   
     364;   334.6865;         1319   
     365;   335.5618;         1102   
     366;   336.4371;         1138   
     367;   337.3123;         1019   
     368;   338.1876;         1124   
     369;   339.0629;         1089   
     370;   339.9382;         1125   
     371;   340.8134;         1105   
     372;   341.6887;         1099   
     373;   342.5640;         1070   
     374;   343.4393;         1096   
     375;   344.3145;         1162   
     376;   345.1898;         1237   
     377;   346.0651;         1522   
     378;   346.9404;         3891   
     379;   347.8156;        20393   
     380;   348.6909;        54370   
     381;   349.5662;        42688   
     382;   350.4415;        10908   
     383;   351.3167;         2466   
     384;   352.1920;         1710   
     385;   353.0673;         1525   
     386;   353.9426;         1342   
     387;   354.8178;         1282   
     388;   355.6931;         1192   
     389;   356.5684;         1191   
     390;   357.4437;         1114   
     391;   358.3189;         1090   
     392;   359.1942;         1076   
     393;   360.0695;         1136   
     394;   360.9448;         1068   
     395;   361.8200;         1059   
     396;   362.6953;         1060   
     397;   363.5706;         1046   
     398;   364.4459;         1017   
     399;   365.3211;         1060   
     400;   366.1964;         1052   
     401;   367.0717;         1063   
     402;   367.9470;         1001   
     403;   368.8222;         1089   
     404;   369.6975;         1075   
     405;   370.5728;         1289   
     406;   371.4481;         1832   
     407;   372.3233;         2671   
     408;   373.1986;         2259   
     409;   374.0739;         1366   
     410;   374.9492;         1013   
     411;   375.8244;         1033   
     412;   376.6997;          980   
     413;   377.5750;          993   
     414;   378.4503;          980   
     415;   379.3255;          962   
     416;   380.2008;          970   
     417;   381.0761;          955   
     418;   381.9514;          919   
     419;   382.8266;          918   
     420;   383.7019;          976   
     421;   384.5772;          993   
     422;   385.4525;          919   
     423;   386.3277;          954   
     424;   387.2030;          921   
     425;   388.0783;          979   
     426;   388.9536;          930   
     427;   389.8288;          994   
     428;   390.7041;         1029   
     429;   391.5794;          975   
     430;   392.4547;          983   
     431;   393.3299;          954   
     432;   394.2052;          907   
     433;   395.0805;          896   
     434;   395.9558;          901   
     435;   396.8310;          907   
     436;   397.7063;          949   
     437;   398.5816;          954   
     438;   399.4569;          969   
     439;   400.3321;          904   
     440;   401.2074;          895   
     441;   402.0827;          905   
     442;   402.9580;          895   
     443;   403.8332;          868   
     444;   404.7085;          949   
     445;   405.5838;          865   
     446;   406.4591;          836   
     447;   407.3343;          905   
     448;   408.2096;          918   
     449;   409.0849;          859   
     450;   409.9602;          861   
     451;   410.8354;          895   
     452;   411.7107;          826   
     453;   412.5860;          900   
     454;   413.4613;          940   
     455;   414.3365;         1141   
     456;   415.2118;         2424   
     457;   416.0871;         4479   
     458;   416.9624;         3650   
     459;   417.8376;         1566   
     460;   418.7129;          994   
     461;   419.5882;          995   
     462;   420.4635;          992   
     463;   421.3387;         1046   
     464;   422.2140;          970   
     465;   423.0893;          930   
     466;   423.9646;          883   
     467;   424.8398;          852   
     468;   425.7151;          858   
     469;   426.5904;          865   
     470;   427.4657;          863   
     471;   428.3409;          893   
     472;   429.2162;          915   
     473;   430.0915;          901   
     474;   430.9668;          902   
     475;   431.8420;          882   
     476;   432.7173;          887   
     477;   433.5926;          854   
     478;   434.4679;          880   
     479;   435.3431;          835   
     480;   436.2184;          820   
     481;   437.0937;          815   
     482;   437.9690;          854   
     483;   438.8442;          832   
     484;   439.7195;          863   
     485;   440.5948;          930   
     486;   441.4701;          910   
     487;   442.3453;          803   
     488;   443.2206;          896   
     489;   444.0959;          885   
     490;   444.9712;          843   
     491;   445.8464;          861   
     492;   446.7217;         1009   
     493;   447.5970;         1372   
     494;   448.4723;         3598   
     495;   449.3475;         5819   
     496;   450.2228;         3737   
     497;   451.0981;         1470   
     498;   451.9734;          951   
     499;   452.8486;          935   
     500;   453.7239;          828   
     501;   454.5992;          894   
     502;   455.4745;          881   
     503;   456.3497;          890   
     504;   457.2250;          901   
     505;   458.1003;          873   
     506;   458.9756;          908   
     507;   459.8508;          850   
     508;   460.7261;          875   
     509;   461.6014;          886   
     510;   462.4767;          836   
     511;   463.3519;          890   
     512;   464.2272;          896   
     513;   465.1025;          850   
     514;   465.9778;          866   
     515;   466.8530;          891   
     516;   467.7283;          875   
     517;   468.6036;          930   
     518;   469.4789;          926   
     519;   470.3541;          986   
     520;   471.2294;         1020   
     521;   472.1047;          919   
     522;   472.9800;          817   
     523;   473.8552;          859   
     524;   474.7305;          781   
     525;   475.6058;          785   
     526;   476.4811;          781   
     527;   477.3563;          752   
     528;   478.2316;          797   
     529;   479.1069;          782   
     530;   479.9822;          813   
     531;   480.8574;          794   
     532;   481.7327;          793   
     533;   482.6080;          800   
     534;   483.4833;          856   
     535;   484.3585;          801   
     536;   485.2338;          810   
     537;   486.1091;          804   
     538;   486.9844;          763   
     539;   487.8596;          836   
     540;   488.7349;          847   
     541;   489.6102;          785   
     542;   490.4855;          816   
     543;   491.3607;          780   
     544;   492.2360;          805   
     545;   493.1113;          981   
     546;   493.9866;         1310   
     547;   494.8618;         1319   
     548;   495.7371;         1003   
     549;   496.6124;          888   
     550;   497.4877;          825   
     551;   498.3629;          816   
     552;   499.2382;          893   
     553;   500.1135;          814   
     554;   500.9888;          831   
     555;   501.8640;          827   
     556;   502.7393;          852   
     557;   503.6146;          773   
     558;   504.4899;          795   
     559;   505.3651;          801   
     560;   506.2404;          841   
     561;   507.1157;          796   
     562;   507.9910;          819   
     563;   508.8662;          978   
     564;   509.7415;          908   
     565;   510.6168;          877   
     566;   511.4921;          826   
     567;   512.3673;          810   
     568;   513.2426;          815   
     569;   514.1179;          781   
     570;   514.9932;          779   
     571;   515.8684;          853   
     572;   516.7437;          920   
     573;   517.6190;          888   
     574;   518.4943;          827   
     575;   519.3695;          806   
     576;   520.2448;          779   
     577;   521.1201;          816   
     578;   521.9954;          804   
     579;   522.8706;          773   
     580;   523.7459;          785   
     581;   524.6212;          792   
     582;   525.4965;          884   
     583;   526.3717;          854   
     584;   527.2470;          805   
     585;   528.1223;          795   
     586;   528.9976;          816   
     587;   529.8728;          847   
     588;   530.7481;          840   
     589;   531.6234;          816   
     590;   532.4987;          797   
     591;   533.3739;          881   
     592;   534.2492;          783   
     593;   535.1245;          825   
     594;   535.9998;          823   
     595;   536.8750;          829   
     596;   537.7503;          792   
     597;   538.6256;          768   
     598;   539.5009;          788   
     599;   540.3761;          797   
     600;   541.2514;          819   
     601;   542.1267;          820   
     602;   543.0020;          794   
     603;   543.8772;          858   
     604;   544.7525;          856   
     605;   545.6278;          810   
     606;   546.5031;          837   
     607;   547.3783;          818   
     608;   548.2536;          798   
     609;   549.1289;          823   
     610;   550.0042;          770   
     611;   550.8794;          783   
     612;   551.7547;          827   
     613;   552.6300;          873   
     614;   553.5053;          782   
     615;   554.3805;          834   
     616;   555.2558;          794   
     617;   556.1311;          801   
     618;   557.0064;          786   
     619;   557.8816;          822   
     620;   558.7569;          829   
     621;   559.6322;          798   
     622;   560.5075;          838   
     623;   561.3827;          805   
     624;   562.2580;          845   
     625;   563.1333;          780   
     626;   564.0086;          876   
     627;   564.8838;          814   
     628;   565.7591;          806   
     629;   566.6344;          826   
     630;   567.5097;          823   
     631;   568.3849;          897   
     632;   569.2602;         1142   
     633;   570.1355;         1399   
     634;   571.0108;         1302   
     635;   571.8860;         1118   
     636;   572.7613;         1029   
     637;   573.6366;          968   
     638;   574.5119;          809   
     639;   575.3871;          798   
     640;   576.2624;          823   
     641;   577.1377;          824   
     642;   578.0130;          798   
     643;   578.8882;          836   
     644;   579.7635;          796   
     645;   580.6388;          801   
     646;   581.5141;          861   
     647;   582.3893;          828   
     648;   583.2646;          836   
     649;   584.1399;          885   
     650;   585.0152;          814   
     651;   585.8904;          810   
     652;   586.7657;          873   
     653;   587.6410;          825   
     654;   588.5163;          918   
     655;   589.3915;          862   
     656;   590.2668;          851   
     657;   591.1421;          906   
     658;   592.0174;         1203   
     659;   592.8926;         1239   
     660;   593.7679;         1087   
     661;   594.6432;          841   
     662;   595.5185;          738   
     663;   596.3937;          741   
     664;   597.2690;          775   
     665;   598.1443;          756   
     666;   599.0196;          783   
     667;   599.8948;          733   
     668;   600.7701;          742   
     669;   601.6454;          745   
     670;   602.5207;          664   
     671;   603.3959;          767   
     672;   604.2712;          701   
     673;   605.1465;          751   
     674;   606.0218;          737   
     675;   606.8970;          762   
     676;   607.7723;          682   
     677;   608.6476;          729   
     678;   609.5229;          754   
     679;   610.3981;          744   
     680;   611.2734;          670   
     681;   612.1487;          735   
     682;   613.0240;          721   
     683;   613.8992;          766   
     684;   614.7745;          738   
     685;   615.6498;          755   
     686;   616.5251;          753   
     687;   617.4003;          758   
     688;   618.2756;          732   
     689;   619.1509;          727   
     690;   620.0262;          752   
     691;   620.9014;          727   
     692;   621.7767;          744   
     693;   622.6520;          715   
     694;   623.5273;          707   
     695;   624.4025;          716   
     696;   625.2778;          693   
     697;   626.1531;          718   
     698;   627.0284;          692   
     699;   627.9036;          696   
     700;   628.7789;          684   
     701;   629.6542;          709   
     702;   630.5295;          650   
     703;   631.4047;          710   
     704;   632.2800;          682   
     705;   633.1553;          700   
     706;   634.0306;          694   
     707;   634.9058;          672   
     708;   635.7811;          656   
     709;   636.6564;          668   
     710;   637.5317;          706   
     711;   638.4069;          676   
     712;   639.2822;          719   
     713;   640.1575;          739   
     714;   641.0328;          658   
     715;   641.9080;          715   
     716;   642.7833;          713   
     717;   643.6586;          694   
     718;   644.5339;          668   
     719;   645.4091;          686   
     720;   646.2844;          692   
     721;   647.1597;          682   
     722;   648.0350;          703   
     723;   648.9102;          671   
     724;   649.7855;          686   
     725;   650.6608;          660   
     726;   651.5361;          652   
     727;   652.4113;          671   
     728;   653.2866;          716   
     729;   654.1619;          730   
     730;   655.0372;          694   
     731;   655.9124;          677   
     732;   656.7877;          702   
     733;   657.6630;          697   
     734;   658.5383;          687   
     735;   659.4135;          718   
     736;   660.2888;          692   
     737;   661.1641;          628   
     738;   662.0394;          700   
     739;   662.9146;          831   
     740;   663.7899;          803   
     741;   664.6652;          735   
     742;   665.5405;          690   
     743;   666.4157;          704   
     744;   667.2910;          714   
     745;   668.1663;          684   
     746;   669.0416;          680   
     747;   669.9168;          689   
     748;   670.7921;          681   
     749;   671.6674;          705   
     750;   672.5427;          689   
     751;   673.4179;          656   
     752;   674.2932;          682   
     753;   675.1685;          686   
     754;   676.0438;          683   
     755;   676.9190;          707   
     756;   677.7943;          687   
     757;   678.6696;          726   
     758;   679.5449;          678   
     759;   680.4201;          769   
     760;   681.2954;          828   
     761;   682.1707;          849   
     762;   683.0460;          753   
     763;   683.9212;          711   
     764;   684.7965;          916   
     765;   685.6718;         1139   
     766;   686.5471;          926   
     767;   687.4223;          691   
     768;   688.2976;          685   
     769;   689.1729;          660   
     770;   690.0482;          697   
     771;   690.9234;          686   
     772;   691.7987;          695   
     773;   692.6740;          684   
     774;   693.5493;          716   
     775;   694.4245;         1006   
     776;   695.2998;         1398   
     777;   696.1751;         1460   
     778;   697.0504;         1010   
     779;   697.9256;          682   
     780;   698.8009;          678   
     781;   699.6762;          656   
     782;   700.5515;          690   
     783;   701.4267;          642   
     784;   702.3020;          689   
     785;   703.1773;          663   
     786;   704.0526;          658   
     787;   704.9278;          657   
     788;   705.8031;          680   
     789;   706.6784;          688   
     790;   707.5537;          662   
     791;   708.4289;          634   
     792;   709.3042;          677   
     793;   710.1795;          659   
     794;   711.0548;          680   
     795;   711.9300;          691   
     796;   712.8053;          660   
     797;   713.6806;          646   
     798;   714.5559;          673   
     799;   715.4311;          659   
     800;   716.3064;          626   
     801;   717.1817;          640   
     802;   718.0570;          686   
     803;   718.9322;          711   
     804;   719.8075;          773   
     805;   720.6828;          761   
     806;   721.5581;          677   
     807;   722.4333;          641   
     808;   723.3086;          681   
     809;   724.1839;          663   
     810;   725.0592;          745   
     811;   725.9344;          928   
     812;   726.8097;          964   
     813;   727.6850;          898   
     814;   728.5603;          720   
     815;   729.4355;          708   
     816;   730.3108;          812   
     817;   731.1861;          743   
     818;   732.0614;          696   
     819;   732.9366;          645   
     820;   733.8119;          703   
     821;   734.6872;          655   
     822;   735.5625;          666   
     823;   736.4377;          649   
     824;   737.3130;          739   
     825;   738.1883;          659   
     826;   739.0636;          652   
     827;   739.9388;          696   
     828;   740.8141;          647   
     829;   741.6894;          699   
     830;   742.5647;          644   
     831;   743.4399;          692   
     832;   744.3152;          741   
     833;   745.1905;          669   
     834;   746.0658;          681   
     835;   746.9410;          689   
     836;   747.8163;          702   
     837;   748.6916;          705   
     838;   749.5669;          707   
     839;   750.4421;          722   
     840;   751.3174;          676   
     841;   752.1927;          672   
     842;   753.0680;          689   
     843;   753.9432;          634   
     844;   754.8185;          694   
     845;   755.6938;          722   
     846;   756.5691;          677   
     847;   757.4443;          739   
     848;   758.3196;          693   
     849;   759.1949;          741   
     850;   760.0702;          735   
     851;   760.9454;          751   
     852;   761.8207;          732   
     853;   762.6960;          795   
     854;   763.5713;          749   
     855;   764.4465;          762   
     856;   765.3218;          690   
     857;   766.1971;          730   
     858;   767.0724;          640   
     859;   767.9476;          633   
     860;   768.8229;          662   
     861;   769.6982;          648   
     862;   770.5735;          701   
     863;   771.4487;          771   
     864;   772.3240;          776   
     865;   773.1993;          761   
     866;   774.0746;          649   
     867;   774.9498;          649   
     868;   775.8251;          723   
     869;   776.7004;          700   
     870;   777.5757;          680   
     871;   778.4509;          593   
     872;   779.3262;          649   
     873;   780.2015;          626   
     874;   781.0768;          666   
     875;   781.9520;          618   
     876;   782.8273;          597   
     877;   783.7026;          809   
     878;   784.5779;         1717   
     879;   785.4531;         5495   
     880;   786.3284;        11325   
     881;   787.2037;         9846   
     882;   788.0790;         3766   
     883;   788.9542;         1199   
     884;   789.8295;          759   
     885;   790.7048;          778   
     886;   791.5801;          718   
     887;   792.4553;          744   
     888;   793.3306;          634   
     889;   794.2059;          642   
     890;   795.0812;          645   
     891;   795.9564;          648   
     892;   796.8317;          666   
     893;   797.7070;          682   
     894;   798.5823;          625   
     895;   799.4575;          585   
     896;   800.3328;          664   
     897;   801.2081;          623   
     898;   802.0834;          690   
     899;   802.9586;          678   
     900;   803.8339;          628   
     901;   804.7092;          612   
     902;   805.5845;          576   
     903;   806.4597;          581   
     904;   807.3350;          622   
     905;   808.2103;          662   
     906;   809.0856;          626   
     907;   809.9608;          616   
     908;   810.8361;          627   
     909;   811.7114;          647   
     910;   812.5867;          646   
     911;   813.4619;          615   
     912;   814.3372;          640   
     913;   815.2125;          665   
     914;   816.0878;          609   
     915;   816.9631;          659   
     916;   817.8383;          798   
     917;   818.7136;          970   
     918;   819.5889;          735   
     919;   820.4642;          625   
     920;   821.3394;          602   
     921;   822.2147;          580   
     922;   823.0900;          579   
     923;   823.9653;          609   
     924;   824.8405;          582   
     925;   825.7158;          590   
     926;   826.5911;          616   
     927;   827.4664;          561   
     928;   828.3416;          549   
     929;   829.2169;          631   
     930;   830.0922;          617   
     931;   830.9675;          627   
     932;   831.8427;          647   
     933;   832.7180;          614   
     934;   833.5933;          645   
     935;   834.4686;          591   
     936;   835.3438;          600   
     937;   836.2191;          584   
     938;   837.0944;          599   
     939;   837.9697;          565   
     940;   838.8449;          628   
     941;   839.7202;          623   
     942;   840.5955;          622   
     943;   841.4708;          687   
     944;   842.3460;          591   
     945;   843.2213;          564   
     946;   844.0966;          641   
     947;   844.9719;          577   
     948;   845.8471;          637   
     949;   846.7224;          580   
     950;   847.5977;          635   
     951;   848.4730;          656   
     952;   849.3482;          757   
     953;   850.2235;          696   
     954;   851.0988;          711   
     955;   851.9741;          609   
     956;   852.8493;          618   
     957;   853.7246;          598   
     958;   854.5999;          571   
     959;   855.4752;          659   
     960;   856.3504;          636   
     961;   857.2257;          603   
     962;   858.1010;          658   
     963;   858.9763;          589   
     964;   859.8515;          655   
     965;   860.7268;          619   
     966;   861.6021;          599   
     967;   862.4774;          591   
     968;   863.3526;          595   
     969;   864.2279;          608   
     970;   865.1032;          653   
     971;   865.9785;          604   
     972;   866.8537;          614   
     973;   867.7290;          641   
     974;   868.6043;          601   
     975;   869.4796;          606   
     976;   870.3548;          657   
     977;   871.2301;          632   
     978;   872.1054;          624   
     979;   872.9807;          688   
     980;   873.8559;         1176   
     981;   874.7312;         2576   
     982;   875.6065;         3814   
     983;   876.4818;         2760   
     984;   877.3570;         1257   
     985;   878.2323;          764   
     986;   879.1076;          681   
     987;   879.9829;          652   
     988;   880.8581;          744   
     989;   881.7334;          682   
     990;   882.6087;          700   
     991;   883.4840;          632   
     992;   884.3592;          647   
     993;   885.2345;          619   
     994;   886.1098;          614   
     995;   886.9851;          621   
     996;   887.8603;          622   
     997;   888.7356;          610   
     998;   889.6109;          611   
     999;   890.4862;          637   
    1000;   891.3614;          588   
    1001;   892.2367;          602   
    1002;   893.1120;          606   
    1003;   893.9873;          617   
    1004;   894.8625;          587   
    1005;   895.7378;          596   
    1006;   896.6131;          620   
    1007;   897.4884;          590   
    1008;   898.3636;          554   
    1009;   899.2389;          582   
    1010;   900.1142;          582   
    1011;   900.9895;          569   
    1012;   901.8647;          629   
    1013;   902.7400;          552   
    1014;   903.6153;          597   
    1015;   904.4906;          614   
    1016;   905.3658;          614   
    1017;   906.2411;          664   
    1018;   907.1164;          597   
    1019;   907.9917;          624   
    1020;   908.8669;          669   
    1021;   909.7422;          632   
    1022;   910.6175;          581   
    1023;   911.4928;          573   
    1024;   912.3680;          533   
    1025;   913.2433;          525   
    1026;   914.1186;          481   
    1027;   914.9939;          550   
    1028;   915.8691;          481   
    1029;   916.7444;          469   
    1030;   917.6197;          478   
    1031;   918.4950;          486   
    1032;   919.3702;          483   
    1033;   920.2455;          491   
    1034;   921.1208;          467   
    1035;   921.9961;          479   
    1036;   922.8713;          476   
    1037;   923.7466;          485   
    1038;   924.6219;          446   
    1039;   925.4972;          486   
    1040;   926.3724;          568   
    1041;   927.2477;          713   
    1042;   928.1230;          781   
    1043;   928.9983;          600   
    1044;   929.8735;          497   
    1045;   930.7488;          494   
    1046;   931.6241;          455   
    1047;   932.4994;          435   
    1048;   933.3746;          498   
    1049;   934.2499;          580   
    1050;   935.1252;          659   
    1051;   936.0005;          540   
    1052;   936.8757;          497   
    1053;   937.7510;          477   
    1054;   938.6263;          514   
    1055;   939.5016;          528   
    1056;   940.3768;          416   
    1057;   941.2521;          446   
    1058;   942.1274;          447   
    1059;   943.0027;          451   
    1060;   943.8779;          462   
    1061;   944.7532;          430   
    1062;   945.6285;          418   
    1063;   946.5038;          449   
    1064;   947.3790;          435   
    1065;   948.2543;          440   
    1066;   949.1296;          422   
    1067;   950.0049;          412   
    1068;   950.8801;          400   
    1069;   951.7554;          426   
    1070;   952.6307;          425   
    1071;   953.5060;          389   
    1072;   954.3812;          404   
    1073;   955.2565;          450   
    1074;   956.1318;          427   
    1075;   957.0071;          408   
    1076;   957.8823;          414   
    1077;   958.7576;          405   
    1078;   959.6329;          451   
    1079;   960.5082;          375   
    1080;   961.3834;          431   
    1081;   962.2587;          404   
    1082;   963.1340;          452   
    1083;   964.0093;          397   
    1084;   964.8845;          415   
    1085;   965.7598;          407   
    1086;   966.6351;          451   
    1087;   967.5104;          419   
    1088;   968.3856;          430   
    1089;   969.2609;          466   
    1090;   970.1362;          727   
    1091;   971.0115;         1962   
    1092;   971.8867;         5915   
    1093;   972.7620;        10454   
    1094;   973.6373;         8188   
    1095;   974.5126;         3046   
    1096;   975.3878;          935   
    1097;   976.2631;          596   
    1098;   977.1384;          545   
    1099;   978.0137;          525   
    1100;   978.8889;          513   
    1101;   979.7642;          461   
    1102;   980.6395;          414   
    1103;   981.5148;          400   
    1104;   982.3900;          451   
    1105;   983.2653;          416   
    1106;   984.1406;          401   
    1107;   985.0159;          387   
    1108;   985.8911;          350   
    1109;   986.7664;          411   
    1110;   987.6417;          424   
    1111;   988.5170;          371   
    1112;   989.3922;          395   
    1113;   990.2675;          398   
    1114;   991.1428;          395   
    1115;   992.0181;          389   
    1116;   992.8933;          376   
    1117;   993.7686;          399   
    1118;   994.6439;          415   
    1119;   995.5192;          373   
    1120;   996.3944;          390   
    1121;   997.2697;          427   
    1122;   998.1450;          440   
    1123;   999.0203;          453   
    1124;   999.8955;          394   
    1125;  1000.7708;          378   
    1126;  1001.6461;          361   
    1127;  1002.5214;          359   
    1128;  1003.3966;          389   
    1129;  1004.2719;          402   
    1130;  1005.1472;          408   
    1131;  1006.0225;          371   
    1132;  1006.8977;          364   
    1133;  1007.7730;          341   
    1134;  1008.6483;          352   
    1135;  1009.5236;          327   
    1136;  1010.3988;          346   
    1137;  1011.2741;          366   
    1138;  1012.1494;          403   
    1139;  1013.0247;          570   
    1140;  1013.8999;          810   
    1141;  1014.7752;          730   
    1142;  1015.6505;          547   
    1143;  1016.5258;          372   
    1144;  1017.4010;          377   
    1145;  1018.2763;          348   
    1146;  1019.1516;          367   
    1147;  1020.0269;          333   
    1148;  1020.9021;          301   
    1149;  1021.7774;          350   
    1150;  1022.6527;          337   
    1151;  1023.5280;          320   
    1152;  1024.4032;          295   
    1153;  1025.2785;          324   
    1154;  1026.1538;          359   
    1155;  1027.0291;          367   
    1156;  1027.9043;          314   
    1157;  1028.7796;          348   
    1158;  1029.6549;          311   
    1159;  1030.5302;          345   
    1160;  1031.4054;          354   
    1161;  1032.2807;          349   
    1162;  1033.1560;          325   
    1163;  1034.0313;          325   
    1164;  1034.9065;          306   
    1165;  1035.7818;          325   
    1166;  1036.6571;          348   
    1167;  1037.5324;          329   
    1168;  1038.4076;          293   
    1169;  1039.2829;          309   
    1170;  1040.1582;          329   
    1171;  1041.0335;          329   
    1172;  1041.9087;          324   
    1173;  1042.7840;          316   
    1174;  1043.6593;          344   
    1175;  1044.5346;          286   
    1176;  1045.4098;          329   
    1177;  1046.2851;          324   
    1178;  1047.1604;          277   
    1179;  1048.0357;          303   
    1180;  1048.9109;          327   
    1181;  1049.7862;          335   
    1182;  1050.6615;          302   
    1183;  1051.5368;          327   
    1184;  1052.4120;          289   
    1185;  1053.2873;          300   
    1186;  1054.1626;          313   
    1187;  1055.0379;          286   
    1188;  1055.9131;          310   
    1189;  1056.7884;          332   
    1190;  1057.6637;          295   
    1191;  1058.5390;          317   
    1192;  1059.4142;          363   
    1193;  1060.2895;          318   
    1194;  1061.1648;          327   
    1195;  1062.0401;          349   
    1196;  1062.9153;          350   
    1197;  1063.7906;          342   
    1198;  1064.6659;          315   
    1199;  1065.5412;          335   
    1200;  1066.4164;          296   
    1201;  1067.2917;          289   
    1202;  1068.1670;          320   
    1203;  1069.0423;          330   
    1204;  1069.9175;          336   
    1205;  1070.7928;          326   
    1206;  1071.6681;          312   
    1207;  1072.5434;          300   
    1208;  1073.4186;          328   
    1209;  1074.2939;          308   
    1210;  1075.1692;          326   
    1211;  1076.0445;          331   
    1212;  1076.9197;          337   
    1213;  1077.7950;          298   
    1214;  1078.6703;          304   
    1215;  1079.5456;          298   
    1216;  1080.4208;          333   
    1217;  1081.2961;          319   
    1218;  1082.1714;          324   
    1219;  1083.0467;          321   
    1220;  1083.9219;          321   
    1221;  1084.7972;          308   
    1222;  1085.6725;          331   
    1223;  1086.5478;          352   
    1224;  1087.4230;          325   
    1225;  1088.2983;          315   
    1226;  1089.1736;          303   
    1227;  1090.0489;          334   
    1228;  1090.9241;          333   
    1229;  1091.7994;          338   
    1230;  1092.6747;          527   
    1231;  1093.5500;         1481   
    1232;  1094.4252;         4260   
    1233;  1095.3005;         6715   
    1234;  1096.1758;         5384   
    1235;  1097.0511;         2068   
    1236;  1097.9263;         1061   
    1237;  1098.8016;         1384   
    1238;  1099.6769;         1438   
    1239;  1100.5522;          848   
    1240;  1101.4274;          527   
    1241;  1102.3027;          363   
    1242;  1103.1780;          361   
    1243;  1104.0533;          356   
    1244;  1104.9285;          322   
    1245;  1105.8038;          320   
    1246;  1106.6791;          377   
    1247;  1107.5544;          346   
    1248;  1108.4296;          313   
    1249;  1109.3049;          325   
    1250;  1110.1802;          352   
    1251;  1111.0555;          334   
    1252;  1111.9307;          312   
    1253;  1112.8060;          312   
    1254;  1113.6813;          351   
    1255;  1114.5566;          327   
    1256;  1115.4318;          309   
    1257;  1116.3071;          326   
    1258;  1117.1824;          397   
    1259;  1118.0577;          464   
    1260;  1118.9329;          689   
    1261;  1119.8082;         1513   
    1262;  1120.6835;         4559   
    1263;  1121.5588;         8216   
    1264;  1122.4340;         7170   
    1265;  1123.3093;         2974   
    1266;  1124.1846;          985   
    1267;  1125.0599;          539   
    1268;  1125.9351;          482   
    1269;  1126.8104;          426   
    1270;  1127.6857;          437   
    1271;  1128.5610;          373   
    1272;  1129.4362;          355   
    1273;  1130.3115;          395   
    1274;  1131.1868;          391   
    1275;  1132.0621;          424   
    1276;  1132.9373;          514   
    1277;  1133.8126;          423   
    1278;  1134.6879;          395   
    1279;  1135.5632;          360   
    1280;  1136.4384;          371   
    1281;  1137.3137;          370   
    1282;  1138.1890;          347   
    1283;  1139.0643;          378   
    1284;  1139.9395;          326   
    1285;  1140.8148;          339   
    1286;  1141.6901;          371   
    1287;  1142.5654;          308   
    1288;  1143.4406;          348   
    1289;  1144.3159;          346   
    1290;  1145.1912;          325   
    1291;  1146.0665;          355   
    1292;  1146.9417;          354   
    1293;  1147.8170;          321   
    1294;  1148.6923;          343   
    1295;  1149.5676;          343   
    1296;  1150.4428;          299   
    1297;  1151.3181;          322   
    1298;  1152.1934;          333   
    1299;  1153.0687;          341   
    1300;  1153.9439;          302   
    1301;  1154.8192;          341   
    1302;  1155.6945;          329   
    1303;  1156.5698;          356   
    1304;  1157.4450;          340   
    1305;  1158.3203;          394   
    1306;  1159.1956;          336   
    1307;  1160.0709;          363   
    1308;  1160.9461;          341   
    1309;  1161.8214;          349   
    1310;  1162.6967;          337   
    1311;  1163.5720;          342   
    1312;  1164.4472;          373   
    1313;  1165.3225;          344   
    1314;  1166.1978;          384   
    1315;  1167.0731;          357   
    1316;  1167.9483;          346   
    1317;  1168.8236;          344   
    1318;  1169.6989;          345   
    1319;  1170.5742;          352   
    1320;  1171.4494;          364   
    1321;  1172.3247;          361   
    1322;  1173.2000;          373   
    1323;  1174.0753;          353   
    1324;  1174.9505;          380   
    1325;  1175.8258;          365   
    1326;  1176.7011;          332   
    1327;  1177.5764;          371   
    1328;  1178.4516;          355   
    1329;  1179.3269;          386   
    1330;  1180.2022;          386   
    1331;  1181.0775;          362   
    1332;  1181.9527;          359   
    1333;  1182.8280;          361   
    1334;  1183.7033;          358   
    1335;  1184.5786;          357   
    1336;  1185.4538;          341   
    1337;  1186.3291;          357   
    1338;  1187.2044;          353   
    1339;  1188.0797;          377   
    1340;  1188.9549;          357   
    1341;  1189.8302;          359   
    1342;  1190.7055;          327   
    1343;  1191.5808;          414   
    1344;  1192.4560;          394   
    1345;  1193.3313;          403   
    1346;  1194.2066;          354   
    1347;  1195.0819;          360   
    1348;  1195.9571;          357   
    1349;  1196.8324;          345   
    1350;  1197.7077;          375   
    1351;  1198.5830;          337   
    1352;  1199.4582;          332   
    1353;  1200.3335;          305   
    1354;  1201.2088;          303   
    1355;  1202.0841;          328   
    1356;  1202.9593;          308   
    1357;  1203.8346;          288   
    1358;  1204.7099;          293   
    1359;  1205.5852;          285   
    1360;  1206.4604;          287   
    1361;  1207.3357;          315   
    1362;  1208.2110;          277   
    1363;  1209.0863;          303   
    1364;  1209.9615;          277   
    1365;  1210.8368;          284   
    1366;  1211.7121;          281   
    1367;  1212.5874;          288   
    1368;  1213.4626;          257   
    1369;  1214.3379;          261   
    1370;  1215.2132;          236   
    1371;  1216.0885;          278   
    1372;  1216.9637;          318   
    1373;  1217.8390;          254   
    1374;  1218.7143;          281   
    1375;  1219.5896;          255   
    1376;  1220.4648;          310   
    1377;  1221.3401;          408   
    1378;  1222.2154;          716   
    1379;  1223.0907;          937   
    1380;  1223.9659;          850   
    1381;  1224.8412;          469   
    1382;  1225.7165;          316   
    1383;  1226.5918;          284   
    1384;  1227.4670;          268   
    1385;  1228.3423;          256   
    1386;  1229.2176;          273   
    1387;  1230.0929;          250   
    1388;  1230.9681;          250   
    1389;  1231.8434;          246   
    1390;  1232.7187;          246   
    1391;  1233.5940;          229   
    1392;  1234.4692;          238   
    1393;  1235.3445;          222   
    1394;  1236.2198;          266   
    1395;  1237.0951;          252   
    1396;  1237.9703;          249   
    1397;  1238.8456;          212   
    1398;  1239.7209;          218   
    1399;  1240.5962;          217   
    1400;  1241.4714;          219   
    1401;  1242.3467;          261   
    1402;  1243.2220;          278   
    1403;  1244.0973;          316   
    1404;  1244.9725;          286   
    1405;  1245.8478;          260   
    1406;  1246.7231;          222   
    1407;  1247.5984;          250   
    1408;  1248.4736;          213   
    1409;  1249.3489;          227   
    1410;  1250.2242;          223   
    1411;  1251.0995;          204   
    1412;  1251.9747;          190   
    1413;  1252.8500;          209   
    1414;  1253.7253;          195   
    1415;  1254.6006;          205   
    1416;  1255.4758;          209   
    1417;  1256.3511;          233   
    1418;  1257.2264;          213   
    1419;  1258.1017;          185   
    1420;  1258.9769;          237   
    1421;  1259.8522;          285   
    1422;  1260.7275;          293   
    1423;  1261.6028;          246   
    1424;  1262.4780;          211   
    1425;  1263.3533;          175   
    1426;  1264.2286;          204   
    1427;  1265.1039;          180   
    1428;  1265.9791;          175   
    1429;  1266.8544;          175   
    1430;  1267.7297;          192   
    1431;  1268.6050;          188   
    1432;  1269.4802;          179   
    1433;  1270.3555;          188   
    1434;  1271.2308;          175   
    1435;  1272.1061;          215   
    1436;  1272.9813;          232   
    1437;  1273.8566;          169   
    1438;  1274.7319;          164   
    1439;  1275.6072;          148   
    1440;  1276.4824;          190   
    1441;  1277.3577;          171   
    1442;  1278.2330;          150   
    1443;  1279.1083;          149   
    1444;  1279.9835;          149   
    1445;  1280.8588;          146   
    1446;  1281.7341;          170   
    1447;  1282.6094;          172   
    1448;  1283.4846;          201   
    1449;  1284.3599;          234   
    1450;  1285.2352;          313   
    1451;  1286.1105;          221   
    1452;  1286.9857;          162   
    1453;  1287.8610;          150   
    1454;  1288.7363;          158   
    1455;  1289.6116;          161   
    1456;  1290.4868;          149   
    1457;  1291.3621;          145   
    1458;  1292.2374;          144   
    1459;  1293.1127;          161   
    1460;  1293.9879;          146   
    1461;  1294.8632;          167   
    1462;  1295.7385;          151   
    1463;  1296.6138;          152   
    1464;  1297.4890;          141   
    1465;  1298.3643;          142   
    1466;  1299.2396;          146   
    1467;  1300.1149;          142   
    1468;  1300.9901;          140   
    1469;  1301.8654;          141   
    1470;  1302.7407;          158   
    1471;  1303.6160;          189   
    1472;  1304.4912;          148   
    1473;  1305.3665;          131   
    1474;  1306.2418;          155   
    1475;  1307.1171;          184   
    1476;  1307.9923;          275   
    1477;  1308.8676;          621   
    1478;  1309.7429;          927   
    1479;  1310.6182;          743   
    1480;  1311.4934;          406   
    1481;  1312.3687;          208   
    1482;  1313.2440;          161   
    1483;  1314.1193;          133   
    1484;  1314.9945;          137   
    1485;  1315.8698;          144   
    1486;  1316.7451;          137   
    1487;  1317.6204;          133   
    1488;  1318.4956;          132   
    1489;  1319.3709;          134   
    1490;  1320.2462;          135   
    1491;  1321.1215;          106   
    1492;  1321.9967;          118   
    1493;  1322.8720;          110   
    1494;  1323.7473;          117   
    1495;  1324.6226;          134   
    1496;  1325.4978;          119   
    1497;  1326.3731;          114   
    1498;  1327.2484;          129   
    1499;  1328.1237;          108   
    1500;  1328.9989;           94   
    1501;  1329.8742;          105   
    1502;  1330.7495;          128   
    1503;  1331.6248;          105   
    1504;  1332.5000;           99   
    1505;  1333.3753;          107   
    1506;  1334.2506;          101   
    1507;  1335.1259;           99   
    1508;  1336.0011;           93   
    1509;  1336.8764;           97   
    1510;  1337.7517;          101   
    1511;  1338.6270;           87   
    1512;  1339.5022;          112   
    1513;  1340.3775;           89   
    1514;  1341.2528;          114   
    1515;  1342.1281;          105   
    1516;  1343.0033;          104   
    1517;  1343.8786;           88   
    1518;  1344.7539;           96   
    1519;  1345.6292;          119   
    1520;  1346.5044;           98   
    1521;  1347.3797;           86   
    1522;  1348.2550;           97   
    1523;  1349.1303;           96   
    1524;  1350.0055;          102   
    1525;  1350.8808;           92   
    1526;  1351.7561;           84   
    1527;  1352.6314;          113   
    1528;  1353.5066;          101   
    1529;  1354.3819;           94   
    1530;  1355.2572;          109   
    1531;  1356.1325;           86   
    1532;  1357.0077;           85   
    1533;  1357.8830;           76   
    1534;  1358.7583;          108   
    1535;  1359.6336;           93   
    1536;  1360.5088;          101   
    1537;  1361.3841;           84   
    1538;  1362.2594;           84   
    1539;  1363.1347;          102   
    1540;  1364.0099;           77   
    1541;  1364.8852;           75   
    1542;  1365.7605;           89   
    1543;  1366.6358;           95   
    1544;  1367.5110;           87   
    1545;  1368.3863;           95   
    1546;  1369.2616;           99   
    1547;  1370.1369;           96   
    1548;  1371.0121;           75   
    1549;  1371.8874;           76   
    1550;  1372.7627;           85   
    1551;  1373.6380;           72   
    1552;  1374.5132;           95   
    1553;  1375.3885;           81   
    1554;  1376.2638;           79   
    1555;  1377.1391;           76   
    1556;  1378.0143;           94   
    1557;  1378.8896;           65   
    1558;  1379.7649;           82   
    1559;  1380.6402;           69   
    1560;  1381.5154;           73   
    1561;  1382.3907;           84   
    1562;  1383.2660;           70   
    1563;  1384.1413;           72   
    1564;  1385.0165;           76   
    1565;  1385.8918;           70   
    1566;  1386.7671;           71   
    1567;  1387.6424;           98   
    1568;  1388.5176;           63   
    1569;  1389.3929;           74   
    1570;  1390.2682;           84   
    1571;  1391.1435;           67   
    1572;  1392.0187;           67   
    1573;  1392.8940;           63   
    1574;  1393.7693;           90   
    1575;  1394.6446;           79   
    1576;  1395.5198;           71   
    1577;  1396.3951;           82   
    1578;  1397.2704;           72   
    1579;  1398.1457;           77   
    1580;  1399.0209;           65   
    1581;  1399.8962;           89   
    1582;  1400.7715;           68   
    1583;  1401.6468;           67   
    1584;  1402.5220;           89   
    1585;  1403.3973;           69   
    1586;  1404.2726;           79   
    1587;  1405.1479;           78   
    1588;  1406.0231;           56   
    1589;  1406.8984;           78   
    1590;  1407.7737;           69   
    1591;  1408.6490;           70   
    1592;  1409.5242;           56   
    1593;  1410.3995;           80   
    1594;  1411.2748;           64   
    1595;  1412.1501;           86   
    1596;  1413.0253;           85   
    1597;  1413.9006;           82   
    1598;  1414.7759;           98   
    1599;  1415.6512;          195   
    1600;  1416.5264;          570   
    1601;  1417.4017;         1966   
    1602;  1418.2770;         5517   
    1603;  1419.1523;         9099   
    1604;  1420.0275;         7989   
    1605;  1420.9028;         3775   
    1606;  1421.7781;         1093   
    1607;  1422.6534;          422   
    1608;  1423.5286;          268   
    1609;  1424.4039;          216   
    1610;  1425.2792;          179   
    1611;  1426.1545;          153   
    1612;  1427.0297;          153   
    1613;  1427.9050;          134   
    1614;  1428.7803;          122   
    1615;  1429.6556;          132   
    1616;  1430.5308;          103   
    1617;  1431.4061;          118   
    1618;  1432.2814;           98   
    1619;  1433.1567;          101   
    1620;  1434.0319;          111   
    1621;  1434.9072;          111   
    1622;  1435.7825;          100   
    1623;  1436.6578;          103   
    1624;  1437.5330;          107   
    1625;  1438.4083;          102   
    1626;  1439.2836;           87   
    1627;  1440.1589;          115   
    1628;  1441.0341;           99   
    1629;  1441.9094;          103   
    1630;  1442.7847;          105   
    1631;  1443.6600;           86   
    1632;  1444.5352;          118   
    1633;  1445.4105;          105   
    1634;  1446.2858;           97   
    1635;  1447.1611;          117   
    1636;  1448.0363;           91   
    1637;  1448.9116;           83   
    1638;  1449.7869;           77   
    1639;  1450.6622;          101   
    1640;  1451.5374;           88   
    1641;  1452.4127;           83   
    1642;  1453.2880;           71   
    1643;  1454.1633;          105   
    1644;  1455.0385;           94   
    1645;  1455.9138;           92   
    1646;  1456.7891;           75   
    1647;  1457.6644;           78   
    1648;  1458.5396;           79   
    1649;  1459.4149;           98   
    1650;  1460.2902;           85   
    1651;  1461.1655;           64   
    1652;  1462.0407;           73   
    1653;  1462.9160;           77   
    1654;  1463.7913;           81   
    1655;  1464.6666;           83   
    1656;  1465.5418;           88   
    1657;  1466.4171;           87   
    1658;  1467.2924;          124   
    1659;  1468.1677;          202   
    1660;  1469.0429;          300   
    1661;  1469.9182;          268   
    1662;  1470.7935;          208   
    1663;  1471.6688;          209   
    1664;  1472.5440;          236   
    1665;  1473.4193;          191   
    1666;  1474.2946;          111   
    1667;  1475.1699;           73   
    1668;  1476.0451;           81   
    1669;  1476.9204;           64   
    1670;  1477.7957;           82   
    1671;  1478.6710;           68   
    1672;  1479.5462;           82   
    1673;  1480.4215;           83   
    1674;  1481.2968;           67   
    1675;  1482.1721;           64   
    1676;  1483.0473;           58   
    1677;  1483.9226;           65   
    1678;  1484.7979;           71   
    1679;  1485.6732;           72   
    1680;  1486.5484;           69   
    1681;  1487.4237;           54   
    1682;  1488.2990;           58   
    1683;  1489.1743;           62   
    1684;  1490.0495;           75   
    1685;  1490.9248;           71   
    1686;  1491.8001;           72   
    1687;  1492.6754;           78   
    1688;  1493.5506;           65   
    1689;  1494.4259;           67   
    1690;  1495.3012;           72   
    1691;  1496.1765;           61   
    1692;  1497.0517;           77   
    1693;  1497.9270;           74   
    1694;  1498.8023;           73   
    1695;  1499.6776;           62   
    1696;  1500.5528;           70   
    1697;  1501.4281;           61   
    1698;  1502.3034;           78   
    1699;  1503.1787;           73   
    1700;  1504.0539;           72   
    1701;  1504.9292;           64   
    1702;  1505.8045;           65   
    1703;  1506.6798;           80   
    1704;  1507.5550;           68   
    1705;  1508.4303;           66   
    1706;  1509.3056;           71   
    1707;  1510.1809;           76   
    1708;  1511.0561;           76   
    1709;  1511.9314;           79   
    1710;  1512.8067;           55   
    1711;  1513.6820;           72   
    1712;  1514.5572;           66   
    1713;  1515.4325;           61   
    1714;  1516.3078;           64   
    1715;  1517.1831;           61   
    1716;  1518.0583;           71   
    1717;  1518.9336;           70   
    1718;  1519.8089;           60   
    1719;  1520.6842;           61   
    1720;  1521.5594;           68   
    1721;  1522.4347;           67   
    1722;  1523.3100;           55   
    1723;  1524.1853;           72   
    1724;  1525.0605;           54   
    1725;  1525.9358;           58   
    1726;  1526.8111;           72   
    1727;  1527.6864;           84   
    1728;  1528.5616;           55   
    1729;  1529.4369;           63   
    1730;  1530.3122;           68   
    1731;  1531.1875;           74   
    1732;  1532.0627;           63   
    1733;  1532.9380;           62   
    1734;  1533.8133;           61   
    1735;  1534.6886;           78   
    1736;  1535.5638;           63   
    1737;  1536.4391;           71   
    1738;  1537.3144;           82   
    1739;  1538.1897;          101   
    1740;  1539.0649;          190   
    1741;  1539.9402;          237   
    1742;  1540.8155;          246   
    1743;  1541.6908;          239   
    1744;  1542.5660;          197   
    1745;  1543.4413;          105   
    1746;  1544.3166;           69   
    1747;  1545.1919;           56   
    1748;  1546.0671;           46   
    1749;  1546.9424;           50   
    1750;  1547.8177;           56   
    1751;  1548.6930;           40   
    1752;  1549.5682;           50   
    1753;  1550.4435;           54   
    1754;  1551.3188;           40   
    1755;  1552.1941;           58   
    1756;  1553.0693;           49   
    1757;  1553.9446;           53   
    1758;  1554.8199;           48   
    1759;  1555.6952;           52   
    1760;  1556.5704;           45   
    1761;  1557.4457;           43   
    1762;  1558.3210;           53   
    1763;  1559.1963;           49   
    1764;  1560.0715;           46   
    1765;  1560.9468;           46   
    1766;  1561.8221;           50   
    1767;  1562.6974;           42   
    1768;  1563.5726;           46   
    1769;  1564.4479;           43   
    1770;  1565.3232;           46   
    1771;  1566.1985;           49   
    1772;  1567.0737;           38   
    1773;  1567.9490;           56   
    1774;  1568.8243;           56   
    1775;  1569.6996;           56   
    1776;  1570.5748;           49   
    1777;  1571.4501;           37   
    1778;  1572.3254;           34   
    1779;  1573.2007;           52   
    1780;  1574.0759;           50   
    1781;  1574.9512;           44   
    1782;  1575.8265;           38   
    1783;  1576.7018;           59   
    1784;  1577.5770;           44   
    1785;  1578.4523;           49   
    1786;  1579.3276;           29   
    1787;  1580.2029;           36   
    1788;  1581.0781;           37   
    1789;  1581.9534;           50   
    1790;  1582.8287;           53   
    1791;  1583.7040;           47   
    1792;  1584.5792;           49   
    1793;  1585.4545;           42   
    1794;  1586.3298;           51   
    1795;  1587.2051;           41   
    1796;  1588.0803;           40   
    1797;  1588.9556;           38   
    1798;  1589.8309;           39   
    1799;  1590.7062;           44   
    1800;  1591.5814;           36   
    1801;  1592.4567;           47   
    1802;  1593.3320;           44   
    1803;  1594.2073;           41   
    1804;  1595.0825;           35   
    1805;  1595.9578;           48   
    1806;  1596.8331;           40   
    1807;  1597.7084;           42   
    1808;  1598.5836;           35   
    1809;  1599.4589;           35   
    1810;  1600.3342;           34   
    1811;  1601.2095;           39   
    1812;  1602.0847;           54   
    1813;  1602.9600;           46   
    1814;  1603.8353;           39   
    1815;  1604.7106;           47   
    1816;  1605.5858;           44   
    1817;  1606.4611;           45   
    1818;  1607.3364;           39   
    1819;  1608.2117;           37   
    1820;  1609.0869;           50   
    1821;  1609.9622;           30   
    1822;  1610.8375;           32   
    1823;  1611.7128;           32   
    1824;  1612.5880;           37   
    1825;  1613.4633;           22   
    1826;  1614.3386;           30   
    1827;  1615.2139;           34   
    1828;  1616.0891;           35   
    1829;  1616.9644;           30   
    1830;  1617.8397;           46   
    1831;  1618.7150;           22   
    1832;  1619.5902;           44   
    1833;  1620.4655;           34   
    1834;  1621.3408;           41   
    1835;  1622.2161;           36   
    1836;  1623.0913;           29   
    1837;  1623.9666;           45   
    1838;  1624.8419;           33   
    1839;  1625.7172;           23   
    1840;  1626.5924;           32   
    1841;  1627.4677;           38   
    1842;  1628.3430;           45   
    1843;  1629.2183;           41   
    1844;  1630.0935;           38   
    1845;  1630.9688;           37   
    1846;  1631.8441;           39   
    1847;  1632.7194;           32   
    1848;  1633.5946;           39   
    1849;  1634.4699;           39   
    1850;  1635.3452;           31   
    1851;  1636.2205;           36   
    1852;  1637.0957;           32   
    1853;  1637.9710;           35   
    1854;  1638.8463;           26   
    1855;  1639.7216;           19   
    1856;  1640.5968;           37   
    1857;  1641.4721;           44   
    1858;  1642.3474;           33   
    1859;  1643.2227;           28   
    1860;  1644.0979;           40   
    1861;  1644.9732;           48   
    1862;  1645.8485;           38   
    1863;  1646.7238;           32   
    1864;  1647.5990;           36   
    1865;  1648.4743;           34   
    1866;  1649.3496;           30   
    1867;  1650.2249;           36   
    1868;  1651.1001;           35   
    1869;  1651.9754;           38   
    1870;  1652.8507;           36   
    1871;  1653.7260;           49   
    1872;  1654.6012;           43   
    1873;  1655.4765;           50   
    1874;  1656.3518;           41   
    1875;  1657.2271;           44   
    1876;  1658.1023;           30   
    1877;  1658.9776;           33   
    1878;  1659.8529;           34   
    1879;  1660.7282;           29   
    1880;  1661.6034;           50   
    1881;  1662.4787;           39   
    1882;  1663.3540;           37   
    1883;  1664.2293;           39   
    1884;  1665.1045;           30   
    1885;  1665.9798;           34   
    1886;  1666.8551;           38   
    1887;  1667.7304;           26   
    1888;  1668.6056;           32   
    1889;  1669.4809;           23   
    1890;  1670.3562;           36   
    1891;  1671.2315;           29   
    1892;  1672.1067;           33   
    1893;  1672.9820;           27   
    1894;  1673.8573;           24   
    1895;  1674.7326;           34   
    1896;  1675.6078;           26   
    1897;  1676.4831;           28   
    1898;  1677.3584;           21   
    1899;  1678.2337;           36   
    1900;  1679.1089;           21   
    1901;  1679.9842;           32   
    1902;  1680.8595;           26   
    1903;  1681.7348;           21   
    1904;  1682.6100;           26   
    1905;  1683.4853;           39   
    1906;  1684.3606;           33   
    1907;  1685.2359;           31   
    1908;  1686.1111;           33   
    1909;  1686.9864;           26   
    1910;  1687.8617;           33   
    1911;  1688.7370;           36   
    1912;  1689.6122;           34   
    1913;  1690.4875;           37   
    1914;  1691.3628;           25   
    1915;  1692.2381;           26   
    1916;  1693.1133;           24   
    1917;  1693.9886;           21   
    1918;  1694.8639;           23   
    1919;  1695.7392;           34   
    1920;  1696.6144;           30   
    1921;  1697.4897;           22   
    1922;  1698.3650;           27   
    1923;  1699.2403;           23   
    1924;  1700.1155;           26   
    1925;  1700.9908;           32   
    1926;  1701.8661;           18   
    1927;  1702.7414;           26   
    1928;  1703.6166;           29   
    1929;  1704.4919;           32   
    1930;  1705.3672;           23   
    1931;  1706.2425;           46   
    1932;  1707.1177;           29   
    1933;  1707.9930;           24   
    1934;  1708.8683;           23   
    1935;  1709.7436;           28   
    1936;  1710.6188;           23   
    1937;  1711.4941;           29   
    1938;  1712.3694;           32   
    1939;  1713.2447;           24   
    1940;  1714.1199;           22   
    1941;  1714.9952;           25   
    1942;  1715.8705;           20   
    1943;  1716.7458;           30   
    1944;  1717.6210;           25   
    1945;  1718.4963;           21   
    1946;  1719.3716;           20   
    1947;  1720.2469;           34   
    1948;  1721.1221;           23   
    1949;  1721.9974;           21   
    1950;  1722.8727;           35   
    1951;  1723.7480;           32   
    1952;  1724.6232;           15   
    1953;  1725.4985;           24   
    1954;  1726.3738;           23   
    1955;  1727.2491;           27   
    1956;  1728.1243;           29   
    1957;  1728.9996;           22   
    1958;  1729.8749;           18   
    1959;  1730.7502;           29   
    1960;  1731.6254;           19   
    1961;  1732.5007;           27   
    1962;  1733.3760;           29   
    1963;  1734.2513;           24   
    1964;  1735.1265;           17   
    1965;  1736.0018;           25   
    1966;  1736.8771;           29   
    1967;  1737.7524;           29   
    1968;  1738.6276;           29   
    1969;  1739.5029;           23   
    1970;  1740.3782;           21   
    1971;  1741.2535;           21   
    1972;  1742.1287;           26   
    1973;  1743.0040;           27   
    1974;  1743.8793;           27   
    1975;  1744.7546;           33   
    1976;  1745.6298;           31   
    1977;  1746.5051;           29   
    1978;  1747.3804;           27   
    1979;  1748.2557;           18   
    1980;  1749.1309;            2   
    1981;  1750.0062;            0   
    1982;  1750.8815;            0   
    1983;  1751.7568;            0   
    1984;  1752.6320;            0   
    1985;  1753.5073;            0   
    1986;  1754.3826;            0   
    1987;  1755.2579;            0   
    1988;  1756.1331;            0   
    1989;  1757.0084;            0   
    1990;  1757.8837;            0   
    1991;  1758.7590;            0   
    1992;  1759.6342;            0   
    1993;  1760.5095;            0   
    1994;  1761.3848;            0   
    1995;  1762.2601;            0   
    1996;  1763.1353;            0   
    1997;  1764.0106;            0   
    1998;  1764.8859;            0   
    1999;  1765.7612;            0   
    2000;  1766.6364;            0   
    2001;  1767.5117;            0   
    2002;  1768.3870;            0   
    2003;  1769.2623;            0   
    2004;  1770.1375;            0   
    2005;  1771.0128;            0   
    2006;  1771.8881;            0   
    2007;  1772.7634;            0   
    2008;  1773.6386;            0   
    2009;  1774.5139;            0   
    2010;  1775.3892;            0   
    2011;  1776.2645;            0   
    2012;  1777.1397;            0   
    2013;  1778.0150;            0   
    2014;  1778.8903;            0   
    2015;  1779.7656;            0   
    2016;  1780.6408;            0   
    2017;  1781.5161;            0   
    2018;  1782.3914;            0   
    2019;  1783.2667;            0   
    2020;  1784.1419;            0   
    2021;  1785.0172;            0   
    2022;  1785.8925;            0   
    2023;  1786.7678;            0   
    2024;  1787.6430;            0   
    2025;  1788.5183;            0   
    2026;  1789.3936;            0   
    2027;  1790.2689;            0   
    2028;  1791.1441;            0   
    2029;  1792.0194;            0   
    2030;  1792.8947;            0   
    2031;  1793.7700;            0   
    2032;  1794.6452;            0   
    2033;  1795.5205;            0   
    2034;  1796.3958;            0   
    2035;  1797.2711;            0   
    2036;  1798.1463;            0   
    2037;  1799.0216;            0   
    2038;  1799.8969;            0   
    2039;  1800.7722;            0   
    2040;  1801.6474;            0   
    2041;  1802.5227;            0   
    2042;  1803.3980;            0   
    2043;  1804.2733;            0   
    2044;  1805.1485;            0   
    2045;  1806.0238;            0   
    2046;  1806.8991;            0   
    2047;  1807.7744;            0   
    2048;  1808.6496;            0   
ROI Nummer; Anfangskanal; Endkanal; Anfangsenergie keV ; Endenergie keV; Nettoimpulse; Bruttoimpulse; Untergrundimpulse
In den Daten wurden keine Linien gefunden
ROI Nummer; prozentualer Fehler der Lage; Lage keV; FWHM keV; FWTM keV; FWTM/FWHM Verhltnis; H/L Verhltnis
No Peak records found in data.
Name; Energie keV; Flags; Aktivitt uCi/Unit; Aktivittsfehler %; NWG uCi/Unit; MDA Error %
Es wurden keine Nuklidergebnisse gefunden.
Name; Erwartete Endergie keV; Gemessene Energie keV; Differenz von erwarteter keV; FWHM; Flags; Aktivitt uCi/Unit; Aktivittsfehler %
Es wurden keine Nuklidergebnisse gefunden.
