Kanal;   Energie(keV); Impulse
       1;    16.9617;         6576   
       2;    17.8370;         5883   
       3;    18.7122;         5739   
       4;    19.5875;         5646   
       5;    20.4628;         5354   
       6;    21.3381;         5291   
       7;    22.2133;         5091   
       8;    23.0886;         5141   
       9;    23.9639;         4934   
      10;    24.8392;         4913   
      11;    25.7144;         4711   
      12;    26.5897;         4607   
      13;    27.4650;         4652   
      14;    28.3403;         4504   
      15;    29.2155;         4244   
      16;    30.0908;         4393   
      17;    30.9661;         4294   
      18;    31.8414;         4264   
      19;    32.7166;         4145   
      20;    33.5919;         4142   
      21;    34.4672;         4068   
      22;    35.3425;         4286   
      23;    36.2177;         4011   
      24;    37.0930;         3988   
      25;    37.9683;         3975   
      26;    38.8436;         4060   
      27;    39.7188;         3915   
      28;    40.5941;         3911   
      29;    41.4694;         3833   
      30;    42.3447;         3904   
      31;    43.2199;         3791   
      32;    44.0952;         3767   
      33;    44.9705;         3820   
      34;    45.8458;         3719   
      35;    46.7210;         3753   
      36;    47.5963;         3752   
      37;    48.4716;         3666   
      38;    49.3469;         3584   
      39;    50.2221;         3731   
      40;    51.0974;         3655   
      41;    51.9727;         3724   
      42;    52.8480;         3715   
      43;    53.7232;         3606   
      44;    54.5985;         3676   
      45;    55.4738;         3750   
      46;    56.3491;         3763   
      47;    57.2243;         3842   
      48;    58.0996;         3618   
      49;    58.9749;         3870   
      50;    59.8502;         3798   
      51;    60.7254;         3811   
      52;    61.6007;         3989   
      53;    62.4760;         4086   
      54;    63.3513;         4079   
      55;    64.2265;         4171   
      56;    65.1018;         4218   
      57;    65.9771;         4355   
      58;    66.8524;         4503   
      59;    67.7276;         4496   
      60;    68.6029;         4637   
      61;    69.4782;         4862   
      62;    70.3535;         4869   
      63;    71.2287;         4925   
      64;    72.1040;         5215   
      65;    72.9793;         5468   
      66;    73.8546;         6781   
      67;    74.7298;         8739   
      68;    75.6051;         8283   
      69;    76.4804;        10910   
      70;    77.3557;        11115   
      71;    78.2309;         7093   
      72;    79.1062;         6354   
      73;    79.9815;         6127   
      74;    80.8568;         5994   
      75;    81.7320;         6119   
      76;    82.6073;         6236   
      77;    83.4826;         6429   
      78;    84.3579;         6557   
      79;    85.2331;         7052   
      80;    86.1084;         8983   
      81;    86.9837;         9833   
      82;    87.8590;         8049   
      83;    88.7342;         7806   
      84;    89.6095;         8005   
      85;    90.4848;         7137   
      86;    91.3601;         7041   
      87;    92.2353;         7055   
      88;    93.1106;         6868   
      89;    93.9859;         7095   
      90;    94.8612;         7627   
      91;    95.7364;         7447   
      92;    96.6117;         7229   
      93;    97.4870;         7335   
      94;    98.3623;         7237   
      95;    99.2375;         7409   
      96;   100.1128;         7445   
      97;   100.9881;         7508   
      98;   101.8634;         7389   
      99;   102.7386;         7358   
     100;   103.6139;         7494   
     101;   104.4892;         7512   
     102;   105.3645;         7603   
     103;   106.2397;         7684   
     104;   107.1150;         7723   
     105;   107.9903;         7515   
     106;   108.8656;         7601   
     107;   109.7408;         7657   
     108;   110.6161;         7701   
     109;   111.4914;         7728   
     110;   112.3667;         7612   
     111;   113.2419;         7748   
     112;   114.1172;         7845   
     113;   114.9925;         7694   
     114;   115.8678;         7616   
     115;   116.7430;         7743   
     116;   117.6183;         7742   
     117;   118.4936;         7701   
     118;   119.3689;         7629   
     119;   120.2441;         7666   
     120;   121.1194;         7579   
     121;   121.9947;         7511   
     122;   122.8700;         7602   
     123;   123.7452;         7790   
     124;   124.6205;         7582   
     125;   125.4958;         7498   
     126;   126.3711;         7531   
     127;   127.2463;         7576   
     128;   128.1216;         7525   
     129;   128.9969;         7442   
     130;   129.8722;         7450   
     131;   130.7474;         7589   
     132;   131.6227;         7425   
     133;   132.4980;         7507   
     134;   133.3733;         7125   
     135;   134.2485;         7322   
     136;   135.1238;         7309   
     137;   135.9991;         7308   
     138;   136.8744;         7107   
     139;   137.7496;         7143   
     140;   138.6249;         7068   
     141;   139.5002;         7098   
     142;   140.3755;         6973   
     143;   141.2507;         7048   
     144;   142.1260;         6894   
     145;   143.0013;         6866   
     146;   143.8766;         6867   
     147;   144.7518;         6856   
     148;   145.6271;         6860   
     149;   146.5024;         6684   
     150;   147.3777;         6788   
     151;   148.2529;         6667   
     152;   149.1282;         6804   
     153;   150.0035;         6606   
     154;   150.8788;         6410   
     155;   151.7540;         6508   
     156;   152.6293;         6557   
     157;   153.5046;         6341   
     158;   154.3799;         6266   
     159;   155.2551;         6443   
     160;   156.1304;         6274   
     161;   157.0057;         6204   
     162;   157.8810;         6169   
     163;   158.7562;         6089   
     164;   159.6315;         5973   
     165;   160.5068;         5900   
     166;   161.3821;         6047   
     167;   162.2573;         5977   
     168;   163.1326;         5778   
     169;   164.0079;         5779   
     170;   164.8832;         5925   
     171;   165.7584;         5818   
     172;   166.6337;         5709   
     173;   167.5090;         5750   
     174;   168.3843;         5606   
     175;   169.2595;         5681   
     176;   170.1348;         5631   
     177;   171.0101;         5533   
     178;   171.8854;         5571   
     179;   172.7606;         5431   
     180;   173.6359;         5397   
     181;   174.5112;         5345   
     182;   175.3865;         5377   
     183;   176.2617;         5264   
     184;   177.1370;         5284   
     185;   178.0123;         5278   
     186;   178.8876;         5082   
     187;   179.7628;         5220   
     188;   180.6381;         5284   
     189;   181.5134;         5114   
     190;   182.3887;         5031   
     191;   183.2639;         5124   
     192;   184.1392;         5029   
     193;   185.0145;         4846   
     194;   185.8898;         5021   
     195;   186.7650;         5210   
     196;   187.6403;         5257   
     197;   188.5156;         5182   
     198;   189.3909;         4896   
     199;   190.2661;         4706   
     200;   191.1414;         4715   
     201;   192.0167;         4682   
     202;   192.8920;         4731   
     203;   193.7672;         4710   
     204;   194.6425;         4752   
     205;   195.5178;         4533   
     206;   196.3931;         4549   
     207;   197.2683;         4561   
     208;   198.1436;         4438   
     209;   199.0189;         4520   
     210;   199.8942;         4464   
     211;   200.7694;         4431   
     212;   201.6447;         4415   
     213;   202.5200;         4327   
     214;   203.3953;         4346   
     215;   204.2705;         4219   
     216;   205.1458;         4240   
     217;   206.0211;         4376   
     218;   206.8964;         4298   
     219;   207.7716;         4197   
     220;   208.6469;         4094   
     221;   209.5222;         4217   
     222;   210.3975;         4333   
     223;   211.2727;         4435   
     224;   212.1480;         4134   
     225;   213.0233;         4024   
     226;   213.8986;         3998   
     227;   214.7738;         3912   
     228;   215.6491;         3908   
     229;   216.5244;         3903   
     230;   217.3997;         3904   
     231;   218.2749;         3880   
     232;   219.1502;         3919   
     233;   220.0255;         3865   
     234;   220.9008;         3793   
     235;   221.7760;         3846   
     236;   222.6513;         3894   
     237;   223.5266;         3781   
     238;   224.4019;         3816   
     239;   225.2771;         3775   
     240;   226.1524;         3699   
     241;   227.0277;         3625   
     242;   227.9030;         3612   
     243;   228.7782;         3551   
     244;   229.6535;         3657   
     245;   230.5288;         3624   
     246;   231.4041;         3516   
     247;   232.2793;         3630   
     248;   233.1546;         3553   
     249;   234.0299;         3516   
     250;   234.9052;         3547   
     251;   235.7804;         3468   
     252;   236.6557;         3414   
     253;   237.5310;         3394   
     254;   238.4063;         3359   
     255;   239.2815;         4411   
     256;   240.1568;         6676   
     257;   241.0321;         5869   
     258;   241.9074;         3769   
     259;   242.7826;         3701   
     260;   243.6579;         3756   
     261;   244.5332;         3469   
     262;   245.4085;         3070   
     263;   246.2837;         3120   
     264;   247.1590;         2982   
     265;   248.0343;         3055   
     266;   248.9096;         2960   
     267;   249.7848;         3011   
     268;   250.6601;         2910   
     269;   251.5354;         2914   
     270;   252.4107;         2845   
     271;   253.2859;         2874   
     272;   254.1612;         2937   
     273;   255.0365;         2820   
     274;   255.9118;         2904   
     275;   256.7870;         2788   
     276;   257.6623;         2757   
     277;   258.5376;         2821   
     278;   259.4129;         2763   
     279;   260.2881;         2782   
     280;   261.1634;         2840   
     281;   262.0387;         2703   
     282;   262.9140;         2652   
     283;   263.7892;         2709   
     284;   264.6645;         2624   
     285;   265.5398;         2520   
     286;   266.4151;         2572   
     287;   267.2903;         2537   
     288;   268.1656;         2580   
     289;   269.0409;         2591   
     290;   269.9162;         2524   
     291;   270.7914;         2526   
     292;   271.6667;         2778   
     293;   272.5420;         2761   
     294;   273.4173;         2518   
     295;   274.2925;         2491   
     296;   275.1678;         2376   
     297;   276.0431;         2519   
     298;   276.9184;         2349   
     299;   277.7936;         2528   
     300;   278.6689;         2489   
     301;   279.5442;         2589   
     302;   280.4195;         2505   
     303;   281.2947;         2337   
     304;   282.1700;         2345   
     305;   283.0453;         2295   
     306;   283.9206;         2286   
     307;   284.7958;         2328   
     308;   285.6711;         2277   
     309;   286.5464;         2221   
     310;   287.4217;         2248   
     311;   288.2969;         2158   
     312;   289.1722;         2244   
     313;   290.0475;         2188   
     314;   290.9228;         2189   
     315;   291.7980;         2126   
     316;   292.6733;         2140   
     317;   293.5486;         2160   
     318;   294.4239;         2204   
     319;   295.2991;         2174   
     320;   296.1744;         2900   
     321;   297.0497;         3336   
     322;   297.9250;         2555   
     323;   298.8002;         2052   
     324;   299.6755;         1990   
     325;   300.5508;         2194   
     326;   301.4261;         2171   
     327;   302.3013;         2196   
     328;   303.1766;         2022   
     329;   304.0519;         1950   
     330;   304.9272;         1946   
     331;   305.8024;         1973   
     332;   306.6777;         2045   
     333;   307.5530;         1918   
     334;   308.4283;         1940   
     335;   309.3035;         1846   
     336;   310.1788;         1898   
     337;   311.0541;         1887   
     338;   311.9294;         1870   
     339;   312.8046;         1864   
     340;   313.6799;         1899   
     341;   314.5552;         1902   
     342;   315.4305;         1829   
     343;   316.3057;         1868   
     344;   317.1810;         1838   
     345;   318.0563;         1799   
     346;   318.9316;         1776   
     347;   319.8068;         1733   
     348;   320.6821;         1859   
     349;   321.5574;         1839   
     350;   322.4327;         1821   
     351;   323.3079;         1805   
     352;   324.1832;         1807   
     353;   325.0585;         1741   
     354;   325.9338;         1793   
     355;   326.8090;         1743   
     356;   327.6843;         1740   
     357;   328.5596;         1841   
     358;   329.4349;         1944   
     359;   330.3101;         1934   
     360;   331.1854;         1761   
     361;   332.0607;         1640   
     362;   332.9360;         1688   
     363;   333.8112;         1736   
     364;   334.6865;         1715   
     365;   335.5618;         1701   
     366;   336.4371;         1703   
     367;   337.3123;         1712   
     368;   338.1876;         1749   
     369;   339.0629;         2005   
     370;   339.9382;         2529   
     371;   340.8134;         2028   
     372;   341.6887;         1637   
     373;   342.5640;         1676   
     374;   343.4393;         1520   
     375;   344.3145;         1664   
     376;   345.1898;         1609   
     377;   346.0651;         1511   
     378;   346.9404;         1536   
     379;   347.8156;         1550   
     380;   348.6909;         1537   
     381;   349.5662;         1502   
     382;   350.4415;         1515   
     383;   351.3167;         1565   
     384;   352.1920;         1919   
     385;   353.0673;         3194   
     386;   353.9426;         3501   
     387;   354.8178;         2045   
     388;   355.6931;         1469   
     389;   356.5684;         1475   
     390;   357.4437;         1372   
     391;   358.3189;         1426   
     392;   359.1942;         1416   
     393;   360.0695;         1417   
     394;   360.9448;         1445   
     395;   361.8200;         1340   
     396;   362.6953;         1347   
     397;   363.5706;         1384   
     398;   364.4459;         1359   
     399;   365.3211;         1449   
     400;   366.1964;         1281   
     401;   367.0717;         1330   
     402;   367.9470;         1303   
     403;   368.8222;         1401   
     404;   369.6975;         1340   
     405;   370.5728;         1316   
     406;   371.4481;         1368   
     407;   372.3233;         1317   
     408;   373.1986;         1364   
     409;   374.0739;         1289   
     410;   374.9492;         1311   
     411;   375.8244;         1339   
     412;   376.6997;         1292   
     413;   377.5750;         1262   
     414;   378.4503;         1283   
     415;   379.3255;         1357   
     416;   380.2008;         1252   
     417;   381.0761;         1307   
     418;   381.9514;         1300   
     419;   382.8266;         1198   
     420;   383.7019;         1277   
     421;   384.5772;         1258   
     422;   385.4525;         1278   
     423;   386.3277;         1265   
     424;   387.2030;         1278   
     425;   388.0783;         1252   
     426;   388.9536;         1286   
     427;   389.8288;         1247   
     428;   390.7041;         1194   
     429;   391.5794;         1231   
     430;   392.4547;         1183   
     431;   393.3299;         1179   
     432;   394.2052;         1279   
     433;   395.0805;         1196   
     434;   395.9558;         1227   
     435;   396.8310;         1225   
     436;   397.7063;         1237   
     437;   398.5816;         1198   
     438;   399.4569;         1195   
     439;   400.3321;         1161   
     440;   401.2074;         1207   
     441;   402.0827;         1187   
     442;   402.9580;         1202   
     443;   403.8332;         1201   
     444;   404.7085;         1128   
     445;   405.5838;         1146   
     446;   406.4591;         1112   
     447;   407.3343;         1200   
     448;   408.2096;         1194   
     449;   409.0849;         1117   
     450;   409.9602;         1151   
     451;   410.8354;         1260   
     452;   411.7107;         1225   
     453;   412.5860;         1120   
     454;   413.4613;         1089   
     455;   414.3365;         1070   
     456;   415.2118;         1097   
     457;   416.0871;         1099   
     458;   416.9624;         1069   
     459;   417.8376;         1086   
     460;   418.7129;         1024   
     461;   419.5882;         1116   
     462;   420.4635;         1072   
     463;   421.3387;         1048   
     464;   422.2140;         1071   
     465;   423.0893;         1074   
     466;   423.9646;         1047   
     467;   424.8398;          997   
     468;   425.7151;         1150   
     469;   426.5904;         1048   
     470;   427.4657;         1070   
     471;   428.3409;         1106   
     472;   429.2162;         1046   
     473;   430.0915;         1012   
     474;   430.9668;         1055   
     475;   431.8420;         1003   
     476;   432.7173;         1055   
     477;   433.5926;         1075   
     478;   434.4679;         1020   
     479;   435.3431;          956   
     480;   436.2184;          993   
     481;   437.0937;          999   
     482;   437.9690;          995   
     483;   438.8442;          982   
     484;   439.7195;         1099   
     485;   440.5948;         1061   
     486;   441.4701;         1034   
     487;   442.3453;         1015   
     488;   443.2206;         1023   
     489;   444.0959;         1011   
     490;   444.9712;          941   
     491;   445.8464;          966   
     492;   446.7217;          975   
     493;   447.5970;          956   
     494;   448.4723;          914   
     495;   449.3475;          947   
     496;   450.2228;          917   
     497;   451.0981;          956   
     498;   451.9734;          884   
     499;   452.8486;          974   
     500;   453.7239;          902   
     501;   454.5992;          965   
     502;   455.4745;          948   
     503;   456.3497;          953   
     504;   457.2250;          874   
     505;   458.1003;          966   
     506;   458.9756;          925   
     507;   459.8508;          974   
     508;   460.7261;          954   
     509;   461.6014;          904   
     510;   462.4767;          926   
     511;   463.3519;         1004   
     512;   464.2272;         1129   
     513;   465.1025;         1221   
     514;   465.9778;          930   
     515;   466.8530;          933   
     516;   467.7283;          913   
     517;   468.6036;          958   
     518;   469.4789;          885   
     519;   470.3541;          872   
     520;   471.2294;          886   
     521;   472.1047;          849   
     522;   472.9800;          889   
     523;   473.8552;          863   
     524;   474.7305;          840   
     525;   475.6058;          880   
     526;   476.4811;          933   
     527;   477.3563;          835   
     528;   478.2316;          838   
     529;   479.1069;          896   
     530;   479.9822;          859   
     531;   480.8574;          909   
     532;   481.7327;          902   
     533;   482.6080;          826   
     534;   483.4833;          876   
     535;   484.3585;          807   
     536;   485.2338;          848   
     537;   486.1091;          887   
     538;   486.9844;          822   
     539;   487.8596;          831   
     540;   488.7349;          833   
     541;   489.6102;          841   
     542;   490.4855;          782   
     543;   491.3607;          810   
     544;   492.2360;          814   
     545;   493.1113;          791   
     546;   493.9866;          776   
     547;   494.8618;          818   
     548;   495.7371;          780   
     549;   496.6124;          827   
     550;   497.4877;          761   
     551;   498.3629;          838   
     552;   499.2382;          809   
     553;   500.1135;          809   
     554;   500.9888;          831   
     555;   501.8640;          803   
     556;   502.7393;          809   
     557;   503.6146;          871   
     558;   504.4899;          795   
     559;   505.3651;          806   
     560;   506.2404;          807   
     561;   507.1157;          788   
     562;   507.9910;          770   
     563;   508.8662;          852   
     564;   509.7415;          871   
     565;   510.6168;         1064   
     566;   511.4921;         1625   
     567;   512.3673;         2093   
     568;   513.2426;         1661   
     569;   514.1179;         1192   
     570;   514.9932;          922   
     571;   515.8684;          818   
     572;   516.7437;          802   
     573;   517.6190;          826   
     574;   518.4943;          758   
     575;   519.3695;          738   
     576;   520.2448;          744   
     577;   521.1201;          724   
     578;   521.9954;          738   
     579;   522.8706;          744   
     580;   523.7459;          751   
     581;   524.6212;          766   
     582;   525.4965;          761   
     583;   526.3717;          722   
     584;   527.2470;          718   
     585;   528.1223;          744   
     586;   528.9976;          696   
     587;   529.8728;          736   
     588;   530.7481;          742   
     589;   531.6234;          748   
     590;   532.4987;          712   
     591;   533.3739;          724   
     592;   534.2492;          790   
     593;   535.1245;          717   
     594;   535.9998;          711   
     595;   536.8750;          753   
     596;   537.7503;          686   
     597;   538.6256;          751   
     598;   539.5009;          707   
     599;   540.3761;          704   
     600;   541.2514;          723   
     601;   542.1267;          710   
     602;   543.0020;          693   
     603;   543.8772;          674   
     604;   544.7525;          691   
     605;   545.6278;          707   
     606;   546.5031;          677   
     607;   547.3783;          720   
     608;   548.2536;          716   
     609;   549.1289;          714   
     610;   550.0042;          674   
     611;   550.8794;          722   
     612;   551.7547;          688   
     613;   552.6300;          705   
     614;   553.5053;          717   
     615;   554.3805;          742   
     616;   555.2558;          673   
     617;   556.1311;          676   
     618;   557.0064;          664   
     619;   557.8816;          666   
     620;   558.7569;          700   
     621;   559.6322;          631   
     622;   560.5075;          675   
     623;   561.3827;          711   
     624;   562.2580;          667   
     625;   563.1333;          682   
     626;   564.0086;          739   
     627;   564.8838;          736   
     628;   565.7591;          678   
     629;   566.6344;          653   
     630;   567.5097;          626   
     631;   568.3849;          698   
     632;   569.2602;          648   
     633;   570.1355;          661   
     634;   571.0108;          637   
     635;   571.8860;          715   
     636;   572.7613;          629   
     637;   573.6366;          685   
     638;   574.5119;          639   
     639;   575.3871;          686   
     640;   576.2624;          668   
     641;   577.1377;          667   
     642;   578.0130;          643   
     643;   578.8882;          623   
     644;   579.7635;          645   
     645;   580.6388;          656   
     646;   581.5141;          644   
     647;   582.3893;          652   
     648;   583.2646;          928   
     649;   584.1399;         2119   
     650;   585.0152;         2402   
     651;   585.8904;         1225   
     652;   586.7657;          704   
     653;   587.6410;          642   
     654;   588.5163;          641   
     655;   589.3915;          609   
     656;   590.2668;          588   
     657;   591.1421;          590   
     658;   592.0174;          583   
     659;   592.8926;          604   
     660;   593.7679;          601   
     661;   594.6432;          653   
     662;   595.5185;          658   
     663;   596.3937;          607   
     664;   597.2690;          629   
     665;   598.1443;          606   
     666;   599.0196;          565   
     667;   599.8948;          602   
     668;   600.7701;          612   
     669;   601.6454;          630   
     670;   602.5207;          597   
     671;   603.3959;          574   
     672;   604.2712;          587   
     673;   605.1465;          621   
     674;   606.0218;          569   
     675;   606.8970;          615   
     676;   607.7723;          591   
     677;   608.6476;          668   
     678;   609.5229;         1279   
     679;   610.3981;         2751   
     680;   611.2734;         2611   
     681;   612.1487;         1183   
     682;   613.0240;          606   
     683;   613.8992;          585   
     684;   614.7745;          520   
     685;   615.6498;          586   
     686;   616.5251;          538   
     687;   617.4003;          546   
     688;   618.2756;          559   
     689;   619.1509;          554   
     690;   620.0262;          517   
     691;   620.9014;          582   
     692;   621.7767;          591   
     693;   622.6520;          535   
     694;   623.5273;          539   
     695;   624.4025;          539   
     696;   625.2778;          576   
     697;   626.1531;          537   
     698;   627.0284;          538   
     699;   627.9036;          549   
     700;   628.7789;          516   
     701;   629.6542;          515   
     702;   630.5295;          530   
     703;   631.4047;          543   
     704;   632.2800;          539   
     705;   633.1553;          534   
     706;   634.0306;          553   
     707;   634.9058;          540   
     708;   635.7811;          553   
     709;   636.6564;          521   
     710;   637.5317;          492   
     711;   638.4069;          523   
     712;   639.2822;          529   
     713;   640.1575;          555   
     714;   641.0328;          537   
     715;   641.9080;          537   
     716;   642.7833;          525   
     717;   643.6586;          548   
     718;   644.5339;          486   
     719;   645.4091;          531   
     720;   646.2844;          514   
     721;   647.1597;          518   
     722;   648.0350;          542   
     723;   648.9102;          517   
     724;   649.7855;          557   
     725;   650.6608;          506   
     726;   651.5361;          562   
     727;   652.4113;          531   
     728;   653.2866;          545   
     729;   654.1619;          528   
     730;   655.0372;          536   
     731;   655.9124;          522   
     732;   656.7877;          521   
     733;   657.6630;          503   
     734;   658.5383;          482   
     735;   659.4135;          527   
     736;   660.2888;          522   
     737;   661.1641;          511   
     738;   662.0394;          558   
     739;   662.9146;          544   
     740;   663.7899;          549   
     741;   664.6652;          522   
     742;   665.5405;          516   
     743;   666.4157;          575   
     744;   667.2910;          585   
     745;   668.1663;          514   
     746;   669.0416;          501   
     747;   669.9168;          518   
     748;   670.7921;          512   
     749;   671.6674;          476   
     750;   672.5427;          472   
     751;   673.4179;          550   
     752;   674.2932;          511   
     753;   675.1685;          487   
     754;   676.0438;          464   
     755;   676.9190;          520   
     756;   677.7943;          553   
     757;   678.6696;          541   
     758;   679.5449;          478   
     759;   680.4201;          480   
     760;   681.2954;          480   
     761;   682.1707;          515   
     762;   683.0460;          494   
     763;   683.9212;          521   
     764;   684.7965;          492   
     765;   685.6718;          484   
     766;   686.5471;          512   
     767;   687.4223;          464   
     768;   688.2976;          489   
     769;   689.1729;          476   
     770;   690.0482;          488   
     771;   690.9234;          494   
     772;   691.7987;          510   
     773;   692.6740;          487   
     774;   693.5493;          512   
     775;   694.4245;          527   
     776;   695.2998;          478   
     777;   696.1751;          498   
     778;   697.0504;          499   
     779;   697.9256;          512   
     780;   698.8009;          470   
     781;   699.6762;          473   
     782;   700.5515;          474   
     783;   701.4267;          470   
     784;   702.3020;          481   
     785;   703.1773;          517   
     786;   704.0526;          512   
     787;   704.9278;          491   
     788;   705.8031;          464   
     789;   706.6784;          430   
     790;   707.5537;          432   
     791;   708.4289;          506   
     792;   709.3042;          543   
     793;   710.1795;          463   
     794;   711.0548;          497   
     795;   711.9300;          458   
     796;   712.8053;          452   
     797;   713.6806;          489   
     798;   714.5559;          491   
     799;   715.4311;          495   
     800;   716.3064;          465   
     801;   717.1817;          496   
     802;   718.0570;          453   
     803;   718.9322;          468   
     804;   719.8075;          457   
     805;   720.6828;          471   
     806;   721.5581;          488   
     807;   722.4333;          457   
     808;   723.3086;          440   
     809;   724.1839;          435   
     810;   725.0592;          458   
     811;   725.9344;          435   
     812;   726.8097;          496   
     813;   727.6850;          715   
     814;   728.5603;          882   
     815;   729.4355;          659   
     816;   730.3108;          515   
     817;   731.1861;          442   
     818;   732.0614;          450   
     819;   732.9366;          435   
     820;   733.8119;          415   
     821;   734.6872;          432   
     822;   735.5625;          443   
     823;   736.4377;          440   
     824;   737.3130;          415   
     825;   738.1883;          419   
     826;   739.0636;          426   
     827;   739.9388;          411   
     828;   740.8141;          459   
     829;   741.6894;          437   
     830;   742.5647;          455   
     831;   743.4399;          455   
     832;   744.3152;          484   
     833;   745.1905;          447   
     834;   746.0658;          432   
     835;   746.9410;          440   
     836;   747.8163;          419   
     837;   748.6916;          420   
     838;   749.5669;          446   
     839;   750.4421;          416   
     840;   751.3174;          423   
     841;   752.1927;          440   
     842;   753.0680;          402   
     843;   753.9432;          416   
     844;   754.8185;          450   
     845;   755.6938;          430   
     846;   756.5691;          540   
     847;   757.4443;          439   
     848;   758.3196;          434   
     849;   759.1949;          396   
     850;   760.0702;          418   
     851;   760.9454;          422   
     852;   761.8207;          420   
     853;   762.6960;          431   
     854;   763.5713;          442   
     855;   764.4465;          453   
     856;   765.3218;          439   
     857;   766.1971;          437   
     858;   767.0724;          472   
     859;   767.9476;          426   
     860;   768.8229;          561   
     861;   769.6982;          678   
     862;   770.5735;          563   
     863;   771.4487;          434   
     864;   772.3240;          428   
     865;   773.1993;          467   
     866;   774.0746;          462   
     867;   774.9498;          458   
     868;   775.8251;          424   
     869;   776.7004;          376   
     870;   777.5757;          359   
     871;   778.4509;          411   
     872;   779.3262;          406   
     873;   780.2015;          419   
     874;   781.0768;          390   
     875;   781.9520;          380   
     876;   782.8273;          441   
     877;   783.7026;          441   
     878;   784.5779;          368   
     879;   785.4531;          398   
     880;   786.3284;          498   
     881;   787.2037;          507   
     882;   788.0790;          438   
     883;   788.9542;          404   
     884;   789.8295;          394   
     885;   790.7048;          392   
     886;   791.5801;          403   
     887;   792.4553;          373   
     888;   793.3306;          394   
     889;   794.2059;          400   
     890;   795.0812;          495   
     891;   795.9564;          613   
     892;   796.8317;          578   
     893;   797.7070;          438   
     894;   798.5823;          408   
     895;   799.4575;          400   
     896;   800.3328;          391   
     897;   801.2081;          388   
     898;   802.0834;          386   
     899;   802.9586;          418   
     900;   803.8339;          403   
     901;   804.7092;          400   
     902;   805.5845;          418   
     903;   806.4597;          398   
     904;   807.3350;          418   
     905;   808.2103;          372   
     906;   809.0856;          384   
     907;   809.9608;          355   
     908;   810.8361;          392   
     909;   811.7114;          347   
     910;   812.5867;          357   
     911;   813.4619;          383   
     912;   814.3372;          346   
     913;   815.2125;          396   
     914;   816.0878;          388   
     915;   816.9631;          391   
     916;   817.8383;          376   
     917;   818.7136;          384   
     918;   819.5889;          370   
     919;   820.4642;          386   
     920;   821.3394;          361   
     921;   822.2147;          384   
     922;   823.0900;          342   
     923;   823.9653;          400   
     924;   824.8405;          384   
     925;   825.7158;          366   
     926;   826.5911;          382   
     927;   827.4664;          383   
     928;   828.3416;          323   
     929;   829.2169;          382   
     930;   830.0922;          362   
     931;   830.9675;          421   
     932;   831.8427;          416   
     933;   832.7180;          365   
     934;   833.5933;          353   
     935;   834.4686;          388   
     936;   835.3438;          372   
     937;   836.2191;          419   
     938;   837.0944;          420   
     939;   837.9697;          415   
     940;   838.8449;          401   
     941;   839.7202;          374   
     942;   840.5955;          396   
     943;   841.4708;          421   
     944;   842.3460;          424   
     945;   843.2213;          366   
     946;   844.0966;          348   
     947;   844.9719;          363   
     948;   845.8471;          329   
     949;   846.7224;          361   
     950;   847.5977;          350   
     951;   848.4730;          360   
     952;   849.3482;          358   
     953;   850.2235;          346   
     954;   851.0988;          354   
     955;   851.9741;          366   
     956;   852.8493;          363   
     957;   853.7246;          365   
     958;   854.5999;          348   
     959;   855.4752;          359   
     960;   856.3504;          354   
     961;   857.2257;          388   
     962;   858.1010;          356   
     963;   858.9763;          330   
     964;   859.8515;          357   
     965;   860.7268;          506   
     966;   861.6021;          591   
     967;   862.4774;          513   
     968;   863.3526;          376   
     969;   864.2279;          360   
     970;   865.1032;          347   
     971;   865.9785;          365   
     972;   866.8537;          354   
     973;   867.7290;          343   
     974;   868.6043;          325   
     975;   869.4796;          353   
     976;   870.3548;          331   
     977;   871.2301;          350   
     978;   872.1054;          331   
     979;   872.9807;          361   
     980;   873.8559;          375   
     981;   874.7312;          331   
     982;   875.6065;          370   
     983;   876.4818;          356   
     984;   877.3570;          340   
     985;   878.2323;          330   
     986;   879.1076;          356   
     987;   879.9829;          371   
     988;   880.8581;          359   
     989;   881.7334;          387   
     990;   882.6087;          363   
     991;   883.4840;          360   
     992;   884.3592;          346   
     993;   885.2345;          329   
     994;   886.1098;          357   
     995;   886.9851;          348   
     996;   887.8603;          354   
     997;   888.7356;          366   
     998;   889.6109;          314   
     999;   890.4862;          358   
    1000;   891.3614;          329   
    1001;   892.2367;          374   
    1002;   893.1120;          359   
    1003;   893.9873;          349   
    1004;   894.8625;          389   
    1005;   895.7378;          334   
    1006;   896.6131;          344   
    1007;   897.4884;          349   
    1008;   898.3636;          336   
    1009;   899.2389;          335   
    1010;   900.1142;          352   
    1011;   900.9895;          348   
    1012;   901.8647;          362   
    1013;   902.7400;          342   
    1014;   903.6153;          342   
    1015;   904.4906;          341   
    1016;   905.3658;          377   
    1017;   906.2411;          358   
    1018;   907.1164;          362   
    1019;   907.9917;          303   
    1020;   908.8669;          332   
    1021;   909.7422;          379   
    1022;   910.6175;          588   
    1023;   911.4928;         1295   
    1024;   912.3680;         1736   
    1025;   913.2433;         1119   
    1026;   914.1186;          501   
    1027;   914.9939;          336   
    1028;   915.8691;          329   
    1029;   916.7444;          355   
    1030;   917.6197;          335   
    1031;   918.4950;          360   
    1032;   919.3702;          345   
    1033;   920.2455;          326   
    1034;   921.1208;          345   
    1035;   921.9961;          321   
    1036;   922.8713;          283   
    1037;   923.7466;          332   
    1038;   924.6219;          324   
    1039;   925.4972;          333   
    1040;   926.3724;          332   
    1041;   927.2477;          308   
    1042;   928.1230;          311   
    1043;   928.9983;          322   
    1044;   929.8735;          323   
    1045;   930.7488;          297   
    1046;   931.6241;          302   
    1047;   932.4994;          336   
    1048;   933.3746;          370   
    1049;   934.2499;          429   
    1050;   935.1252;          493   
    1051;   936.0005;          385   
    1052;   936.8757;          316   
    1053;   937.7510;          342   
    1054;   938.6263;          332   
    1055;   939.5016;          338   
    1056;   940.3768;          319   
    1057;   941.2521;          314   
    1058;   942.1274;          346   
    1059;   943.0027;          325   
    1060;   943.8779;          303   
    1061;   944.7532;          309   
    1062;   945.6285;          313   
    1063;   946.5038;          357   
    1064;   947.3790;          329   
    1065;   948.2543;          343   
    1066;   949.1296;          349   
    1067;   950.0049;          367   
    1068;   950.8801;          406   
    1069;   951.7554;          382   
    1070;   952.6307;          341   
    1071;   953.5060;          338   
    1072;   954.3812;          325   
    1073;   955.2565;          286   
    1074;   956.1318;          307   
    1075;   957.0071;          311   
    1076;   957.8823;          291   
    1077;   958.7576;          330   
    1078;   959.6329;          325   
    1079;   960.5082;          325   
    1080;   961.3834;          326   
    1081;   962.2587;          299   
    1082;   963.1340;          362   
    1083;   964.0093;          357   
    1084;   964.8845;          468   
    1085;   965.7598;          547   
    1086;   966.6351;          454   
    1087;   967.5104;          380   
    1088;   968.3856;          467   
    1089;   969.2609;         1006   
    1090;   970.1362;         1110   
    1091;   971.0115;          743   
    1092;   971.8867;          380   
    1093;   972.7620;          312   
    1094;   973.6373;          314   
    1095;   974.5126;          278   
    1096;   975.3878;          303   
    1097;   976.2631;          344   
    1098;   977.1384;          298   
    1099;   978.0137;          347   
    1100;   978.8889;          323   
    1101;   979.7642;          294   
    1102;   980.6395;          320   
    1103;   981.5148;          298   
    1104;   982.3900;          330   
    1105;   983.2653;          280   
    1106;   984.1406;          332   
    1107;   985.0159;          287   
    1108;   985.8911;          304   
    1109;   986.7664;          333   
    1110;   987.6417;          318   
    1111;   988.5170;          292   
    1112;   989.3922;          320   
    1113;   990.2675;          315   
    1114;   991.1428;          281   
    1115;   992.0181;          285   
    1116;   992.8933;          312   
    1117;   993.7686;          295   
    1118;   994.6439;          318   
    1119;   995.5192;          320   
    1120;   996.3944;          298   
    1121;   997.2697;          285   
    1122;   998.1450;          311   
    1123;   999.0203;          288   
    1124;   999.8955;          317   
    1125;  1000.7708;          308   
    1126;  1001.6461;          327   
    1127;  1002.5214;          360   
    1128;  1003.3966;          291   
    1129;  1004.2719;          311   
    1130;  1005.1472;          308   
    1131;  1006.0225;          299   
    1132;  1006.8977;          322   
    1133;  1007.7730;          322   
    1134;  1008.6483;          299   
    1135;  1009.5236;          265   
    1136;  1010.3988;          257   
    1137;  1011.2741;          294   
    1138;  1012.1494;          312   
    1139;  1013.0247;          303   
    1140;  1013.8999;          310   
    1141;  1014.7752;          291   
    1142;  1015.6505;          302   
    1143;  1016.5258;          278   
    1144;  1017.4010;          298   
    1145;  1018.2763;          295   
    1146;  1019.1516;          312   
    1147;  1020.0269;          310   
    1148;  1020.9021;          321   
    1149;  1021.7774;          309   
    1150;  1022.6527;          312   
    1151;  1023.5280;          310   
    1152;  1024.4032;          289   
    1153;  1025.2785;          270   
    1154;  1026.1538;          309   
    1155;  1027.0291;          299   
    1156;  1027.9043;          309   
    1157;  1028.7796;          294   
    1158;  1029.6549;          280   
    1159;  1030.5302;          296   
    1160;  1031.4054;          291   
    1161;  1032.2807;          311   
    1162;  1033.1560;          317   
    1163;  1034.0313;          344   
    1164;  1034.9065;          276   
    1165;  1035.7818;          287   
    1166;  1036.6571;          268   
    1167;  1037.5324;          273   
    1168;  1038.4076;          288   
    1169;  1039.2829;          297   
    1170;  1040.1582;          279   
    1171;  1041.0335;          331   
    1172;  1041.9087;          292   
    1173;  1042.7840;          287   
    1174;  1043.6593;          267   
    1175;  1044.5346;          284   
    1176;  1045.4098;          316   
    1177;  1046.2851;          274   
    1178;  1047.1604;          286   
    1179;  1048.0357;          293   
    1180;  1048.9109;          312   
    1181;  1049.7862;          297   
    1182;  1050.6615;          275   
    1183;  1051.5368;          286   
    1184;  1052.4120;          290   
    1185;  1053.2873;          307   
    1186;  1054.1626;          297   
    1187;  1055.0379;          301   
    1188;  1055.9131;          274   
    1189;  1056.7884;          291   
    1190;  1057.6637;          283   
    1191;  1058.5390;          288   
    1192;  1059.4142;          289   
    1193;  1060.2895;          288   
    1194;  1061.1648;          270   
    1195;  1062.0401;          258   
    1196;  1062.9153;          311   
    1197;  1063.7906;          287   
    1198;  1064.6659;          290   
    1199;  1065.5412;          306   
    1200;  1066.4164;          306   
    1201;  1067.2917;          284   
    1202;  1068.1670;          298   
    1203;  1069.0423;          288   
    1204;  1069.9175;          294   
    1205;  1070.7928;          316   
    1206;  1071.6681;          299   
    1207;  1072.5434;          294   
    1208;  1073.4186;          330   
    1209;  1074.2939;          295   
    1210;  1075.1692;          295   
    1211;  1076.0445;          261   
    1212;  1076.9197;          286   
    1213;  1077.7950;          315   
    1214;  1078.6703;          292   
    1215;  1079.5456;          343   
    1216;  1080.4208;          303   
    1217;  1081.2961;          282   
    1218;  1082.1714;          289   
    1219;  1083.0467;          306   
    1220;  1083.9219;          259   
    1221;  1084.7972;          290   
    1222;  1085.6725;          273   
    1223;  1086.5478;          286   
    1224;  1087.4230;          299   
    1225;  1088.2983;          289   
    1226;  1089.1736;          271   
    1227;  1090.0489;          306   
    1228;  1090.9241;          294   
    1229;  1091.7994;          270   
    1230;  1092.6747;          289   
    1231;  1093.5500;          311   
    1232;  1094.4252;          332   
    1233;  1095.3005;          283   
    1234;  1096.1758;          314   
    1235;  1097.0511;          295   
    1236;  1097.9263;          285   
    1237;  1098.8016;          283   
    1238;  1099.6769;          306   
    1239;  1100.5522;          312   
    1240;  1101.4274;          283   
    1241;  1102.3027;          288   
    1242;  1103.1780;          274   
    1243;  1104.0533;          282   
    1244;  1104.9285;          289   
    1245;  1105.8038;          273   
    1246;  1106.6791;          291   
    1247;  1107.5544;          326   
    1248;  1108.4296;          281   
    1249;  1109.3049;          311   
    1250;  1110.1802;          296   
    1251;  1111.0555;          294   
    1252;  1111.9307;          290   
    1253;  1112.8060;          295   
    1254;  1113.6813;          285   
    1255;  1114.5566;          277   
    1256;  1115.4318;          271   
    1257;  1116.3071;          302   
    1258;  1117.1824;          305   
    1259;  1118.0577;          285   
    1260;  1118.9329;          397   
    1261;  1119.8082;          617   
    1262;  1120.6835;          932   
    1263;  1121.5588;          800   
    1264;  1122.4340;          468   
    1265;  1123.3093;          324   
    1266;  1124.1846;          275   
    1267;  1125.0599;          300   
    1268;  1125.9351;          270   
    1269;  1126.8104;          280   
    1270;  1127.6857;          328   
    1271;  1128.5610;          296   
    1272;  1129.4362;          275   
    1273;  1130.3115;          289   
    1274;  1131.1868;          296   
    1275;  1132.0621;          282   
    1276;  1132.9373;          302   
    1277;  1133.8126;          319   
    1278;  1134.6879;          335   
    1279;  1135.5632;          321   
    1280;  1136.4384;          303   
    1281;  1137.3137;          278   
    1282;  1138.1890;          309   
    1283;  1139.0643;          302   
    1284;  1139.9395;          291   
    1285;  1140.8148;          294   
    1286;  1141.6901;          311   
    1287;  1142.5654;          302   
    1288;  1143.4406;          277   
    1289;  1144.3159;          294   
    1290;  1145.1912;          281   
    1291;  1146.0665;          295   
    1292;  1146.9417;          288   
    1293;  1147.8170;          295   
    1294;  1148.6923;          316   
    1295;  1149.5676;          294   
    1296;  1150.4428;          299   
    1297;  1151.3181;          298   
    1298;  1152.1934;          296   
    1299;  1153.0687;          271   
    1300;  1153.9439;          305   
    1301;  1154.8192;          353   
    1302;  1155.6945;          365   
    1303;  1156.5698;          335   
    1304;  1157.4450;          344   
    1305;  1158.3203;          324   
    1306;  1159.1956;          284   
    1307;  1160.0709;          294   
    1308;  1160.9461;          305   
    1309;  1161.8214;          296   
    1310;  1162.6967;          299   
    1311;  1163.5720;          316   
    1312;  1164.4472;          336   
    1313;  1165.3225;          304   
    1314;  1166.1978;          308   
    1315;  1167.0731;          289   
    1316;  1167.9483;          279   
    1317;  1168.8236;          334   
    1318;  1169.6989;          292   
    1319;  1170.5742;          307   
    1320;  1171.4494;          281   
    1321;  1172.3247;          318   
    1322;  1173.2000;          297   
    1323;  1174.0753;          291   
    1324;  1174.9505;          334   
    1325;  1175.8258;          349   
    1326;  1176.7011;          328   
    1327;  1177.5764;          279   
    1328;  1178.4516;          284   
    1329;  1179.3269;          274   
    1330;  1180.2022;          281   
    1331;  1181.0775;          318   
    1332;  1181.9527;          313   
    1333;  1182.8280;          322   
    1334;  1183.7033;          315   
    1335;  1184.5786;          315   
    1336;  1185.4538;          311   
    1337;  1186.3291;          329   
    1338;  1187.2044;          340   
    1339;  1188.0797;          330   
    1340;  1188.9549;          278   
    1341;  1189.8302;          322   
    1342;  1190.7055;          333   
    1343;  1191.5808;          313   
    1344;  1192.4560;          295   
    1345;  1193.3313;          314   
    1346;  1194.2066;          298   
    1347;  1195.0819;          298   
    1348;  1195.9571;          297   
    1349;  1196.8324;          294   
    1350;  1197.7077;          306   
    1351;  1198.5830;          336   
    1352;  1199.4582;          353   
    1353;  1200.3335;          341   
    1354;  1201.2088;          318   
    1355;  1202.0841;          357   
    1356;  1202.9593;          297   
    1357;  1203.8346;          343   
    1358;  1204.7099;          320   
    1359;  1205.5852;          335   
    1360;  1206.4604;          332   
    1361;  1207.3357;          337   
    1362;  1208.2110;          354   
    1363;  1209.0863;          337   
    1364;  1209.9615;          337   
    1365;  1210.8368;          327   
    1366;  1211.7121;          368   
    1367;  1212.5874;          319   
    1368;  1213.4626;          325   
    1369;  1214.3379;          305   
    1370;  1215.2132;          347   
    1371;  1216.0885;          330   
    1372;  1216.9637;          326   
    1373;  1217.8390;          315   
    1374;  1218.7143;          369   
    1375;  1219.5896;          342   
    1376;  1220.4648;          304   
    1377;  1221.3401;          295   
    1378;  1222.2154;          377   
    1379;  1223.0907;          343   
    1380;  1223.9659;          342   
    1381;  1224.8412;          331   
    1382;  1225.7165;          334   
    1383;  1226.5918;          349   
    1384;  1227.4670;          315   
    1385;  1228.3423;          340   
    1386;  1229.2176;          318   
    1387;  1230.0929;          319   
    1388;  1230.9681;          322   
    1389;  1231.8434;          353   
    1390;  1232.7187;          345   
    1391;  1233.5940;          336   
    1392;  1234.4692;          327   
    1393;  1235.3445;          341   
    1394;  1236.2198;          359   
    1395;  1237.0951;          406   
    1396;  1237.9703;          504   
    1397;  1238.8456;          516   
    1398;  1239.7209;          442   
    1399;  1240.5962;          344   
    1400;  1241.4714;          304   
    1401;  1242.3467;          316   
    1402;  1243.2220;          317   
    1403;  1244.0973;          275   
    1404;  1244.9725;          290   
    1405;  1245.8478;          300   
    1406;  1246.7231;          285   
    1407;  1247.5984;          285   
    1408;  1248.4736;          280   
    1409;  1249.3489;          233   
    1410;  1250.2242;          256   
    1411;  1251.0995;          273   
    1412;  1251.9747;          244   
    1413;  1252.8500;          248   
    1414;  1253.7253;          281   
    1415;  1254.6006;          259   
    1416;  1255.4758;          242   
    1417;  1256.3511;          263   
    1418;  1257.2264;          232   
    1419;  1258.1017;          222   
    1420;  1258.9769;          239   
    1421;  1259.8522;          227   
    1422;  1260.7275;          256   
    1423;  1261.6028;          229   
    1424;  1262.4780;          271   
    1425;  1263.3533;          202   
    1426;  1264.2286;          254   
    1427;  1265.1039;          244   
    1428;  1265.9791;          235   
    1429;  1266.8544;          203   
    1430;  1267.7297;          227   
    1431;  1268.6050;          225   
    1432;  1269.4802;          255   
    1433;  1270.3555;          207   
    1434;  1271.2308;          210   
    1435;  1272.1061;          219   
    1436;  1272.9813;          219   
    1437;  1273.8566;          212   
    1438;  1274.7319;          195   
    1439;  1275.6072;          225   
    1440;  1276.4824;          226   
    1441;  1277.3577;          198   
    1442;  1278.2330;          242   
    1443;  1279.1083;          203   
    1444;  1279.9835;          213   
    1445;  1280.8588;          253   
    1446;  1281.7341;          235   
    1447;  1282.6094;          218   
    1448;  1283.4846;          191   
    1449;  1284.3599;          203   
    1450;  1285.2352;          205   
    1451;  1286.1105;          175   
    1452;  1286.9857;          211   
    1453;  1287.8610;          201   
    1454;  1288.7363;          195   
    1455;  1289.6116;          185   
    1456;  1290.4868;          181   
    1457;  1291.3621;          209   
    1458;  1292.2374;          227   
    1459;  1293.1127;          183   
    1460;  1293.9879;          188   
    1461;  1294.8632;          234   
    1462;  1295.7385;          175   
    1463;  1296.6138;          189   
    1464;  1297.4890;          177   
    1465;  1298.3643;          188   
    1466;  1299.2396;          190   
    1467;  1300.1149;          183   
    1468;  1300.9901;          195   
    1469;  1301.8654;          172   
    1470;  1302.7407;          169   
    1471;  1303.6160;          169   
    1472;  1304.4912;          179   
    1473;  1305.3665;          182   
    1474;  1306.2418;          192   
    1475;  1307.1171;          181   
    1476;  1307.9923;          190   
    1477;  1308.8676;          172   
    1478;  1309.7429;          182   
    1479;  1310.6182;          178   
    1480;  1311.4934;          159   
    1481;  1312.3687;          178   
    1482;  1313.2440;          175   
    1483;  1314.1193;          169   
    1484;  1314.9945;          141   
    1485;  1315.8698;          163   
    1486;  1316.7451;          199   
    1487;  1317.6204;          161   
    1488;  1318.4956;          155   
    1489;  1319.3709;          176   
    1490;  1320.2462;          163   
    1491;  1321.1215;          157   
    1492;  1321.9967;          152   
    1493;  1322.8720;          162   
    1494;  1323.7473;          164   
    1495;  1324.6226;          162   
    1496;  1325.4978;          149   
    1497;  1326.3731;          152   
    1498;  1327.2484;          171   
    1499;  1328.1237;          181   
    1500;  1328.9989;          153   
    1501;  1329.8742;          154   
    1502;  1330.7495;          170   
    1503;  1331.6248;          139   
    1504;  1332.5000;          153   
    1505;  1333.3753;          151   
    1506;  1334.2506;          120   
    1507;  1335.1259;          154   
    1508;  1336.0011;          156   
    1509;  1336.8764;          155   
    1510;  1337.7517;          145   
    1511;  1338.6270;          144   
    1512;  1339.5022;          151   
    1513;  1340.3775;          119   
    1514;  1341.2528;          139   
    1515;  1342.1281;          135   
    1516;  1343.0033;          143   
    1517;  1343.8786;          144   
    1518;  1344.7539;          126   
    1519;  1345.6292;          137   
    1520;  1346.5044;          115   
    1521;  1347.3797;          140   
    1522;  1348.2550;          130   
    1523;  1349.1303;          128   
    1524;  1350.0055;          124   
    1525;  1350.8808;          131   
    1526;  1351.7561;          135   
    1527;  1352.6314;          115   
    1528;  1353.5066;          118   
    1529;  1354.3819;          104   
    1530;  1355.2572;          114   
    1531;  1356.1325;          118   
    1532;  1357.0077;          124   
    1533;  1357.8830;          125   
    1534;  1358.7583;          116   
    1535;  1359.6336;          116   
    1536;  1360.5088;          119   
    1537;  1361.3841;          106   
    1538;  1362.2594;          110   
    1539;  1363.1347;          115   
    1540;  1364.0099;          138   
    1541;  1364.8852;          101   
    1542;  1365.7605;          105   
    1543;  1366.6358;          105   
    1544;  1367.5110;          105   
    1545;  1368.3863;          110   
    1546;  1369.2616;          110   
    1547;  1370.1369;          123   
    1548;  1371.0121;           98   
    1549;  1371.8874;          111   
    1550;  1372.7627;          131   
    1551;  1373.6380;          118   
    1552;  1374.5132;          117   
    1553;  1375.3885;          113   
    1554;  1376.2638;          147   
    1555;  1377.1391;          234   
    1556;  1378.0143;          258   
    1557;  1378.8896;          174   
    1558;  1379.7649;          129   
    1559;  1380.6402;          113   
    1560;  1381.5154;          111   
    1561;  1382.3907;          112   
    1562;  1383.2660;          131   
    1563;  1384.1413;          120   
    1564;  1385.0165;          147   
    1565;  1385.8918;          131   
    1566;  1386.7671;          109   
    1567;  1387.6424;           86   
    1568;  1388.5176;          103   
    1569;  1389.3929;           84   
    1570;  1390.2682;          131   
    1571;  1391.1435;           98   
    1572;  1392.0187;          106   
    1573;  1392.8940;          112   
    1574;  1393.7693;          109   
    1575;  1394.6446;           87   
    1576;  1395.5198;          101   
    1577;  1396.3951;          109   
    1578;  1397.2704;          102   
    1579;  1398.1457;          107   
    1580;  1399.0209;           93   
    1581;  1399.8962;          119   
    1582;  1400.7715;          148   
    1583;  1401.6468;          155   
    1584;  1402.5220;          127   
    1585;  1403.3973;           92   
    1586;  1404.2726;          120   
    1587;  1405.1479;          114   
    1588;  1406.0231;          117   
    1589;  1406.8984;          152   
    1590;  1407.7737;          207   
    1591;  1408.6490;          169   
    1592;  1409.5242;          126   
    1593;  1410.3995;          105   
    1594;  1411.2748;          111   
    1595;  1412.1501;           95   
    1596;  1413.0253;           99   
    1597;  1413.9006;          115   
    1598;  1414.7759;          103   
    1599;  1415.6512;          105   
    1600;  1416.5264;           97   
    1601;  1417.4017;          102   
    1602;  1418.2770;          105   
    1603;  1419.1523;           89   
    1604;  1420.0275;          105   
    1605;  1420.9028;           98   
    1606;  1421.7781;           99   
    1607;  1422.6534;           94   
    1608;  1423.5286;          106   
    1609;  1424.4039;           86   
    1610;  1425.2792;          121   
    1611;  1426.1545;          110   
    1612;  1427.0297;           98   
    1613;  1427.9050;           95   
    1614;  1428.7803;          101   
    1615;  1429.6556;           95   
    1616;  1430.5308;           82   
    1617;  1431.4061;           92   
    1618;  1432.2814;          101   
    1619;  1433.1567;           95   
    1620;  1434.0319;           91   
    1621;  1434.9072;           95   
    1622;  1435.7825;          105   
    1623;  1436.6578;          105   
    1624;  1437.5330;           90   
    1625;  1438.4083;           96   
    1626;  1439.2836;           87   
    1627;  1440.1589;           92   
    1628;  1441.0341;           94   
    1629;  1441.9094;           90   
    1630;  1442.7847;           88   
    1631;  1443.6600;          102   
    1632;  1444.5352;           92   
    1633;  1445.4105;           99   
    1634;  1446.2858;          104   
    1635;  1447.1611;          101   
    1636;  1448.0363;          124   
    1637;  1448.9116;          107   
    1638;  1449.7869;           99   
    1639;  1450.6622;           97   
    1640;  1451.5374;          121   
    1641;  1452.4127;           91   
    1642;  1453.2880;           97   
    1643;  1454.1633;           86   
    1644;  1455.0385;          114   
    1645;  1455.9138;          108   
    1646;  1456.7891;          172   
    1647;  1457.6644;          526   
    1648;  1458.5396;         1852   
    1649;  1459.4149;         5757   
    1650;  1460.2902;        10280   
    1651;  1461.1655;         9412   
    1652;  1462.0407;         4053   
    1653;  1462.9160;          835   
    1654;  1463.7913;          141   
    1655;  1464.6666;           68   
    1656;  1465.5418;           52   
    1657;  1466.4171;           50   
    1658;  1467.2924;           64   
    1659;  1468.1677;           46   
    1660;  1469.0429;           57   
    1661;  1469.9182;           54   
    1662;  1470.7935;           51   
    1663;  1471.6688;           45   
    1664;  1472.5440;           53   
    1665;  1473.4193;           64   
    1666;  1474.2946;           44   
    1667;  1475.1699;           52   
    1668;  1476.0451;           55   
    1669;  1476.9204;           61   
    1670;  1477.7957;           54   
    1671;  1478.6710;           46   
    1672;  1479.5462;           60   
    1673;  1480.4215;           61   
    1674;  1481.2968;           38   
    1675;  1482.1721;           61   
    1676;  1483.0473;           47   
    1677;  1483.9226;           43   
    1678;  1484.7979;           51   
    1679;  1485.6732;           39   
    1680;  1486.5484;           66   
    1681;  1487.4237;           49   
    1682;  1488.2990;           45   
    1683;  1489.1743;           41   
    1684;  1490.0495;           39   
    1685;  1490.9248;           47   
    1686;  1491.8001;           51   
    1687;  1492.6754;           52   
    1688;  1493.5506;           50   
    1689;  1494.4259;           82   
    1690;  1495.3012;           86   
    1691;  1496.1765;           77   
    1692;  1497.0517;           66   
    1693;  1497.9270;           47   
    1694;  1498.8023;           36   
    1695;  1499.6776;           60   
    1696;  1500.5528;           61   
    1697;  1501.4281;           91   
    1698;  1502.3034;           59   
    1699;  1503.1787;           60   
    1700;  1504.0539;           55   
    1701;  1504.9292;           46   
    1702;  1505.8045;           52   
    1703;  1506.6798;           46   
    1704;  1507.5550;           94   
    1705;  1508.4303;          126   
    1706;  1509.3056;          119   
    1707;  1510.1809;           89   
    1708;  1511.0561;           55   
    1709;  1511.9314;           48   
    1710;  1512.8067;           62   
    1711;  1513.6820;           49   
    1712;  1514.5572;           56   
    1713;  1515.4325;           42   
    1714;  1516.3078;           47   
    1715;  1517.1831;           36   
    1716;  1518.0583;           40   
    1717;  1518.9336;           41   
    1718;  1519.8089;           45   
    1719;  1520.6842;           53   
    1720;  1521.5594;           57   
    1721;  1522.4347;           43   
    1722;  1523.3100;           43   
    1723;  1524.1853;           46   
    1724;  1525.0605;           54   
    1725;  1525.9358;           45   
    1726;  1526.8111;           56   
    1727;  1527.6864;           43   
    1728;  1528.5616;           52   
    1729;  1529.4369;           56   
    1730;  1530.3122;           44   
    1731;  1531.1875;           37   
    1732;  1532.0627;           45   
    1733;  1532.9380;           54   
    1734;  1533.8133;           40   
    1735;  1534.6886;           41   
    1736;  1535.5638;           43   
    1737;  1536.4391;           50   
    1738;  1537.3144;           41   
    1739;  1538.1897;           67   
    1740;  1539.0649;           53   
    1741;  1539.9402;           45   
    1742;  1540.8155;           39   
    1743;  1541.6908;           46   
    1744;  1542.5660;           55   
    1745;  1543.4413;           57   
    1746;  1544.3166;           45   
    1747;  1545.1919;           31   
    1748;  1546.0671;           52   
    1749;  1546.9424;           49   
    1750;  1547.8177;           49   
    1751;  1548.6930;           38   
    1752;  1549.5682;           36   
    1753;  1550.4435;           51   
    1754;  1551.3188;           41   
    1755;  1552.1941;           45   
    1756;  1553.0693;           41   
    1757;  1553.9446;           44   
    1758;  1554.8199;           45   
    1759;  1555.6952;           61   
    1760;  1556.5704;           43   
    1761;  1557.4457;           51   
    1762;  1558.3210;           45   
    1763;  1559.1963;           38   
    1764;  1560.0715;           35   
    1765;  1560.9468;           55   
    1766;  1561.8221;           34   
    1767;  1562.6974;           51   
    1768;  1563.5726;           41   
    1769;  1564.4479;           41   
    1770;  1565.3232;           39   
    1771;  1566.1985;           47   
    1772;  1567.0737;           43   
    1773;  1567.9490;           33   
    1774;  1568.8243;           50   
    1775;  1569.6996;           41   
    1776;  1570.5748;           51   
    1777;  1571.4501;           28   
    1778;  1572.3254;           49   
    1779;  1573.2007;           44   
    1780;  1574.0759;           57   
    1781;  1574.9512;           51   
    1782;  1575.8265;           39   
    1783;  1576.7018;           39   
    1784;  1577.5770;           44   
    1785;  1578.4523;           38   
    1786;  1579.3276;           69   
    1787;  1580.2029;           66   
    1788;  1581.0781;           70   
    1789;  1581.9534;           70   
    1790;  1582.8287;           54   
    1791;  1583.7040;           54   
    1792;  1584.5792;           59   
    1793;  1585.4545;           58   
    1794;  1586.3298;          109   
    1795;  1587.2051;          184   
    1796;  1588.0803;          146   
    1797;  1588.9556;           99   
    1798;  1589.8309;           69   
    1799;  1590.7062;           97   
    1800;  1591.5814;          161   
    1801;  1592.4567;          171   
    1802;  1593.3320;          103   
    1803;  1594.2073;           62   
    1804;  1595.0825;           64   
    1805;  1595.9578;           45   
    1806;  1596.8331;           49   
    1807;  1597.7084;           50   
    1808;  1598.5836;           55   
    1809;  1599.4589;           36   
    1810;  1600.3342;           49   
    1811;  1601.2095;           32   
    1812;  1602.0847;           46   
    1813;  1602.9600;           46   
    1814;  1603.8353;           32   
    1815;  1604.7106;           33   
    1816;  1605.5858;           38   
    1817;  1606.4611;           37   
    1818;  1607.3364;           46   
    1819;  1608.2117;           36   
    1820;  1609.0869;           55   
    1821;  1609.9622;           53   
    1822;  1610.8375;           33   
    1823;  1611.7128;           43   
    1824;  1612.5880;           32   
    1825;  1613.4633;           42   
    1826;  1614.3386;           37   
    1827;  1615.2139;           28   
    1828;  1616.0891;           46   
    1829;  1616.9644;           46   
    1830;  1617.8397;           55   
    1831;  1618.7150;           81   
    1832;  1619.5902;          107   
    1833;  1620.4655;          100   
    1834;  1621.3408;           69   
    1835;  1622.2161;           49   
    1836;  1623.0913;           47   
    1837;  1623.9666;           43   
    1838;  1624.8419;           43   
    1839;  1625.7172;           40   
    1840;  1626.5924;           38   
    1841;  1627.4677;           46   
    1842;  1628.3430;           59   
    1843;  1629.2183;           98   
    1844;  1630.0935;           95   
    1845;  1630.9688;           89   
    1846;  1631.8441;           46   
    1847;  1632.7194;           38   
    1848;  1633.5946;           42   
    1849;  1634.4699;           46   
    1850;  1635.3452;           46   
    1851;  1636.2205;           43   
    1852;  1637.0957;           63   
    1853;  1637.9710;           53   
    1854;  1638.8463;           54   
    1855;  1639.7216;           35   
    1856;  1640.5968;           42   
    1857;  1641.4721;           39   
    1858;  1642.3474;           29   
    1859;  1643.2227;           29   
    1860;  1644.0979;           35   
    1861;  1644.9732;           41   
    1862;  1645.8485;           30   
    1863;  1646.7238;           40   
    1864;  1647.5990;           32   
    1865;  1648.4743;           26   
    1866;  1649.3496;           31   
    1867;  1650.2249;           31   
    1868;  1651.1001;           43   
    1869;  1651.9754;           36   
    1870;  1652.8507;           24   
    1871;  1653.7260;           29   
    1872;  1654.6012;           36   
    1873;  1655.4765;           30   
    1874;  1656.3518;           42   
    1875;  1657.2271;           41   
    1876;  1658.1023;           48   
    1877;  1658.9776;           53   
    1878;  1659.8529;           64   
    1879;  1660.7282;           74   
    1880;  1661.6034;           60   
    1881;  1662.4787;           40   
    1882;  1663.3540;           43   
    1883;  1664.2293;           31   
    1884;  1665.1045;           35   
    1885;  1665.9798;           41   
    1886;  1666.8551;           38   
    1887;  1667.7304;           32   
    1888;  1668.6056;           31   
    1889;  1669.4809;           28   
    1890;  1670.3562;           43   
    1891;  1671.2315;           18   
    1892;  1672.1067;           38   
    1893;  1672.9820;           25   
    1894;  1673.8573;           34   
    1895;  1674.7326;           36   
    1896;  1675.6078;           33   
    1897;  1676.4831;           30   
    1898;  1677.3584;           31   
    1899;  1678.2337;           26   
    1900;  1679.1089;           41   
    1901;  1679.9842;           42   
    1902;  1680.8595;           42   
    1903;  1681.7348;           35   
    1904;  1682.6100;           48   
    1905;  1683.4853;           42   
    1906;  1684.3606;           44   
    1907;  1685.2359;           28   
    1908;  1686.1111;           28   
    1909;  1686.9864;           31   
    1910;  1687.8617;           35   
    1911;  1688.7370;           42   
    1912;  1689.6122;           29   
    1913;  1690.4875;           32   
    1914;  1691.3628;           45   
    1915;  1692.2381;           41   
    1916;  1693.1133;           40   
    1917;  1693.9886;           27   
    1918;  1694.8639;           31   
    1919;  1695.7392;           30   
    1920;  1696.6144;           28   
    1921;  1697.4897;           32   
    1922;  1698.3650;           28   
    1923;  1699.2403;           25   
    1924;  1700.1155;           28   
    1925;  1700.9908;           26   
    1926;  1701.8661;           32   
    1927;  1702.7414;           31   
    1928;  1703.6166;           35   
    1929;  1704.4919;           40   
    1930;  1705.3672;           34   
    1931;  1706.2425;           25   
    1932;  1707.1177;           33   
    1933;  1707.9930;           24   
    1934;  1708.8683;           29   
    1935;  1709.7436;           28   
    1936;  1710.6188;           36   
    1937;  1711.4941;           20   
    1938;  1712.3694;           39   
    1939;  1713.2447;           26   
    1940;  1714.1199;           36   
    1941;  1714.9952;           39   
    1942;  1715.8705;           33   
    1943;  1716.7458;           22   
    1944;  1717.6210;           31   
    1945;  1718.4963;           28   
    1946;  1719.3716;           30   
    1947;  1720.2469;           33   
    1948;  1721.1221;           32   
    1949;  1721.9974;           31   
    1950;  1722.8727;           26   
    1951;  1723.7480;           36   
    1952;  1724.6232;           35   
    1953;  1725.4985;           39   
    1954;  1726.3738;           46   
    1955;  1727.2491;           79   
    1956;  1728.1243;          118   
    1957;  1728.9996;          109   
    1958;  1729.8749;           84   
    1959;  1730.7502;           44   
    1960;  1731.6254;           33   
    1961;  1732.5007;           31   
    1962;  1733.3760;           37   
    1963;  1734.2513;           27   
    1964;  1735.1265;           30   
    1965;  1736.0018;           28   
    1966;  1736.8771;           38   
    1967;  1737.7524;           22   
    1968;  1738.6276;           21   
    1969;  1739.5029;           32   
    1970;  1740.3782;           30   
    1971;  1741.2535;           31   
    1972;  1742.1287;           35   
    1973;  1743.0040;           37   
    1974;  1743.8793;           36   
    1975;  1744.7546;           22   
    1976;  1745.6298;           42   
    1977;  1746.5051;           39   
    1978;  1747.3804;           29   
    1979;  1748.2557;           34   
    1980;  1749.1309;            1   
    1981;  1750.0062;            0   
    1982;  1750.8815;            0   
    1983;  1751.7568;            0   
    1984;  1752.6320;            0   
    1985;  1753.5073;            0   
    1986;  1754.3826;            0   
    1987;  1755.2579;            0   
    1988;  1756.1331;            0   
    1989;  1757.0084;            0   
    1990;  1757.8837;            0   
    1991;  1758.7590;            0   
    1992;  1759.6342;            0   
    1993;  1760.5095;            0   
    1994;  1761.3848;            0   
    1995;  1762.2601;            0   
    1996;  1763.1353;            0   
    1997;  1764.0106;            0   
    1998;  1764.8859;            0   
    1999;  1765.7612;            0   
    2000;  1766.6364;            0   
    2001;  1767.5117;            0   
    2002;  1768.3870;            0   
    2003;  1769.2623;            0   
    2004;  1770.1375;            0   
    2005;  1771.0128;            0   
    2006;  1771.8881;            0   
    2007;  1772.7634;            0   
    2008;  1773.6386;            0   
    2009;  1774.5139;            0   
    2010;  1775.3892;            0   
    2011;  1776.2645;            0   
    2012;  1777.1397;            0   
    2013;  1778.0150;            0   
    2014;  1778.8903;            0   
    2015;  1779.7656;            0   
    2016;  1780.6408;            0   
    2017;  1781.5161;            0   
    2018;  1782.3914;            0   
    2019;  1783.2667;            0   
    2020;  1784.1419;            0   
    2021;  1785.0172;            0   
    2022;  1785.8925;            0   
    2023;  1786.7678;            0   
    2024;  1787.6430;            0   
    2025;  1788.5183;            0   
    2026;  1789.3936;            0   
    2027;  1790.2689;            0   
    2028;  1791.1441;            0   
    2029;  1792.0194;            0   
    2030;  1792.8947;            0   
    2031;  1793.7700;            0   
    2032;  1794.6452;            0   
    2033;  1795.5205;            0   
    2034;  1796.3958;            0   
    2035;  1797.2711;            0   
    2036;  1798.1463;            0   
    2037;  1799.0216;            0   
    2038;  1799.8969;            0   
    2039;  1800.7722;            0   
    2040;  1801.6474;            0   
    2041;  1802.5227;            0   
    2042;  1803.3980;            0   
    2043;  1804.2733;            0   
    2044;  1805.1485;            0   
    2045;  1806.0238;            0   
    2046;  1806.8991;            0   
    2047;  1807.7744;            0   
    2048;  1808.6496;            0   
ROI Nummer; Anfangskanal; Endkanal; Anfangsenergie keV ; Endenergie keV; Nettoimpulse; Bruttoimpulse; Untergrundimpulse
In den Daten wurden keine Linien gefunden
ROI Nummer; prozentualer Fehler der Lage; Lage keV; FWHM keV; FWTM keV; FWTM/FWHM Verhltnis; H/L Verhltnis
No Peak records found in data.
Name; Energie keV; Flags; Aktivitt uCi/Unit; Aktivittsfehler %; NWG uCi/Unit; MDA Error %
Es wurden keine Nuklidergebnisse gefunden.
Name; Erwartete Endergie keV; Gemessene Energie keV; Differenz von erwarteter keV; FWHM; Flags; Aktivitt uCi/Unit; Aktivittsfehler %
Es wurden keine Nuklidergebnisse gefunden.
